step,time,phase_name,qpos_pelvis_tx,qpos_pelvis_ty,qpos_pelvis_tilt,qpos_hip_flexion_r,qpos_knee_r_translation1,qpos_knee_r_translation2,qpos_knee_angle_r,qpos_ankle_angle_r,qpos_rect_fem_r_rect_fem_r-P3_x,qpos_rect_fem_r_rect_fem_r-P3_y,qpos_vasti_r_vas_int_r-P4_x,qpos_vasti_r_vas_int_r-P4_y,qpos_vasti_r_vas_int_r-P3_y,qpos_vasti_r_vas_int_r-P3_z,qpos_gastroc_r_med_gas_r-P2_x,qpos_gastroc_r_med_gas_r-P2_y,qpos_gastroc_r_med_gas_r-P2_z,qpos_hip_flexion_l,qpos_knee_l_translation1,qpos_knee_l_translation2,qpos_knee_angle_l,qpos_ankle_angle_l,qpos_rect_fem_l_rect_fem_l-P3_x,qpos_rect_fem_l_rect_fem_l-P3_y,qpos_vasti_l_vas_int_l-P4_x,qpos_vasti_l_vas_int_l-P4_y,qpos_vasti_l_vas_int_l-P3_y,qpos_vasti_l_vas_int_l-P3_z,qpos_gastroc_l_med_gas_l-P2_x,qpos_gastroc_l_med_gas_l-P2_y,qpos_gastroc_l_med_gas_l-P2_z,qpos_iliopsoas_r_psoas_r-P3_x,qpos_iliopsoas_r_psoas_r-P3_y,qpos_iliopsoas_r_psoas_r-P3_z,qpos_iliopsoas_l_psoas_l-P3_x,qpos_iliopsoas_l_psoas_l-P3_y,qpos_iliopsoas_l_psoas_l-P3_z,qvel_dof_0,qvel_dof_1,qvel_dof_2,qvel_dof_3,qvel_dof_4,qvel_dof_5,qvel_dof_6,qvel_dof_7,qvel_dof_8,qvel_dof_9,qvel_dof_10,qvel_dof_11,qvel_dof_12,qvel_dof_13,qvel_dof_14,qvel_dof_15,qvel_dof_16,qvel_dof_17,qvel_dof_18,qvel_dof_19,qvel_dof_20,qvel_dof_21,qvel_dof_22,qvel_dof_23,qvel_dof_24,qvel_dof_25,qvel_dof_26,qvel_dof_27,qvel_dof_28,qvel_dof_29,qvel_dof_30,qvel_dof_31,qvel_dof_32,qvel_dof_33,qvel_dof_34,qvel_dof_35,qvel_dof_36,com_x,com_y,com_z,cop_x,cop_y,cop_z,grf_x,grf_y,grf_z
0,0.005,Standing,-0.0043389024538703115,0.9486327356667364,-0.01173067155227659,0.04256442870171986,-0.003394931411220989,-0.3958572822937525,-0.05295608714439742,0.027985674204413946,0.060541531133206865,0.020637632899274488,0.05442349523198071,0.02501433890648313,-0.2275313581879033,0.026240879204103635,-0.02884742051133235,-0.4013104210109779,-0.025571087915385773,0.051426865422551364,-0.0033166763965421634,-0.39591418370013026,-0.07214617842596101,0.03975555393576338,0.059864691756138094,0.020818493843689556,0.0536855434183873,0.025104683366856912,-0.22902660266675762,-0.02606394624223401,-0.028744454908050478,-0.4012402127245907,0.02555339462924799,-0.010073394122063156,-0.042219297360513434,-0.040384508349413734,0.052989723453629706,-0.04104406815243209,-0.08052254933380827,-0.8677804907740623,-0.27345286665271157,-2.346134310455318,8.512885740343972,0.048813717755802205,-0.031456458750499364,-10.591217428879483,5.597134840882789,-0.4096937733586289,0.06352657985489721,-0.4093009536038585,0.05086778129662548,-0.826271637580662,-0.09782415917927338,0.06051589773352958,0.03791579780442223,0.009782416922845408,10.285373084510272,0.06446472069156726,-0.04283674002605618,-14.4292356851922,7.951110787152676,-0.5450616487723826,0.0996987687379108,-0.5568913163225406,0.06893667337138233,-1.1253205333515253,0.1332107515531974,0.08110901838990457,0.051957455081860185,-0.01332107415040168,-2.014678824412631,-2.6838594721026867,8.023098330117254,-5.722055309274059,-2.448813630486418,-0.004509866761654548,-0.09570044520114983,-0.00019313370727725945,0.9717573621916887,nan,nan,nan,nan,nan,nan
1,0.01,Standing,-0.011322772766358445,0.9462670267550607,-0.030298483466288488,0.11344458643111585,-0.0029437268910729136,-0.3960925544330345,-0.15131200872639372,0.14557192927347037,0.05682952425404991,0.021288150233611094,0.05060843785841677,0.025426681226341383,-0.2354371613547856,0.025305335899392854,-0.028311137998437687,-0.40094209747275517,-0.02547753357739807,0.13445723870580392,-0.002524898322774082,-0.3963705683241339,-0.1854233292875549,-0.04839012965865622,0.055397430747931006,0.021806557760504684,0.04905689234603063,0.02577044745129691,-0.23808222481457567,-0.024992409321625098,-0.026902755567388994,-0.4015043491198761,0.02500687290406754,-0.022297880378355183,-0.05877095839109701,0.009699876122994243,0.017582167109007077,-0.056069163606992406,-0.08049785189255386,-1.3967740624976268,-0.4731417823351417,-3.7135623828023796,14.1760315458792,0.09024090402961506,-0.047054427856396255,-19.671184316399263,23.517251013811286,-0.7424013758313899,0.1301034668673211,-0.7630114747127885,0.08246846397165075,-1.5811606333764576,-0.18710866094215606,0.10725650257893235,0.07366470764454511,0.018710867597540724,16.606074656650513,0.15835561475361631,-0.09127692480073317,-22.655430172318777,-17.62913671888392,-0.8934522016414181,0.19761278336302562,-0.9257302144713327,0.13315281688799976,-1.8111244295636095,0.21430738412178285,0.368339868132297,-0.05282727905707524,-0.10930434503609034,-2.4448972512584053,-3.3103322061167146,10.016876894481594,-7.081511268924526,-3.0050190909120635,0.004939488250882378,-0.09569319194937176,-0.00019424351964673062,0.9715787480999272,nan,nan,nan,nan,nan,nan
2,0.015,Standing,-0.01900713958891347,0.9430691933252018,-0.050594582454640324,0.19230889177146865,-0.002256785512484363,-0.3964885832945189,-0.26473576154239264,0.2579612979109943,0.052542941583751473,0.02214687721177408,0.04613011206285702,0.025924882359394576,-0.24480287708094545,0.024197552668359972,-0.02772366625070461,-0.40050037010219197,-0.025366755245823554,0.2262769960593611,-0.0017445133040987445,-0.3969104948101102,-0.3079058666138222,-0.06217744411523023,0.050796733205159345,0.02277025252297055,0.04422521731498812,0.026316973230193625,-0.24825212052498358,-0.023789577390393918,-0.02566053973279655,-0.40136462559560665,0.024668675996971225,-0.03154491502855387,-0.0717700260659629,0.05035211962701234,-0.010505976933840033,-0.06772978076111862,-0.08038750117260851,-1.5368733645110046,-0.6395666859717796,-4.059219797670368,15.772861068070563,0.13738827571771012,-0.07920577229689027,-22.684750563199778,22.477873727504782,-0.8573165340596882,0.1717453956325972,-0.8956651591119501,0.0996402266106387,-1.873143145231969,-0.2215566462065761,0.11749434954661533,0.0883454741126367,0.022155666314903576,18.363951470711438,0.15607700373506747,-0.10798529719525257,-24.49650746525346,-2.7574628913148036,-0.9201395085543325,0.19273895249317288,-0.9663350062085023,0.10930515577934291,-2.0339791420815803,0.24056638624623614,0.24844316691848917,0.027944704853893595,-0.06763938141926287,-1.8494069300397369,-2.59981353497318,8.130448700803619,-5.617628808569422,-2.332123430825241,0.022070143989070166,-0.09569473103198893,-0.00019560049956492747,0.9712799101602266,nan,nan,nan,nan,nan,nan
3,0.02,Standing,-0.024747642677166126,0.9400575769468348,-0.0659475953526019,0.25038975108485934,-0.0016393845827661314,-0.39681806197653113,-0.34990825540784026,0.34559445489781293,0.04920318781918941,0.02286678676226646,0.04191070997331263,0.028087076260967014,-0.2521778669434873,0.023244613753710303,-0.02732196373741656,-0.400146044317861,-0.025279337901236515,0.2922124612162123,-0.0011723134967465791,-0.39724275824274075,-0.3907806153468012,-0.05615569896818075,0.04756813993899402,0.02345052748675111,0.03937874419834297,0.029900075400564073,-0.2555507736663819,-0.02277875310551768,-0.024921930703460438,-0.4012140182978345,0.02441675042012655,-0.036552112685755554,-0.0794744259230043,0.07514951090023098,-0.02720282273646784,-0.07483214849530688,-0.0803601135703891,-1.148100617650531,-0.6023232756733918,-3.0706025795923155,11.616171862678142,0.12348018594364632,-0.06589573640244784,-17.034498773089524,17.52663139736373,-0.667950752912412,0.1439819100984759,-0.8438804179088784,0.43243878031448724,-1.4749979725083737,-0.19058778292993356,0.08034050265760992,0.07086515686619488,0.017483468917407416,13.187093031370242,0.11443996147043309,-0.06645268652610939,-16.574949746595806,1.2043490294098977,-0.6457186532330653,0.13605499275611221,-0.9692946233290312,0.7166204340740894,-1.459730628279663,0.20216485697524744,0.147721805867222,0.030121459554437895,-0.05038511536893528,-1.001439531440337,-1.5408799714082781,4.959478254643729,-3.339369160525561,-1.420473546837653,0.005477520443884224,-0.09562959074251641,-0.0001966730618844618,0.9708655207722704,nan,nan,nan,nan,nan,nan
4,0.025,Standing,-0.028802465616581945,0.937508025395217,-0.07681403812218221,0.2861306260707719,-0.0010671892148625705,-0.39710972350079005,-0.39598437117234664,0.18855451891634978,0.04699187938420365,0.023510387157789088,0.03793932007774506,0.031992887642331526,-0.25645276315946414,0.022579396687001766,-0.026734590125921467,-0.40024352729361784,-0.024978549964977385,0.3417562940354547,-0.0007404029104905204,-0.3975188183133031,-0.45726440665819357,0.041717521963417284,0.045214150536355274,0.023896242933064,0.03558905470962277,0.03271926267831465,-0.261595828706915,-0.02194253482427943,-0.02445089391517805,-0.4010292027815883,0.024179245639879703,-0.03886321691522563,-0.08374721613143724,0.08918985629815974,-0.036482287125566296,-0.07899513843476283,-0.08039701334521478,-0.810964587883164,-0.5099103103235385,-2.1732885539160627,7.148174997182509,0.11443907358071215,-0.05833230485178373,-9.215223152901274,-31.40798719629263,-0.4422616869971533,0.1287200791045261,-0.7942779791135138,0.7811622762729028,-0.8549792431953616,-0.13304341334170727,0.11747472229901856,-0.019496595151364607,0.06015758725182618,9.90876656384848,0.08638211725121175,-0.05521201411246759,-13.296758262278471,19.574644186319606,-0.47079788052774807,0.08914308926257802,-0.7579378977440392,0.5638374555501162,-1.2090110081066148,0.16724365624764992,0.09420735765647777,0.036963103249229946,-0.047500956049369415,-0.4622208458940148,-0.8545580416865887,2.8080690795857537,-1.8558928778196915,-0.8325979878911884,-0.00737995496513791,-0.0956495334880502,-0.00019724835902516408,0.9702342518631588,nan,nan,nan,nan,nan,nan
5,0.030000000000000002,Standing,-0.03175332168098484,0.9350640088281343,-0.08449648107813673,0.31352764889161844,-0.0006922458607084753,-0.3972958051155878,-0.4403628374216665,0.15669094076307755,0.045354374827472815,0.023863722853815786,0.03541577384000146,0.03380876391884039,-0.2605448647793275,0.022020342237494852,-0.026348503755680847,-0.40019612391524806,-0.024806095222884465,0.3794940210238753,-0.00029498780349093576,-0.39782759972407,-0.5069611820928629,0.08970743400911615,0.04347143183225476,0.024271151930335962,0.03247784639064805,0.035107659172424685,-0.2662069343235499,-0.021292493271609956,-0.024172262050934406,-0.4008569300972873,0.023838664053913446,-0.039569038342782456,-0.08592865480023733,0.09620012822285859,-0.04114726635468325,-0.08130181712182905,-0.0804663764293985,-0.5901712128805782,-0.48880331341654315,-1.5364885911909054,5.479404564169314,0.07498867083081905,-0.03721632295955454,-8.875693249863964,-6.372715630654447,-0.3275009113461665,0.07066713920533985,-0.504709247548719,0.36317525530177336,-0.8184203239726652,-0.11181088990138276,0.07721727404812392,0.00948067567395134,0.03449094841858383,7.547545397684122,0.08908302139991692,-0.06175628215338483,-9.93935508693386,9.597982409139775,-0.3485437408201024,0.07498179945439293,-0.622241663794944,0.47767929882200605,-0.9222211233269813,0.13000831053389467,0.05572637284872847,0.03445453686021158,-0.06811631719325155,-0.14116428551136512,-0.43628773376001845,1.4020543849397675,-0.9329958458233912,-0.4613357374132443,-0.01387261683674473,-0.09568817340731502,-0.00019746368115525366,0.9693007761941039,nan,nan,nan,nan,nan,nan
6,0.035,Standing,-0.0336304936836178,0.9328857163525733,-0.08910664699159787,0.3296051888045966,-0.0004202922027547206,-0.39742543879391873,-0.4738827881244309,0.15987133255349897,0.04422259353543049,0.024055172115863197,0.03338701494827932,0.0353580589224793,-0.26370073605773847,0.021576746412403796,-0.026078362017536896,-0.4001458568526523,-0.024672152589922197,0.40709682287641175,9.860660316967127e-05,-0.39812608309633113,-0.5418136126164397,0.09018569482350214,0.04226834215696993,0.02455650089110927,0.030252786724668655,0.036677945156822704,-0.26951975158702834,-0.020830294086207065,-0.024127908092380607,-0.4006480020350822,0.023528254216465455,-0.03935652529342725,-0.08685899628611284,0.09875691610124152,-0.0429620320434939,-0.08247536358649385,-0.08055862483784475,-0.37543440052659127,-0.4356584951121982,-0.9220331826922268,3.215507982595633,0.05439073159075093,-0.02592673566618269,-6.703990140552881,0.6360783580842844,-0.22635625840846513,0.038289852409482523,-0.4057517783444281,0.3098590007277811,-0.6311742556821942,-0.08871916501821137,0.05402834762879033,0.010053412519155149,0.02678852659245324,5.52056037050729,0.0787188813321214,-0.059696674452222584,-6.970486104715366,0.09565216287719736,-0.2406179350569669,0.05706979215466214,-0.4450119331958799,0.31405719687960365,-0.6625634526956821,0.09243983708057807,0.00887079171075953,0.041785612441014336,-0.06208196748959843,0.04250260987104151,-0.18606829717510137,0.5113575756765851,-0.36295313776212934,-0.23470929293296092,-0.01844968168925042,-0.09574809402679713,-0.0001974407472602314,0.9682284254359618,nan,nan,nan,nan,nan,nan
7,0.04,Standing,-0.03450171552139443,0.9309073893141676,-0.09085699271889984,0.3363139055268025,-0.00018187161680517468,-0.39758202362461476,-0.4985811853675956,0.1360756464044973,0.04338879829980522,0.024154847820859925,0.03188308103246013,0.036409234279914486,-0.26604646366848733,0.021249445901224972,-0.025866997035228156,-0.40012300632891573,-0.02453836803671362,0.42477082183848824,0.0003812850542167121,-0.39834967565601676,-0.5651793842969757,0.09278225045306868,0.04153444111846046,0.024717205620451696,0.028667831024625726,0.03773636639324146,-0.27180598647431975,-0.02050684313160686,-0.02424921715917959,-0.40041611870766647,0.023356016899192072,-0.0386581840565077,-0.08704213085984257,0.09869407324111744,-0.04310096406965715,-0.08296819614100594,-0.0806617914629307,-0.17424436755532555,-0.3956654076811372,-0.3500691454603948,1.3417433444411868,0.04768411718990919,-0.03131696613920854,-4.939679448632937,-4.759137229800336,-0.16675904712505407,0.01993514099934593,-0.3007867831638374,0.210235071487038,-0.46914552214976907,-0.06546010223576514,0.0422729964617478,0.004570104747309822,0.026756910641715783,3.5347997924153054,0.056535690209408164,-0.04471851193712505,-4.673154336107201,0.5193111259133075,-0.14678020770189432,0.032140945868484656,-0.31699114000858586,0.21168424728375068,-0.4572469774582854,0.06469019092004046,-0.0242618133597965,0.04637666548314461,-0.03444746345467685,0.13966824738390998,-0.036626914745945566,-0.012568572024815206,-0.02778640523264997,-0.09856651090241886,-0.02063332501719267,-0.0958048363521065,-0.00019725403886315833,0.9669890666864345,nan,nan,nan,nan,nan,nan
8,0.045,Standing,-0.03441550955995591,0.9289272604686629,-0.08992434851525791,0.33408450244176807,-5.7613791631041486e-05,-0.3976248875036607,-0.5201874327709657,0.23103628201977444,0.042839983741112815,0.02406540481933794,0.03082674808211099,0.03702440247863287,-0.2680914082864937,0.020970464180161786,-0.025718761747129525,-0.4000716607492773,-0.024441959932279825,0.4342966909509635,0.0005891456941885939,-0.39851249217750595,-0.5803263555339018,0.09081444235900914,0.04111754759030017,0.024792460546828782,0.027583847676041943,0.0383771463359239,-0.2733202664434728,-0.020290079580328774,-0.024455355420466722,-0.40018748449889335,0.02328800864468049,-0.03773426322542883,-0.0867858461538503,0.09742475864072364,-0.042320636743228585,-0.08306089716733288,-0.0807651424176551,0.0172411922877031,-0.3960257691009389,0.18652884072838616,-0.4458806170068894,0.024851565034826637,-0.00857277580919194,-4.321249480674011,18.992127123055432,-0.10976291173848135,-0.017888600304397116,-0.2112665900698284,0.12303363974367665,-0.40898892360127165,-0.0557963442126371,0.029647057619726226,0.01026911592768265,0.019281620886758888,1.9051738224950552,0.04157212799437636,-0.03256330429784379,-3.029394247385217,-0.3935616188119071,-0.08337870563205878,0.015050985275417098,-0.21679666971675685,0.12815598853648785,-0.30285599383060907,0.04335271025561771,-0.04122765225742672,0.04572684175462548,-0.013601650902316569,0.18478416621577393,0.05125694119845618,-0.253862920078759,0.1560654652857125,-0.018540205265388993,-0.02067019094487874,-0.09586992575548113,-0.0001969463234417564,0.9655071682554096,nan,nan,nan,nan,nan,nan
9,0.049999999999999996,Standing,-0.03370475336938205,0.9272331375382498,-0.08710164967906628,0.3252830614764855,0.00011095731156746748,-0.39780306466095927,-0.5309763305316864,0.18694522241018804,0.04238309175326481,0.024037265488551594,0.029941286225028528,0.03758435171318478,-0.26915072500789133,0.020814325913991315,-0.0256202644741961,-0.40007315847742364,-0.024330835089891773,0.4377240994360145,0.0007333963320973315,-0.3986202295250083,-0.5892175223550552,0.08745958294140477,0.04092716419964593,0.024803290859529578,0.026887155094463846,0.038708641408796804,-0.2742346156112974,-0.020156207713681398,-0.02467825109550899,-0.39999372908592973,0.02329368305956271,-0.0367360497137305,-0.0862943529444445,0.09569547081568318,-0.041085000548917026,-0.0829300321860192,-0.08086273344461704,0.14215123811477248,-0.338824586082631,0.5645397672383254,-1.760288193056513,0.033714220639701795,-0.03563543145971734,-2.1577795521441456,-8.818211921917278,-0.09137839756960124,-0.005627866157269137,-0.17709237141649187,0.11198984691038215,-0.21186334427952527,-0.031227653234093936,0.01969945458668486,-0.00029954562926625024,0.02222496847761014,0.6854816970101938,0.028850127581747514,-0.021547469500471768,-1.7782333642306818,-0.6709718835208742,-0.038076678130848376,0.002166062540159285,-0.13933851631561947,0.06629901457458087,-0.1828698335649266,0.026774373329475087,-0.04457913500845372,0.03875108259272688,0.001134882976444913,0.1996427023396667,0.09829864188115937,-0.3458575650080933,0.24712723886231217,0.026172996262735664,-0.01951820539238784,-0.09594713472317307,-0.00019656153619437727,0.9638143471351878,nan,nan,nan,nan,nan,nan
10,0.05499999999999999,Standing,-0.03232157487372585,0.9253519651309772,-0.08237633800629474,0.3100787572140748,0.00014686501699684668,-0.3977975757440925,-0.5422374121831698,0.307376153026786,0.042154540901065275,0.023812604159870805,0.029511840072467415,0.03767025544917017,-0.2702250179453859,0.02067162919124422,-0.025569548342582182,-0.4000256577469709,-0.024278612680255548,0.43665890838780896,0.0008482623687453704,-0.39869730487644217,-0.5964962369344209,0.09003479904544985,0.04084017998775236,0.02477426274861108,0.0264414419605284,0.03880379349450358,-0.27493285451072796,-0.02005788987830107,-0.024854347354562087,-0.3998441424708527,0.023335337022298456,-0.03576369732646066,-0.0857085759380789,0.09383037751453525,-0.0396760248368454,-0.08268702024179297,-0.08095188807253441,0.27663569913124014,-0.3762344814545173,0.9450623345543088,-3.040860852482136,0.007181541085875837,0.0010977833733480866,-2.25221633029669,24.086186123319596,-0.04571017043990672,-0.0449322657361575,-0.0858892305122227,0.017180747197079807,-0.214858587498915,-0.02853934454941921,0.010143226322783456,0.009500146090547433,0.010444481927245276,-0.21303820964110431,0.022973207329607778,-0.015415070286768598,-1.455742915873134,0.5150432208090177,-0.017396842378712526,-0.005805622183699203,-0.08914262678708945,0.019030417141355824,-0.13964777988610824,0.019663567076065692,-0.03521925181061927,0.029917323015407952,0.00833079254714892,0.19447047745396742,0.1171554012731188,-0.3730186602295855,0.28179514241432463,0.04860238884524557,-0.01783092558347374,-0.09603902428645189,-0.00019612621016875292,0.961918921159498,nan,nan,nan,nan,nan,nan
11,0.05999999999999999,Standing,-0.030671833256050357,0.9236640498465157,-0.0766770156641887,0.2923787742068299,0.0002806048710674591,-0.39796858757953174,-0.5482512921650174,0.2674723580166734,0.041848051457818655,0.02372846135620146,0.029049385388580328,0.03781788568843208,-0.2707695169823294,0.02059532833661962,-0.025459381975396492,-0.40007297657168367,-0.024124068112360543,0.4332768494465938,0.0009500777353479431,-0.3987590947109738,-0.6032152268933317,0.0956025569212124,0.04079756557605458,0.02472823209854434,0.026127419472894382,0.03877624263640717,-0.27552621247046594,-0.019977639381502994,-0.024963871501701304,-0.3997466755923111,0.023380490012828423,-0.03487283804803356,-0.08509986183886506,0.09198500168885196,-0.038254766791957974,-0.08239445961744506,-0.08103049198911699,0.3299483235350981,-0.33758305689228346,1.139864468421207,-3.539996601448983,0.02674797081412248,-0.03420236708783947,-1.2027759963695208,-7.98075900202252,-0.06129788864932423,-0.016828560733868955,-0.09249093677741738,0.029526047852380576,-0.10889980738869413,-0.015260170924919735,0.02203327343713802,-0.009463764942550855,0.030908913579000875,-0.676411788243034,0.02036307332051454,-0.012357966906330791,-1.343797991782161,1.113551575152511,-0.008522882339556224,-0.0092061300133485,-0.06280449752680356,-0.005510171619280978,-0.11867159194759838,0.016050099359615027,-0.021904829427843452,0.01949337570832733,0.009030598105993586,0.17817185568542024,0.12174281984276837,-0.36907516513665956,0.2842516089774856,0.058512124869583765,-0.01572078331651611,-0.09615748737340095,-0.00019564986443408404,0.9598461759860653,nan,nan,nan,nan,nan,nan
12,0.06499999999999999,Standing,-0.028669180028308986,0.9217961319500224,-0.06988339654596598,0.2708944371098589,0.00032027545672498543,-0.3980010956578522,-0.5542720483243204,0.33062214210180535,0.041672678663830884,0.02350801561600174,0.02886932188166079,0.03770087857686357,-0.2713077534673337,0.02052814143807171,-0.02540044581104907,-0.4000735246774681,-0.024037487572995703,0.4284132761933401,0.0010573124427321304,-0.39882434448644993,-0.6115849290284694,0.10607627401681154,0.04073876393637304,0.024681600781044352,0.025874584432339025,0.03865807668049234,-0.27621193888166345,-0.019891553962246206,-0.025001836203216398,-0.39968817787884586,0.023410729437650525,-0.034092774189036876,-0.0845160279928228,0.09025792698819082,-0.03691409819076331,-0.08209097509900362,-0.0810980365846561,0.40053064554827406,-0.37358357929866975,1.3587238236445447,-4.2968674193942,0.007934117131505266,-0.006501615664088321,-1.2041512318605996,12.629956817026386,-0.03507455879755436,-0.04408914803994424,-0.03601270138390771,-0.02340142231370162,-0.10764729700087015,-0.013437379709582203,0.011787232869484415,-0.00010962115689013875,0.01731610787296832,-0.9727146506507434,0.021446941476837462,-0.013049955095220013,-1.6739404270275318,2.0947434191198275,-0.011760327936307834,-0.00932626349999759,-0.05056700811107161,-0.02363319118296624,-0.1371452822395007,0.0172170838513578,-0.007592940303019021,0.011699542693042055,0.006047884964420677,0.15601277179933715,0.116766769208452,-0.34541494013222673,0.26813372023893267,0.06069690368828719,-0.013508919107822677,-0.09629954941318766,-0.00019514837046457316,0.9576241548274255,nan,nan,nan,nan,nan,nan
13,0.06999999999999999,Standing,-0.026679238216465073,0.9201303831623319,-0.06279034914098447,0.2507648702930566,0.0005088690853462173,-0.3982736277617795,-0.5604998577447143,0.16065383513153256,0.04119452215734882,0.023427324453588715,0.02850183686156693,0.03769401589356133,-0.27175789291181685,0.020475680480690175,-0.025238511239589707,-0.4001572833537751,-0.023833902697008743,0.4235701078799082,0.0011718185144062414,-0.39890149304536554,-0.6211085763735134,0.1169754503747604,0.04065275867477265,0.024645291754631787,0.02564784524341929,0.038489713628825015,-0.27697382305846097,-0.019800189291271125,-0.024991435255947988,-0.39965457254090253,0.023419550212566826,-0.03343204454886987,-0.08396368541388097,0.08869230916956117,-0.03569962998720573,-0.08179388185793914,-0.0811537296085744,0.3979883623687829,-0.3331497575381144,1.4186094809963012,-4.025913363360459,0.037718725724246366,-0.05450642078545769,-1.2455618840787903,-33.993661394054556,-0.09563130129641277,-0.01613823248260512,-0.07349700401877178,-0.001372536660447711,-0.09002788889662636,-0.010492191476306832,0.03238691429187245,-0.016751735261403083,0.04071697519739221,-0.9686336626863762,0.022901214334822183,-0.015429711783117516,-1.904729469008795,2.1798352715897718,-0.017201052320076966,-0.0072618052825130265,-0.04534783778394693,-0.03367261033346516,-0.15237683535950725,0.018272934195016296,0.00208018945368193,0.006721067588668738,0.001764154983260503,0.13214592803340125,0.11046851578836825,-0.31312356372593103,0.2428936407115148,0.059418648212895844,-0.011138604783658997,-0.09646395224580519,-0.00019462197133706275,0.9552712479920694,nan,nan,nan,nan,nan,nan
14,0.075,Standing,-0.024454374066264276,0.9181455637245812,-0.05494679430292797,0.2273008634859766,0.0005122060025364182,-0.39828250062265097,-0.5668020200127296,0.16331429312174167,0.040898287500756345,0.02306925595063128,0.02847559791200163,0.0374233731476993,-0.27229100575300796,0.02041755219979056,-0.0251990595424668,-0.4001353402237609,-0.023786097493712074,0.41870439341691346,0.0013024864691336955,-0.3990026280598052,-0.6333947792256923,0.13093967688229277,0.040507926456080014,0.02462460020280355,0.02540998060606761,0.038278449173045306,-0.27795137828190125,-0.01968693724467941,-0.024951576534843388,-0.3996182452630724,0.023411152984418506,-0.03288117095191365,-0.08346382877163076,0.08732752475371264,-0.03462975853676763,-0.08151544297356941,-0.08119864691716829,0.444972830040159,-0.39696388755013284,1.5687109676113011,-4.692801361415998,0.0006673834380401811,-0.0017745721742997295,-1.2604324536030553,0.5320915980418235,-0.05924693131849424,-0.07161370059148722,-0.005247789913060477,-0.054128549172406955,-0.10662256823821835,-0.011625656179922573,0.007890339424581186,0.004388626002841543,0.00956104065933389,-0.9731428925989385,0.026133590945490826,-0.02022700288792934,-2.4572405704357974,2.792845301506474,-0.028966443738528157,-0.004138310365646901,-0.047572927470335556,-0.04225289115594188,-0.19551104468805233,0.022650409318342564,0.007971744220919733,0.007265455566034379,-0.0016794456296638227,0.11017471939124251,0.09997132845004128,-0.27295688316970584,0.21397429008762053,0.05568777687394561,-0.00898346171877909,-0.09666969298440561,-0.000194081116021993,0.9528069588578795,nan,nan,nan,nan,nan,nan
15,0.08,Standing,-0.02222235664982605,0.9161089032845614,-0.046855366610164824,0.20366845662369787,0.000496856173913155,-0.3982543211136049,-0.5698547116088308,0.20175286290580888,0.04059083972752932,0.022645429010467517,0.028557585676258476,0.03710764255168065,-0.27256634067095586,0.020392717445618453,-0.025189475780341614,-0.40011333033272356,-0.02375003283715362,0.41465540590714717,0.0014482243087299074,-0.39913323736549033,-0.6479646687159428,0.14519600856051026,0.04030498555246103,0.02462261781987911,0.025145600330032308,0.038043140710671296,-0.27912044496851174,-0.01955381568638826,-0.024907222938591187,-0.39956297209405156,0.0233915300276381,-0.03242794859880688,-0.08301073749913217,0.08616332503208725,-0.03370438612290892,-0.08125831836543318,-0.08123338715428073,0.4464034832876456,-0.40733208800396103,1.6182855385526291,-4.726481372455748,-0.003069965724652649,0.005635901809207724,-0.6105383192202467,7.687713956813441,-0.06148955464540459,-0.08476538803275219,0.01639755285136917,-0.06314611920373073,-0.05506698358958286,-0.004966950834421718,0.001916752425037041,0.004401978207473147,0.007212931311690563,-0.8097975019532577,0.029147567919242407,-0.026121861137025557,-2.913977898050101,2.8512663356434973,-0.04058818072379734,-0.0003964765848887327,-0.052876055207060624,-0.04706169247480244,-0.2338133373220981,0.026624311658229767,0.00887071925044037,0.011054633804166962,-0.003924591356081335,0.09064447062135467,0.09061825449971897,-0.23283994432507757,0.18507448277174104,0.051424921627246836,-0.006948047422490293,-0.09686709257831144,-0.00019351632888011365,0.9502174864416814,nan,nan,nan,nan,nan,nan
16,0.085,Standing,-0.02002254556670121,0.914124962058955,-0.0385850119349788,0.18026684832654138,0.0004597617869969314,-0.39819463860075494,-0.5660395172491723,0.23935705294127255,0.04035006341028007,0.022218453189013963,0.0287985583943003,0.03675987846437641,-0.272280385432543,0.020437970692326186,-0.02521523453346847,-0.4001176568420614,-0.02371977476111255,0.41148775190666864,0.0016058599255677018,-0.3992940260837664,-0.6644871091190698,0.1587741451049358,0.04005042417817107,0.02463828634488729,0.02485476937036784,0.037787823754476424,-0.2804617365254922,-0.019402812690946826,-0.024875714272962132,-0.39947761180229147,0.023369608307640684,-0.032054276252740536,-0.08260357658093999,0.0851924200079422,-0.0329140898291156,-0.08102455040392535,-0.0812594790767256,0.43996221662496826,-0.39678824512127653,1.654070935037205,-4.680321659431296,-0.007418877383244725,0.011936502570002578,0.763038871931704,7.520838007092734,-0.04815526344984936,-0.08539516429071095,0.04819454360836449,-0.06955281746084882,0.057191047682572264,0.009050649341546854,-0.005151750625371507,-0.0008653018675684821,0.00605161520821442,-0.6335308000957056,0.03152712336755887,-0.03215774365521174,-3.3044880806253962,2.7156273088851024,-0.050912274857992684,0.0031337050016367967,-0.058166191932893706,-0.05106339123897502,-0.2682583113961023,0.03020059908828707,0.006301733125811251,0.017072058352024404,-0.00438434399948327,0.0747344692132681,0.08143218363843668,-0.19418100482901002,0.15805925875866436,0.046753592301564895,-0.005218384488972103,-0.09698118808185795,-0.00019295562987971878,0.9476143963896454,nan,nan,nan,nan,nan,nan
17,0.09000000000000001,Standing,-0.01785388336248083,0.9121471691341587,-0.030128406149916263,0.1574239732078209,0.000410564446352904,-0.398127751598938,-0.559037581135936,0.2739925945833157,0.04015574385340437,0.02180535206008788,0.029175168348188806,0.036348016795615154,-0.2717046039083697,0.020522639170329794,-0.02525766206922837,-0.4001344248113511,-0.023708000533762624,0.4093178730598521,0.0017762351934357131,-0.3994874385052419,-0.6831626973309798,0.1717226077746272,0.03974451726372292,0.024669671949028266,0.024533661710448386,0.03751386106356207,-0.28199324080088944,-0.019231499539495073,-0.02486047966052594,-0.399357167429914,0.023351439625121505,-0.03174496124198712,-0.08224075184629927,0.08439703870657521,-0.0322459698416846,-0.08081424473936198,-0.0812784023595805,0.433732440844076,-0.39555858495924856,1.6913211570125064,-4.568575023744097,-0.009839468128805479,0.01337740036339084,1.4003872226472511,6.927108328408636,-0.0388639113751412,-0.0826202257852167,0.07532199077770158,-0.08237233375225086,0.11515630483466643,0.016933695600721617,-0.008485507151979804,-0.0033535938579390017,0.0023548454699849623,-0.43397576936330595,0.03407505357360226,-0.03868248429509147,-3.7351176423819874,2.589692533938281,-0.06118138288962965,0.006277120828195301,-0.06422153198389043,-0.05479253818287094,-0.30630085507944305,0.0342626302903505,0.0030469224872380304,0.02408887447549075,-0.0036337365038358197,0.061863002150683834,0.0725649469281431,-0.15907626027339558,0.13362399748620019,0.042061132912675485,-0.0037846565709819787,-0.09697446211319478,-0.00019240788055606019,0.9450354912617304,nan,nan,nan,nan,nan,nan
18,0.09500000000000001,Standing,-0.015718503108013353,0.910158472197258,-0.0214853591481885,0.13549000726252114,0.0003511340000666721,-0.3980569994768306,-0.5503503935683854,0.3067439674606698,0.04001499053617176,0.021414610563473244,0.02965003763942884,0.035892955688858606,-0.2709624861457363,0.020630603252762503,-0.025308187010440616,-0.4001584832297755,-0.023717786575634624,0.408210877067225,0.001959330347257076,-0.399715561239518,-0.7040697780984949,0.1839425904353944,0.03938979746485557,0.0247144265486922,0.024180613010730864,0.03722335094740425,-0.28372273867178815,-0.019038635934478236,-0.024858901324506293,-0.3992029542250852,0.023339479937057435,-0.03148636976705841,-0.08191975628294476,0.08375452300865838,-0.031684539492998494,-0.08062628153031497,-0.08129156307714684,0.42707605089349526,-0.3977393873801415,1.7286094003455528,-4.386793189059949,-0.011886089257246383,0.014150424421480437,1.7374375135101219,6.550274575470819,-0.0281506634465211,-0.07814829932292693,0.09497385824800722,-0.0910122213513097,0.14842355252667544,0.02159281648654187,-0.010104988242449587,-0.004811683684880007,-0.001957208374399781,-0.2213991985254324,0.036619030764272566,-0.04562454685523153,-4.181416153503017,2.443996532153444,-0.07094395977346993,0.00895091993278704,-0.0706097399435046,-0.05810202323156381,-0.3458995741797402,0.03857272100336719,0.0003156672039297654,0.03084264096575994,-0.0023919376128141564,0.05171829498574243,0.06419911267090041,-0.12850313958336756,0.11228606973722208,0.037592641809404075,-0.002632143513268466,-0.09688499540178759,-0.00019186547297574147,0.9424509799820475,nan,nan,nan,nan,nan,nan
19,0.10000000000000002,Standing,-0.013617370669370236,0.9081332529852744,-0.012658552413746084,0.11462081992752961,0.000290297475851848,-0.39799552759368056,-0.5417559784763489,0.3370903910480638,0.03989874295467449,0.021044171801119838,0.03016805857497476,0.035419604512486075,-0.270201956062402,0.020742873594119145,-0.0253565467478292,-0.4001838329879589,-0.023745256902283192,0.4082185781740837,0.0021549999914280225,-0.39998003509957747,-0.7272697352677868,0.19538527161454677,0.038989680757460676,0.02476993545307955,0.02378950954381981,0.03692391020301813,-0.28565576263612297,-0.0188229228573831,-0.024864894021788014,-0.39901917064112197,0.02333355003174496,-0.0312673970694467,-0.08163793955268976,0.08324125972786374,-0.03121435494124664,-0.08045883795811017,-0.0813001738357684,0.42022648772862353,-0.40504384239671964,1.765361346888483,-4.173837466998306,-0.012167304842964818,0.012294376630001743,1.7188830184072987,6.069284717478805,-0.02324951629945321,-0.07408775247068167,0.10360418710918404,-0.09467023527450667,0.15210601666686438,0.022454068271328464,-0.009671947477716448,-0.005069951636687383,-0.005494065329713424,0.001540221371741174,0.03913392883418928,-0.052894772011891335,-4.639991433858379,2.288536235830473,-0.08002334147897881,0.011101780877470095,-0.07822069338221115,-0.05988814887722359,-0.3866047928669578,0.043142615419027266,-0.0011985394563445567,0.03675671679265091,-0.0011859810624953468,0.04379453952234183,0.05636334605099928,-0.10265265615892834,0.09403691035037068,0.03348871444095891,-0.0017221517243133793,-0.0967139643103699,-0.00019132575466448615,0.9398533697496892,nan,nan,nan,nan,nan,nan
20,0.10500000000000002,Standing,-0.011550296175945456,0.9060506456352316,-0.003650929455210965,0.09489797248818861,0.00023417562494862476,-0.3979505254381916,-0.5343077004304733,0.36536131732000626,0.03978729906356286,0.020694182500526164,0.030684311759724286,0.03495086733401701,-0.26951831114390484,0.020846786045021933,-0.025398221885159368,-0.4002056478170396,-0.023785247451904627,0.40933888528608275,0.0023621917497284434,-0.40028121611684553,-0.7527220425353974,0.20599286372163642,0.03854967996669014,0.024833358552182286,0.023346430491498663,0.036631855442693165,-0.2877892209943712,-0.018583566371909433,-0.024872316362713913,-0.3988108641494188,0.02333209757694154,-0.03107930216174613,-0.08139230719411472,0.08283479848812779,-0.030820930068282022,-0.08030983954537921,-0.08130526406529263,0.413414898684956,-0.4165214700085418,1.801524591707024,-3.9445694878681983,-0.011224370180644648,0.00900043109779066,1.4896556091751287,5.6541852543884845,-0.022288778222325792,-0.06999786011873473,0.10325063694990527,-0.09374743569381293,0.13672898369943548,0.020782490180557507,-0.00833502746603367,-0.004362965816145486,-0.007998109924287398,0.22406142239981652,0.04143835166008421,-0.06023620345360701,-5.090461453522112,2.121518421417931,-0.08800015815410739,0.012684619820547333,-0.08861581046422945,-0.0584109520649925,-0.4266916716496538,0.04787129709473373,-0.0014844681851796666,0.04166129834063697,-0.0002904909606838668,0.03761898154011441,0.049126471715006725,-0.08129224794719021,0.07868497459292362,0.029799682546191218,-0.001018045904845709,-0.09647902882083892,-0.00019078432062193912,0.9372264579242793,nan,nan,nan,nan,nan,nan
21,0.11000000000000003,Standing,-0.009515407148047047,0.9038954443357032,0.005537242565879201,0.07636037305092505,0.0001874127441459522,-0.39792595318397744,-0.5286305430629714,0.39207365808240546,0.03966741704034494,0.02036849956766898,0.031165846003277133,0.03450191557994891,-0.2689725498396652,0.02093416894245078,-0.025431889051655984,-0.40022004656021076,-0.0238328002224679,0.41151099397120966,0.002578971363390056,-0.4006181771217807,-0.7802859596928009,0.21569418393466,0.03807723814402126,0.02490175048516363,0.02283313520485988,0.03636720999907812,-0.2901114398804337,-0.01832053841055146,-0.02487642126309635,-0.39858262798998473,0.02333325623675286,-0.030915685516610864,-0.08117951056111909,0.08251496595200156,-0.030491385664869308,-0.0801772249436252,-0.0813076854078681,0.4069778055796817,-0.4310402599056718,1.837634404218033,-3.707519887452713,-0.009352576160534514,0.004914450842826042,1.1354314735003679,5.342468152479845,-0.023976404643584883,-0.06513658657143716,0.09630684871056902,-0.08979035081362012,0.10915226084792798,0.017476579485769157,-0.006733433299322977,-0.0028797486342368433,-0.009510554112654382,0.4344217370253808,0.04335592273232258,-0.06739220098703738,-5.512783431480696,1.940264042604719,-0.09448836453377685,0.013678386596268804,-0.10265905732775679,-0.052929088723008264,-0.4644437772124941,0.05260559227159418,-0.0008209800764870374,0.0456472318868146,0.00023173196226390711,0.032723329027053216,0.04255932659912643,-0.06396650722524598,0.06590888068254273,0.0265229203508024,-0.0004842685150942451,-0.0961905774766308,-0.0001902371924488991,0.9345551465594291,nan,nan,nan,nan,nan,nan
22,0.11500000000000003,Standing,-0.007495463385456987,0.9016689929198001,0.01494089363973083,0.05891198973559113,0.00015287516199335446,-0.397922960047912,-0.524980987117577,0.4176576247649135,0.03953525772042521,0.020076417830160398,0.03159219263811394,0.034081047462151286,-0.2685944131970487,0.02100092230711732,-0.02545839175256831,-0.4002244808970516,-0.02388396333116717,0.41429370613165306,0.002798453782468904,-0.40097844083959905,-0.8091565435698929,0.22450304987445602,0.03758974459372953,0.02497129779236028,0.022140268696702638,0.03622863397649524,-0.29255696260958575,-0.018035204142217303,-0.024877353936971207,-0.3983403126468841,0.023336021835030304,-0.03077182019455572,-0.08099609424775792,0.08226445755415879,-0.030214819439347923,-0.08006035002503595,-0.0813084433641256,0.403988752518012,-0.4452902831806357,1.8807302147703258,-3.4896766630667853,-0.0069075164305195495,0.0005986272130918185,0.7299111890788837,5.116793336501614,-0.026431863983945543,-0.05841634750171638,0.08526932696736118,-0.08417362355952472,0.07562732852330303,0.01335067293330816,-0.005300540182465455,-0.0008868673681614509,-0.010232621739854474,0.5565424320886779,0.0438964838157696,-0.07205274356366258,-5.774116775418391,1.761773187959202,-0.0974987100583459,0.013909461439330702,-0.13857330163144876,-0.027715204516576268,-0.4891045458304108,0.05706685366683149,-0.00018653477497117493,0.048463068620134254,0.0005531196554887728,0.02877306441102893,0.03668326267223566,-0.05010167956855254,0.055313245104276904,0.023374983717849084,-0.00015159125149739075,-0.0958550502355224,-0.0001896810319735675,0.9318266899133528,nan,nan,nan,nan,nan,nan
23,0.12000000000000004,Standing,-0.005471744751794209,0.8993781837258454,0.02459912607432346,0.04241947214128074,0.00013243335011396353,-0.39794150142107454,-0.5234525984588314,0.44248472103603576,0.03938977936028909,0.0198277420135669,0.0319511552942603,0.033691498690118296,-0.26839782764261627,0.021045099145822817,-0.025478970439093647,-0.40021741136130207,-0.02393585726504866,0.4172023766267275,0.0030139046774892682,-0.40134935866015375,-0.8384979278109741,0.23250370918100055,0.0371047089500704,0.025038591946653293,0.0211904600967935,0.036275646763515294,-0.2950553283581797,-0.017731546803382476,-0.02487571885925225,-0.39808967134809764,0.023339571839947615,-0.030644415669560904,-0.08083856870112081,0.08206883626709272,-0.029982353334481685,-0.07995886857918516,-0.08130839769361492,0.40474372673255543,-0.4581618387909227,1.9316464869185261,-3.298503518862078,-0.004088362375878183,-0.0037082746325072377,0.30567773174911156,4.965419254224444,-0.029095672027224472,-0.0497351633186998,0.0717925312292707,-0.0779097544065985,0.03931711088647901,0.008835367741099462,-0.004115737305067207,0.001413907149908435,-0.010378786776297819,0.5817340990148872,0.043090179004072776,-0.07418356411093781,-5.868276848216258,1.6001318613089073,-0.0970071287318276,0.013458830858602184,-0.1899617199818275,0.009402557404010449,-0.4996731497187942,0.060731467766965565,0.0003270155437913574,0.05012825975728643,0.000710000983462451,0.02548090499896295,0.03150510932742179,-0.03912425741321549,0.04649322097324782,0.02029628917015698,9.134102136690785e-06,-0.09548007879895526,-0.00018911328933679094,0.9290314792220267,nan,nan,nan,nan,nan,nan
24,0.12500000000000003,Standing,-0.003455917763468583,0.8970868740787092,0.03450576423720935,0.028443819315188246,0.00015440221404327756,-0.39800649162586177,-0.527591148123934,0.4663485049205108,0.03915076860811398,0.01964156507288379,0.032155748950640745,0.03333914469814437,-0.26866220958903214,0.021033505820167386,-0.025475346807419853,-0.40018532068050705,-0.023983287457104804,0.4199392624220894,0.003221148954679286,-0.40172418864653053,-0.8676857015740663,0.23946605030658336,0.03663507983212576,0.025101433623538335,0.020010347438985315,0.03647814089830901,-0.2975518486567939,-0.017416945217163794,-0.024870591353340743,-0.3978358447015112,0.0233431177101074,-0.030531769235638353,-0.08070294649472234,0.08191613650168157,-0.029787398124088732,-0.07987202111803936,-0.08130808845071916,0.4031653976651252,-0.45826192942723004,1.9813276325771785,-2.795130565218498,0.0043937727858628026,-0.012998040957445025,-0.827709933020532,4.772756776895007,-0.04780215043502278,-0.037235388136622034,0.04091873127608947,-0.07047079839478582,-0.05287638928317374,-0.002318665131086051,0.000724726334758969,0.006418136159001343,-0.009486038411228465,0.5473771590723866,0.041448855438003585,-0.07496599727535797,-5.8375547526184555,1.3924682251165637,-0.09392582358892845,0.012568335377008282,-0.2360225315616372,0.04049882695874363,-0.49930405972283515,0.06292031724373626,0.001025501182301494,0.05076532931729761,0.0007091740319572799,0.022529286784510428,0.02712444127969498,-0.030539953082229447,0.03899104207859071,0.017369492229159275,6.184857915296309e-05,-0.0950736069962241,-0.0001885319595982291,0.9261623497684923,nan,nan,nan,nan,nan,nan
25,0.13000000000000003,Standing,-0.00145117493411711,0.8948013718832879,0.04465782467796647,0.01717418083475363,0.00022247864365212955,-0.3981237369164656,-0.5375848060711311,0.48831593998759354,0.03881350841522502,0.01953844930095517,0.032181612806053375,0.03303380854644457,-0.2694183490213489,0.02096199361492847,-0.025449791666750418,-0.40012519952452047,-0.024025296915081738,0.4226781370046439,0.0034225808809506065,-0.40211376257524467,-0.8971340826150411,0.2452675934769353,0.036179270286107124,0.02515904970605285,0.01879164298345063,0.03668569724446858,-0.3000747497507339,-0.01709706079930993,-0.024856001958399255,-0.3975807711199716,0.023345549291370008,-0.03043107739030826,-0.08058700449540841,0.08179730275170481,-0.029623541251323507,-0.07979723712458515,-0.08130751141079567,0.4009485658702946,-0.4571004390842694,2.0304120881514245,-2.2539276960869232,0.013615285921770403,-0.023449058120763318,-1.9987315894394135,4.393487013416551,-0.06745203857779267,-0.02062315438572353,0.005172771082526367,-0.061067230339959686,-0.15122788646335492,-0.01430244104778307,0.005111028133886996,0.012024231197317974,-0.00840189159538656,0.5477749165108997,0.040286385254264055,-0.07791478574282219,-5.889676208194961,1.1603086340703916,-0.09116190920372677,0.011523216502903087,-0.2437408911069367,0.041511269231914505,-0.5045802187879996,0.06397688357077219,0.0029178789882977514,0.051014716307914015,0.0004863162525214057,0.020138369066018638,0.023188399862785605,-0.02376674999535084,0.03277137455304491,0.014956798690840057,0.0001154079846964019,-0.09460887345598477,-0.00018795007051353418,0.9232900795256233,nan,nan,nan,nan,nan,nan
26,0.13500000000000004,Standing,0.0005500281396227024,0.8925203114425622,0.05507292559266701,0.008586565311654906,0.0003360871199435745,-0.39829489674010476,-0.5532873887625217,0.5084606127016184,0.038378106354484895,0.01952723858688764,0.032025886295472365,0.03277382612448459,-0.27066532048433833,0.0208306447326039,-0.025405828841586493,-0.4000356788931001,-0.02406181318645478,0.42535135779864736,0.003617426233517903,-0.4025205851272607,-0.9268732818898096,0.25057855366015097,0.03573919167861323,0.02521013703904341,0.017638251754480385,0.0368239702596375,-0.3026255980510842,-0.01677627899134564,-0.024829644608995127,-0.3973265557074094,0.02334690566469459,-0.030339860900106555,-0.08048897558449696,0.08170523516089837,-0.029485405218159347,-0.07973304133010253,-0.08130684802970002,0.40024061474796246,-0.4562120881451503,2.0830201829401074,-1.7175231046197452,0.02272169525828899,-0.034231964727840576,-3.140516538278119,4.028934542804967,-0.08708041214802435,-0.00224214281350546,-0.031145302116201798,-0.05199648439199527,-0.2493942925978804,-0.026269776464914293,0.008792565032785297,0.01790412628406961,-0.007303254274608243,0.5346441588006942,0.03896907051345931,-0.08136451040320343,-5.947839854953679,1.062192036643139,-0.08801572149877797,0.010217466598112249,-0.23067824579404933,0.027654603033782983,-0.5101696600700586,0.06415636159285834,0.00527146988082538,0.05084308251244478,0.00027127466491625753,0.018243298040341003,0.019605782182292544,-0.01841351816128876,0.027627206632831768,0.012839158896524367,0.00013267621913124123,-0.094074107327568,-0.00018736879432026352,0.9204230834603992,nan,nan,nan,nan,nan,nan
27,0.14000000000000004,Standing,0.0025564941500285944,0.8902155724791029,0.06576253580408466,0.001977412940390906,0.00048476004771387646,-0.39851320911336463,-0.5733185399312054,0.5267262822762848,0.03787307406729095,0.019607473575993288,0.03172188569023315,0.032550828493988944,-0.2723010406213025,0.020651752909734488,-0.025352176537690296,-0.3999209206389944,-0.0240939284629651,0.42811691072276287,0.003807412612137884,-0.40295018556116513,-0.9572531531428983,0.2550747607539444,0.03531095334417268,0.02525482111755145,0.01660088120836123,0.0368599849846019,-0.3052307796781813,-0.016453891111696865,-0.02478939146079273,-0.3970722024814836,0.023346662744306426,-0.03025595640989765,-0.08040736366618802,0.0816343773877176,-0.029368244059180145,-0.07967723123292027,-0.08130601267270401,0.40129320208117836,-0.4609477926918596,2.1379220422835292,-1.3218304742528,0.02973458555406039,-0.04366247465197734,-4.006230233736749,3.6531339149333033,-0.10100645743878926,0.01604699782112942,-0.060800121047843506,-0.04459952609912855,-0.3271440273928331,-0.03577836457388271,0.01073046077923987,0.022951650821136628,-0.00642305530206383,0.5531105848231032,0.03799727572399615,-0.08592008678089368,-6.075974250617749,0.8992414187586861,-0.08564766688810942,0.008936815701607776,-0.20747410922383153,0.007202944992879684,-0.5210363254194214,0.06447757592975453,0.008050629640478977,0.0508706451851526,-4.858407763234338e-05,0.01678089804178086,0.01632238366178789,-0.014171554636152432,0.023432231795840145,0.011162019436452172,0.00016707139920250555,-0.09346378873893324,-0.00018678702376867764,0.9175575286896566,nan,nan,nan,nan,nan,nan
28,0.14500000000000005,Standing,0.004579543063826977,0.8878548460980914,0.07674003458022617,-0.0034864845510710063,0.0006554239810835288,-0.3987669972572202,-0.5960960673294474,0.544026602132212,0.037327978546322825,0.019766141613055194,0.031315876706058544,0.032353060467089384,-0.27419967157180036,0.0204405379802473,-0.025296575922941312,-0.399787222213954,-0.024122812157285622,0.4310683551536074,0.003992599506077591,-0.4034052880002696,-0.9884861351076338,0.25862223223466113,0.03489202913446963,0.025292889721150236,0.015685950268992617,0.03679309295021005,-0.3079075470799573,-0.01612830167566699,-0.024734425940510233,-0.3968166482765502,0.023345332976386152,-0.0301780961936863,-0.0803403877260894,0.08158021572750898,-0.029268132959763136,-0.0796280292851235,-0.081304953564073,0.4046097827596764,-0.47214527620228813,2.1954997552283038,-1.0927794982923824,0.034132786673930465,-0.05075762877111595,-4.555505479648394,3.4600639711854297,-0.10901910419362444,0.031733607412380974,-0.08120179683492097,-0.03955360537991182,-0.3797261900995717,-0.0422429858974372,0.011120122949796406,0.026739685008084994,-0.005776738864104271,0.5902888861689136,0.03703737878794132,-0.0910204878208926,-6.246596392947115,0.7094942961433435,-0.08378484194061109,0.0076137207197568375,-0.1829861878737224,-0.0133784068783694,-0.5353534803552085,0.06511788720597501,0.010993104056499588,0.051110840986680874,-0.0002659535840546236,0.015572043242269764,0.01339518801972529,-0.010832332041723444,0.020022219883401783,0.009840389559354179,0.00021182172620389617,-0.09278781015782013,-0.00018619882950182324,0.9146634721799636,nan,nan,nan,nan,nan,nan
29,0.15000000000000005,Standing,0.006630134751034564,0.8854138054558307,0.08802068036671035,-0.00848932285063463,0.0008386156536710514,-0.3990466636516143,-0.6204973397980633,0.5609337551603885,0.03676147538766339,0.01998698233574915,0.03084660907402048,0.03217075350064461,-0.2762650549760422,0.02020868199732753,-0.025242520363693444,-0.39964044165875,-0.024148906764678325,0.43425672902784707,0.004172140709234064,-0.40388736211788717,-1.0206868554487136,0.2611025891808892,0.03448085515329213,0.025324039189393858,0.014886688665478123,0.03663263418839211,-0.31066605362906236,-0.015798182895071296,-0.02466474392730776,-0.3965586767265013,0.02334369141877717,-0.030105908250545748,-0.08028598292681464,0.08153904480228726,-0.029181981868207186,-0.07958401669784719,-0.08130363661173841,0.4101183374415175,-0.4882081284521324,2.256129157296834,-1.0005676599127247,0.036638334517504534,-0.05593327887881762,-4.88025449372318,3.3814306056353023,-0.11330063173188672,0.044168144538791566,-0.09385352640761228,-0.03646139328895483,-0.41307668084836435,-0.046371196583954874,0.010811111849573417,0.029356111040804427,-0.005218921478540746,0.6376747748479261,0.03590824063129466,-0.09641482352351696,-6.440144068215966,0.4960713892456068,-0.08223479623549987,0.006229893648724122,-0.1598523207028987,-0.03209175236358764,-0.5517013098210117,0.06602375611913867,0.013936402640494071,0.0515943100097815,-0.00032831152179681953,0.014437588628110946,0.010880959854951563,-0.00823418504434467,0.01723021831118978,0.00880251745526206,0.0002633904669172941,-0.09206067499164984,-0.00018559742373006549,0.9117059472598237,nan,nan,nan,nan,nan,nan
30,0.15500000000000005,Standing,0.00871835571433141,0.8828806846555215,0.09962152022825928,-0.013477243411587812,0.0010295227158035657,-0.3993468209068828,-0.6459922689300313,0.5776013889306086,0.036180173609933766,0.020254837667314212,0.030338597405158797,0.03199823941953387,-0.2784453692388338,0.01996250102596723,-0.02518967350069381,-0.3994846921962325,-0.024172125904768704,0.4376441936924004,0.004342618349988876,-0.40439455854378376,-1.0537749159262126,0.262397212563622,0.03407776334788087,0.025347921727258502,0.01416884273711328,0.03640252687470583,-0.3135009387861814,-0.015462848020045885,-0.02458126144150622,-0.39629780588769586,0.023342526898509564,-0.03003951681236016,-0.08024199243674203,0.0815078535494727,-0.029107419571289407,-0.07954431064870396,-0.0813020998431131,0.41764419265936953,-0.5066241600618441,2.320167972309785,-0.9975841121906368,0.03818141242650284,-0.06003145105369492,-5.098985826393595,3.333526754044031,-0.11626035554592463,0.05357106631301194,-0.10160233377233706,-0.03450281622214884,-0.4360628525583193,-0.04923619427205998,0.010569372599927086,0.031149892503503515,-0.004643828018075841,0.6774929329106647,0.034095528150962395,-0.10143928517931673,-6.6176120954998225,0.25892467654656226,-0.08061836108225207,0.0047765075729289865,-0.1435691856729686,-0.04602146273725591,-0.5669770314238091,0.06706697500508237,0.016696497160307845,0.05217416776109313,-0.0002329040535207676,0.013278287637117754,0.008798098014523179,-0.006238250562913029,0.014912459383555846,0.007941209828645745,0.0003073537250617942,-0.0912961581838094,-0.0001849775885249686,0.9086579791977538,nan,nan,nan,nan,nan,nan
31,0.16000000000000006,Standing,0.010860669147321679,0.8802571071046841,0.11157590986737426,-0.018922232470110493,0.0012221537239831552,-0.3996595362982637,-0.6718823429117832,0.594368432139591,0.03559422527230592,0.020555458913488717,0.029807336791133357,0.03184161991741403,-0.2806772354197613,0.019709090905346064,-0.02513883220828649,-0.39932449445285617,-0.02419275095028042,0.44098719991765195,0.004500474188149637,-0.40491748841243347,-1.0873153835605618,0.2624985278383083,0.03368640155035905,0.02536423161840079,0.013422944129686651,0.0361577874368651,-0.3163776233126124,-0.015122045199587028,-0.024486448652995242,-0.3960354279888751,0.02334257192590288,-0.029979015684635957,-0.08020630505308744,0.08148423223023578,-0.029042612475003827,-0.07950902980991975,-0.08130058245168444,0.4284626865980538,-0.5247155101674909,2.390877927822997,-1.088997811704536,0.03852620163591793,-0.06254307827618256,-5.178014796350381,3.35340864179647,-0.11718966752556849,0.0601242492349013,-0.10625212280508826,-0.03132390042396786,-0.44637323618549957,-0.05068202412423298,0.01016825848146379,0.032039548675265206,-0.004125009102343342,0.6686012450503122,0.03157116763215221,-0.10458597372993919,-6.708093526869814,0.020263054937262964,-0.07827235950436351,0.0032619782284577974,-0.14917972148532563,-0.0489478875681466,-0.5753369052861957,0.06816056409177122,0.018962557702195914,0.05247557976415958,9.005478663180137e-06,0.012100225544840424,0.00713747673091688,-0.004724263847381924,0.01296141925711575,0.007056167756841289,0.0003034782857305941,-0.09050515668087811,-0.00018433630421794525,0.9055040648047845,nan,nan,nan,nan,nan,nan
32,0.16500000000000006,Standing,0.013095474910916276,0.8775801503786382,0.12397283788284373,-0.025517447423938036,0.0014066687555047781,-0.3999692287936092,-0.6968938544124946,0.6109320432621227,0.035022898724078676,0.020875293380081386,0.02923072737509881,0.03175286581819374,-0.28285226044227496,0.019458500842547254,-0.02509425737757453,-0.3991662486466325,-0.024211700564555957,0.4434775211567998,0.004637675449537686,-0.405425985245984,-1.119944288324878,0.26179551909496435,0.03329902708377338,0.025373970417908547,0.012341788420060158,0.03602304379213314,-0.3191852490126823,-0.014777017624618104,-0.024387308495564735,-0.39577732519999115,0.023344870675614658,-0.02992434042380339,-0.0801767618928788,0.08146621813607476,-0.028986429561816116,-0.07948083425709922,-0.08129990924696713,0.44696115271891945,-0.5353913452091781,2.4793856030938954,-1.3190429907655088,0.03690300630432459,-0.06193849906910367,-5.0023023001422855,3.312722224506338,-0.11426530964544936,0.06396689331853347,-0.1153218832069094,-0.017750819844056992,-0.43500500450273,-0.05011801255976165,0.008914966142391905,0.0316491612447239,-0.003789922855107151,0.49806424782956493,0.027440252277609687,-0.10169936671010849,-6.525780952863265,-0.1406017486687862,-0.07747489331713418,0.0019477599015517836,-0.2162311419252987,-0.02694872894639205,-0.5615251400139813,0.06900551499378482,0.019828031486101662,0.05162055777678943,0.0004597499423556373,0.010935052166513885,0.005908632041728236,-0.0036028188322045508,0.011236582637542594,0.005639110564106275,0.00013464094346067666,-0.08969801221809352,-0.00018367135423876627,0.9022325995998299,nan,nan,nan,nan,nan,nan
33,0.17000000000000007,Standing,0.015447233642340274,0.874884574791831,0.13686849490718184,-0.03380771409608449,0.001573710650025408,-0.40025913133596913,-0.719789334105488,0.6270960922656792,0.0344847707777123,0.021201725295502363,0.02858586467212996,0.03177582023100705,-0.2848632275435582,0.019220991718246285,-0.02505999100646249,-0.39901626735045553,-0.024230041621573453,0.44457618122998144,0.00475097195689921,-0.40590293974064245,-1.1508391318204876,0.2606576538626404,0.03289272056748226,0.025380206582061905,0.010837435338771335,0.03601589903481084,-0.32185259828980106,-0.014432617717228884,-0.024287266880349302,-0.39552830445285925,0.02334893494340502,-0.029875936521341684,-0.08015118753351178,0.08145214854831802,-0.02893823960142695,-0.0794616002405681,-0.0813006457031395,0.4703517462847996,-0.5391151173614346,2.5791314048676206,-1.6580533344292907,0.033408378904125964,-0.05798050847198445,-4.579095938598667,3.2328098007113097,-0.10762558927327441,0.06528638308419545,-0.12897254059377058,0.004590882562662171,-0.40219342025664534,-0.04750182486019355,0.006853274222407706,0.02999625923539317,-0.00366821140349919,0.21973201463633185,0.022659301472304782,-0.09539089893168788,-6.178968699121926,-0.22757304646479543,-0.08126130325822269,0.0012472328306716578,-0.3008706162577645,-0.00142895146446078,-0.5334698554237467,0.06887998147784409,0.02000832304308682,0.049804149426380825,0.000812853558072168,0.009680780492340701,0.005114871873403509,-0.002813917551348477,0.009637992077832773,0.003846803306222682,-0.00014729123447323442,-0.08888840726676418,-0.0001829818689797933,0.8988384543113488,nan,nan,nan,nan,nan,nan
34,0.17500000000000007,Standing,0.017891990106587288,0.8721557110198095,0.15019700456408408,-0.043734544523008026,0.0017215048713243545,-0.40052524522275557,-0.7403509364354364,0.6429550415968395,0.03397932150812935,0.021523974207212693,0.027913815042948997,0.0318716733329452,-0.28668262124609406,0.019001721376139438,-0.025034522593183457,-0.39887722740346976,-0.024247995408990055,0.4447605023565703,0.0048460156276706945,-0.40637097671899625,-1.180885290540359,0.25891949206383125,0.0324498523152968,0.025385168518021636,0.009293717150630685,0.035989270280615354,-0.32444529717214476,-0.014094389377045232,-0.024180102914303843,-0.39528788951957544,0.023352389297021027,-0.02983491959869944,-0.08012763122496837,0.08144063925938656,-0.02889727696024982,-0.07944912122852577,-0.08130230903684016,0.4889512928494029,-0.5457727544043005,2.6657019313804464,-1.9853660853847064,0.029558844259789302,-0.05322277735728146,-4.112320465989679,3.1717898662320616,-0.10108985391659085,0.06444978234206586,-0.13440992583619243,0.019170620387630566,-0.3638787405071713,-0.04385406842136946,0.005093682655806629,0.027807989397153395,-0.0035907574833204414,0.036864225317770366,0.01900873415429688,-0.0936073956707638,-6.009231743974281,-0.34763235976182655,-0.08857365043709294,0.0009923871919462995,-0.30874363762812984,-0.005325750839097493,-0.5185397764687454,0.06764566803673015,0.02143279320909199,0.04808298665675927,0.0006908707232014959,0.008203384528448956,0.004711261708680824,-0.0023018577862910115,0.008192528235425819,0.002495802408467836,-0.0003326667401340153,-0.08808601793457342,-0.00018226794101949432,0.895321856298886,nan,nan,nan,nan,nan,nan
35,0.18000000000000008,Standing,0.02039844818238499,0.8693717304505835,0.1638739028832214,-0.05499946516449637,0.001852612098984665,-0.40077228968312256,-0.7589737199135658,0.6580613125277858,0.033483804428270494,0.021831918723392522,0.027280025773349124,0.03197199364213795,-0.28833453291796296,0.01880143652151316,-0.02501381809286307,-0.39874909547603715,-0.02426527799270209,0.4445061388644216,0.004926368117993586,-0.40684636821220665,-1.2108065110282507,0.25642998139390993,0.031973534002079265,0.025389231392908267,0.007926071309058754,0.035871975999512605,-0.3270210983574254,-0.013762889278462129,-0.024060998811799156,-0.3950565432753736,0.023354191489708756,-0.029802033986936156,-0.08010438459809222,0.0814306052682906,-0.028862565727815297,-0.07944106144722983,-0.081304409816832,0.5012916151595406,-0.5567961138452042,2.735379663827467,-2.2529841282976686,0.026221445532062133,-0.04940889207340116,-3.724556695625885,3.021254186189265,-0.09910341597177184,0.06158890323596557,-0.1267578539199749,0.020064061838549068,-0.33038233437378467,-0.04005697092525552,0.004140900064077314,0.025626385486516277,-0.0034565167424071295,-0.050872698429740085,0.016070498064578203,-0.09507829864208706,-5.984244097578337,-0.49790213398426675,-0.095263662643506,0.0008125749773263851,-0.27352916831438606,-0.023458856220549662,-0.5151602370561191,0.0663000197166207,0.023820820500937482,0.046269248840369814,0.0003604385375460327,0.006577122352656543,0.004649325375229635,-0.0020067982191911008,0.006942246486904598,0.001611956259187258,-0.00042015599836804824,-0.08728984203257963,-0.0001815293359328746,0.8916821975393922,nan,nan,nan,nan,nan,nan
36,0.18500000000000008,Standing,0.022947703585942985,0.8665145020537092,0.17784256130375578,-0.06757297242745798,0.0019667694801094623,-0.4009998469009648,-0.7756597815178732,0.6729198080920631,0.032986940608323266,0.02211832403556575,0.026729860156952785,0.032035153245601904,-0.28981713468204484,0.01862258955095817,-0.02499692624900062,-0.39863259578751054,-0.024282101904048215,0.44405160202028043,0.004992704251429342,-0.40733360443779004,-1.2408811830092783,0.25315070586602023,0.03148216517191004,0.025391144234056664,0.006748208661099569,0.03566331591954835,-0.32960449737482483,-0.013435784798316848,-0.02392871564876763,-0.39483501839640966,0.0233546587112818,-0.029777423741799685,-0.08007980717702962,0.08142117243682101,-0.028833017562310152,-0.07943599009062763,-0.08130669861232118,0.5098510807115993,-0.5714456793748679,2.793731684106877,-2.5147014525923215,0.022831476224959464,-0.04551144356844439,-3.33721232086149,2.9716991128554655,-0.09937276398944594,0.05728106243464564,-0.1100331232792678,0.012631920692790326,-0.29652035281637434,-0.03576939411099792,0.0033783687724899224,0.023299937705322675,-0.0033647822692249563,-0.09090736882822506,0.01326722668715126,-0.09744724511667877,-6.014934396205525,-0.6558551055779435,-0.09827376603384477,0.00038256822967927865,-0.23557252959183714,-0.04173201599285144,-0.5166798034798871,0.06542089602905629,0.026456632606305288,0.044304975792784855,9.344431460915826e-05,0.004922049027294349,0.0049154842125209005,-0.001886566293919566,0.005909633101029103,0.0010142713204405835,-0.00045775909783658954,-0.08649805679550025,-0.00018076577543232346,0.8879182742484906,nan,nan,nan,nan,nan,nan
37,0.19000000000000009,Standing,0.025521278536008378,0.8635721759143485,0.19205121961538488,-0.08126709740100621,0.0020657093184648693,-0.40120839329975294,-0.7905823750435267,0.6878238873904288,0.032485618298324574,0.02238073508537786,0.026275661486855537,0.03204890042008716,-0.29114283791712237,0.01846447211674297,-0.024982428430212304,-0.3985275184754181,-0.024298429114268952,0.44360634611129757,0.005044813615933213,-0.40783589715903,-1.2713065434067867,0.24894494781090523,0.030987463517967568,0.025389786858271386,0.005757960572167518,0.0353699792041367,-0.33221378056387824,-0.013111338483976524,-0.02378328053922483,-0.3946225941141995,0.02335447638606718,-0.0297612683415824,-0.08005242075192832,0.08141161920480608,-0.02880767104899133,-0.07943262741537385,-0.08130895191278177,0.5147149900130787,-0.5884652278721223,2.841731662325821,-2.738824994709647,0.019787967671081402,-0.0417092797576326,-2.984518705130692,2.9808158596731356,-0.10026446199973897,0.052482209962422186,-0.09083973401944946,0.0027494348970504862,-0.26514064701551016,-0.031623486843040324,0.0028995637576637134,0.02101546241848856,-0.0032654420441470076,-0.0890511817965678,0.010421872900774058,-0.10045854424799526,-6.085072079501682,-0.8411516110230008,-0.09894033078849433,-0.00027147515705557295,-0.19804961778641028,-0.058667343082328655,-0.5218566378106775,0.06488926286806486,0.02908702190856022,0.04248485644203632,-3.64650429238451e-05,0.003231080043456857,0.005477285020259198,-0.0019106464029856887,0.005069302663765007,0.0006725350507548528,-0.0004506600921175602,-0.0857157382939145,-0.00017997588119454132,0.8840227218625343,nan,nan,nan,nan,nan,nan
38,0.1950000000000001,Standing,0.028102329314025763,0.8605322387357514,0.2064514064237789,-0.09591325047785555,0.0021512498848136096,-0.4013985574125953,-0.8038894057804643,0.7029448936238635,0.031987395972049866,0.02261974296303549,0.02591561181177553,0.032014173263116764,-0.29232341897871317,0.018325779384227043,-0.02496946926361151,-0.3984334460909306,-0.0243142444807854,0.44337899128065955,0.005081789940316712,-0.408356239452004,-1.30225855893668,0.24360112562390854,0.030490254109264744,0.025384752081693034,0.004956444504682963,0.03499977150897802,-0.3348654095185042,-0.012788381049212089,-0.02362512905035358,-0.39441779334089755,0.02335435152284059,-0.02975368317371389,-0.08002088618543075,0.08140135028881196,-0.028785641536783722,-0.07942973057864385,-0.08131094416647218,0.5162101556034769,-0.6079874357194345,2.880037361678805,-2.9292306153698684,0.017108113269748093,-0.03803282256846958,-2.661406147387527,3.0242012466869377,-0.0996444652549418,0.047801575531525684,-0.07200993501600138,-0.006945431394079014,-0.23611621231815796,-0.02773854650318523,0.0025918333201588196,0.018814476897497243,-0.0031630733032895963,-0.045470966127604026,0.007395264876699969,-0.10406845859479448,-6.19040310597866,-1.0687644373993412,-0.09944188174056437,-0.001006955315670447,-0.1603032134969109,-0.07404153903173656,-0.5303257909251936,0.06459148695288687,0.031630297774249895,0.040960154660390005,-2.4972645318478305e-05,0.001517033573702678,0.006306913299514119,-0.0020537831988242964,0.004405902441521061,0.0005793673460013167,-0.00039845073808108633,-0.08494100797804233,-0.00017915944694358704,0.879994352057836,nan,nan,nan,nan,nan,nan
39,0.2000000000000001,Standing,0.03067232528684697,0.857394858676785,0.22099966734045257,-0.11080376491274851,0.002234609986930543,-0.40158597243029376,-0.8170800332120778,0.7178376463237502,0.031484554570379075,0.022839277192173817,0.025622811196285677,0.031938234794205975,-0.2934763283106064,0.018192437513536903,-0.02495016650196553,-0.39834485337769937,-0.02432830590775583,0.44340221778639854,0.005102066589952352,-0.4088920480692,-1.3336924210050092,0.23769377569751163,0.02998479805168361,0.02537598519262294,0.004306574326207927,0.034568606787467766,-0.3375582686936677,-0.01246641405801981,-0.0234556735732627,-0.39421988574639627,0.023355002334532526,-0.029755074152103003,-0.0799845385776658,0.08138999878636352,-0.028766492622253247,-0.07942685756303562,-0.08131262825561064,0.5139991945642418,-0.6274760117932602,2.909652183334735,-2.9781028869785935,0.016672020423386738,-0.03748300353969733,-2.638125486322694,2.9785505399773524,-0.10056828033415838,0.04390684582766555,-0.058560123097970776,-0.015187693782158385,-0.2305818663786385,-0.026668374138027934,0.003860552329195393,0.017718542646253863,-0.002812285394085779,0.004645301147796113,0.004055329927128025,-0.10716172343919862,-6.286772413665829,-1.1814699852793797,-0.10109121151622717,-0.0017533778140191303,-0.12997403569500723,-0.0862329443020509,-0.5385718350326933,0.06439339823845597,0.03389109541817609,0.03958151890026051,0.00013016233838718456,-0.00027819567782267534,0.007269521552990875,-0.0022703004896873612,0.0038297829060949225,0.0005746031216446797,-0.00033681782769323513,-0.08417163328232229,-0.00017831610797320262,0.8758313436326535,nan,nan,nan,nan,nan,nan
40,0.2050000000000001,Standing,0.03322013374186498,0.8541536786335754,0.2356629439069661,-0.12581752641203822,0.0023170681232065407,-0.4017731461163193,-0.8302876393044326,0.7326178222765414,0.03098569709034408,0.023042790683423266,0.025381614242486385,0.031831424410935574,-0.2946188581734131,0.018061957162840054,-0.02492471105266958,-0.3982605785156476,-0.02434073188779403,0.44378641293310606,0.005103864499202648,-0.4094416466909333,-1.3655837524385772,0.2307456216810163,0.029461630438978387,0.02536456313046035,0.003747069844475838,0.03409527079108551,-0.3402911365641393,-0.012144125039837044,-0.023276409047783216,-0.39402734308522464,0.02335635980614032,-0.029765080501016616,-0.07994269431360829,0.08137728314805827,-0.02874949599416548,-0.07942326459064877,-0.08131388049816035,0.5095616910036013,-0.6482360086419153,2.9326553133027042,-3.0027522998579403,0.01649162725519951,-0.03743473720511298,-2.6415212184709658,2.9560351905582194,-0.0997714960069991,0.040702698249889945,-0.04823939075985842,-0.021362076654079482,-0.22850597256134259,-0.02609607013936971,0.005091089859190635,0.01685497241035493,-0.002485196007640243,0.07683902934150236,0.00035958185005900874,-0.10991972434666729,-6.378266286713629,-1.3896308032990659,-0.104633522541044,-0.0022844124325172846,-0.1119008963464178,-0.09466719927645162,-0.5465735740943214,0.06445780363655303,0.035852905095897065,0.03850853223432388,0.00027149432155886054,-0.002001269782722844,0.008368852811502885,-0.0025431276610507715,0.003399325617553409,0.0007185944773687887,-0.0002504485099423362,-0.08339801204568019,-0.00017744881348974011,0.8715498473710107,nan,nan,nan,nan,nan,nan
41,0.2100000000000001,Standing,0.035747273780097136,0.8508209977355448,0.25044669794832514,-0.14093880714226859,0.002398978411763836,-0.4019611126078997,-0.8435313019467038,0.7472671583509578,0.0304980512996271,0.023234092263912067,0.02518170783554329,0.03170129111955036,-0.29575738503443805,0.017933263612581577,-0.024893937598958464,-0.39817985553575747,-0.02435167201767538,0.4443039551225789,0.005084976095074513,-0.40998904036437867,-1.3973837595073437,0.22269891254537177,0.0289196336101783,0.02535124684573416,0.0030336521395991725,0.03361697916482472,-0.3430201549812799,-0.011818940507166132,-0.023090993092080157,-0.3938427178176794,0.02335896518932265,-0.029783182350656884,-0.07989477929342295,0.08136299744112639,-0.028734250390637477,-0.07941966502333715,-0.08131492693381942,0.5054280076464313,-0.6665361796061269,2.9567508082718037,-3.0242561460460746,0.016382057711459078,-0.03759329831607174,-2.6487325284542296,2.929867214883282,-0.09752915814339583,0.03826031609776029,-0.03998128138861944,-0.026026658277042414,-0.2277053722049838,-0.025738710051695618,0.006154690742222989,0.01614459597802738,-0.0021880259762699483,0.10350843789457034,-0.0037776808256269837,-0.10947873468907016,-6.360001413753312,-1.6093418271289044,-0.10839936576001719,-0.002663256945237772,-0.1426835409753331,-0.09565832525215745,-0.5458036834281275,0.06503690653418231,0.037083191140612176,0.036925053509057046,0.0005210766364660056,-0.0036203699280532606,0.009583004037066096,-0.00285714138637474,0.0030491207056001965,0.0007199134623247002,-0.00020928713181348526,-0.0826184764988644,-0.00017655752786732495,0.8671499011829819,nan,nan,nan,nan,nan,nan
42,0.2150000000000001,Standing,0.038260514818347684,0.84741883881183,0.265375438911743,-0.15620153939740622,0.0024803046912656177,-0.4021502086290298,-0.8567949130432598,0.761696567120395,0.030024717524695287,0.023416502118079417,0.025015917522902963,0.03155354904397482,-0.2968937962010161,0.017805886124654925,-0.024858747741014438,-0.39810213898874214,-0.024361269975439675,0.4445907411765929,0.0050447800230114,-0.4105156841051863,-1.4284215749360152,0.2137653359546339,0.028366248817840348,0.025336090221818746,0.0019167597559729274,0.033155920441286554,-0.34568970185879433,-0.011489248065558861,-0.02290347568927181,-0.39366962569233266,0.023363064620153803,-0.029808882644288645,-0.07984031238874244,0.08134698623662757,-0.028720668815366696,-0.07941746417904166,-0.08131614406684655,0.50264820765011,-0.6804317847429572,2.9857481926835727,-3.052546451027528,0.01626525590035632,-0.037819204226017644,-2.6527222193112032,2.885881753887442,-0.09466675498636225,0.036481970833469865,-0.03315806252806548,-0.029548415115109423,-0.2272822333156105,-0.02547549758533031,0.0070379715888050495,0.015543309403063723,-0.001919591552858979,0.05735721080279994,-0.008039214412622692,-0.1053287481615256,-6.207563085734297,-1.7867153181475757,-0.11067695846759051,-0.0030313247830831215,-0.22337847672524902,-0.09221174470763376,-0.5339093755028878,0.06593848832145423,0.03750348056166956,0.0346184250693439,0.0008198861662306507,-0.00514005872635243,0.010893380936102492,-0.0032022408997632226,0.0027163150541562294,0.00044016885909647105,-0.00024342660542594347,-0.08183523395417089,-0.00017564272724716773,0.8626336392143217,nan,nan,nan,nan,nan,nan
43,0.2200000000000001,Standing,0.04075351185011043,0.8439478639397707,0.2804342838660278,-0.17151628226936996,0.00256208856517651,-0.4023418449598825,-0.8702423823825315,0.7765417952801179,0.029563340523095057,0.023592387839510197,0.024877054018351205,0.031392443411358634,-0.2980428816852218,0.017677871349271797,-0.02481882537026627,-0.3980264025695252,-0.02436948036111003,0.44467706640630356,0.004984076470958722,-0.4110255620010559,-1.4587570996748134,0.20393684154778732,0.02780943995691724,0.025317707153386788,0.0005123822996978907,0.03269277774802697,-0.3483014691131149,-0.011157293866018842,-0.02271391013245299,-0.39350883412531706,0.02336778370068982,-0.029841965592683952,-0.07977912693669405,0.08132917875586637,-0.02870864866752448,-0.07941652663381257,-0.08131750875975215,0.49859940635255046,-0.6941949744118454,3.0117689908569703,-3.0629485743927476,0.016356774782178424,-0.03832726617054716,-2.6894938678543245,2.969045631944568,-0.09227540032004597,0.03517714428615581,-0.0277727009103515,-0.032221126523237054,-0.22981709684114063,-0.025602955076625616,0.00798447414963351,0.015147283843390601,-0.0016420771340710692,0.017265045942128694,-0.012140710410535525,-0.10197557917391313,-6.067104947759631,-1.9656988813693155,-0.11136177218462123,-0.0036766136863917776,-0.2808754912550073,-0.09262853865191599,-0.5223534508641069,0.06639083990800392,0.03791311136376353,0.03215831340312112,0.0009438161072031512,-0.006616589679061176,0.012237090409678361,-0.0035614961522413176,0.0024040295684430533,0.00018750904581805582,-0.0002729385811204682,-0.08105308962710633,-0.00017470537869651535,0.8580057106331536,nan,nan,nan,nan,nan,nan
44,0.22500000000000012,Standing,0.04320497258069146,0.8403776717994379,0.29555632062444387,-0.1866797226932614,0.002645866176110988,-0.4025395609600212,-0.8841163137311099,0.7915747879073436,0.02910733792261964,0.023764419795548622,0.024756656355294247,0.031222382587916684,-0.29922536243462994,0.017546579224066106,-0.024773324280859797,-0.39795142157268126,-0.02437611464482144,0.44508227863173944,0.004902262447217809,-0.4115452007940064,-1.4892111465859752,0.1927908400237618,0.0272530631401596,0.025293389843830647,-0.0007263496931876705,0.03219699602988039,-0.3509199400480022,-0.010828491271171544,-0.02251839069759332,-0.39335861128847854,0.023371774946136542,-0.02988231567513942,-0.07971143156564453,0.08130961068388075,-0.02869776220761566,-0.07941463256965452,-0.08131848474450372,0.4902921461162051,-0.7140384280665724,3.024407351683211,-3.0326880847782918,0.01675552218689562,-0.03954320002773726,-2.7747862697156753,3.0065985254451406,-0.0912005200950832,0.03440639120768476,-0.024079532611391785,-0.03401216468839028,-0.2364961498816276,-0.026258425041138088,0.009100217881295246,0.01499619936879251,-0.0013268567422817382,0.08104244508717248,-0.016362804748182715,-0.10392775859010846,-6.090809382232376,-2.2292003048051097,-0.11127536335152807,-0.004863461911228444,-0.24774639857711223,-0.09915634362931736,-0.5236941869774642,0.06576051896945949,0.03910388697193399,0.030044567367706145,0.0007982490893448081,-0.008070016491093195,0.013539074209903945,-0.003913614397123918,0.002177291981764064,0.0003788128316125102,-0.00019519695031494693,-0.08027269509003751,-0.00017374625432758963,0.8532706166469306,nan,nan,nan,nan,nan,nan
45,0.23000000000000012,Standing,0.04560925756533754,0.8367017964492717,0.31072313937371115,-0.2016304057620858,0.0027318699663155077,-0.40274469722138295,-0.8984867191090135,0.8066292388995361,0.028651879239533988,0.023934762656675917,0.024648989137545874,0.03104696438487447,-0.30044867708530826,0.017410948720255504,-0.024722455920085432,-0.3978765019277169,-0.02438117607138079,0.4458979782149586,0.00479764545728767,-0.41207328506527985,-1.5198116715217818,0.18024022334150347,0.02669929049536355,0.025262226636188944,-0.0018379007784849882,0.03167260873362444,-0.3535490463051103,-0.010500673577301924,-0.022317680144741905,-0.39322074562019776,0.023375262729942583,-0.02992934799134087,-0.07963737963883244,0.0812883458310471,-0.028687634602571666,-0.07941122157333372,-0.08131896326524637,0.48085699692921524,-0.7351750700332471,3.033363749853454,-2.9901366137648777,0.017200758040903943,-0.04102725227235417,-2.874081075580709,3.0108901984384944,-0.09109173661713026,0.03406857222545873,-0.021533443549674736,-0.03508364060844298,-0.24466293013565846,-0.027126100762120728,0.010173672154873064,0.014983928992869785,-0.001012285311870079,0.16313991664382307,-0.020923397986027745,-0.10561685425469133,-6.120104987161321,-2.5101233364516635,-0.11075452895921047,-0.006232641528340736,-0.22231021705946355,-0.10487745925119098,-0.5258212514216263,0.06556353877392418,0.040142110570282455,0.027573133656158915,0.000697556761207992,-0.009406463240289643,0.01481038536241854,-0.00425297056672916,0.0020255210087988845,0.0006821992641600024,-9.570414853130672e-05,-0.07948873653497189,-0.00017276452906062973,0.8484255138883683,nan,nan,nan,nan,nan,nan
46,0.23500000000000013,Standing,0.047957360204421935,0.8329050404524599,0.325902533059639,-0.2162811367625195,0.002820435138430597,-0.4029586365018955,-0.9134458482561524,0.8216468948330024,0.028192886988433235,0.024105176694669272,0.024549325299020125,0.030868920779781265,-0.3017214760051634,0.017269806715651703,-0.02466618871003773,-0.39780096092789147,-0.024384650948229745,0.4473399042953672,0.004667804011044706,-0.41261513309078063,-1.5507608841752707,0.16601905200936287,0.0261447981498481,0.025223594896300664,-0.0027431106746467803,0.031123790816259773,-0.35620629058088754,-0.010174785611571473,-0.022111766798585196,-0.3930951782208641,0.02337846776762306,-0.02998245995865455,-0.07955735428218262,0.08126551435584252,-0.028677878629108422,-0.07940523118716257,-0.08131870557964123,0.4696205278168789,-0.7593511993623371,3.0358787371855653,-2.9301462000867415,0.017713034423017804,-0.04278785610251296,-2.991825829427791,3.0035311866932615,-0.09179845022015061,0.03408280759867107,-0.019932767705149977,-0.035608721018640585,-0.25455978397102863,-0.02822840092075993,0.01125344200954071,0.015108199965086588,-0.0006949753697909128,0.2883852160817195,-0.025968289248592784,-0.10836960510016028,-6.189842530697804,-2.844234266428121,-0.11089846910309029,-0.00772634797765567,-0.18104197923235837,-0.10976358347293295,-0.5314488551554447,0.06517759314609024,0.04118266923134188,0.02511347986673725,0.0006410075360951697,-0.010622393462736395,0.016005071329963493,-0.004566295040916731,0.0019511946926491048,0.001198077234229092,5.153712102913419e-05,-0.07869970385184855,-0.00017176002958709912,0.8434693416806256,nan,nan,nan,nan,nan,nan
47,0.24000000000000013,Standing,0.05024484479578181,0.828978134463453,0.3410756756988738,-0.23059326944160807,0.00291147989789693,-0.403182079912402,-0.9290275259620471,0.8366121566339417,0.027728574881030168,0.024276979191407252,0.024454420106178577,0.030690367996616712,-0.3030475683985098,0.01712257368626068,-0.024604769351145125,-0.39772435686487256,-0.02438656938389786,0.44951296207223096,0.004510592295720343,-0.41316889183549677,-1.5820497900026838,0.14991502001987952,0.025584543934627668,0.025177575484521184,-0.003485458824154249,0.03055776834015341,-0.3588923802906895,-0.009850247073564683,-0.021901900873640662,-0.39298217206232555,0.02338189471598966,-0.030040885951291924,-0.07947179596069369,0.08124127424889005,-0.028668171587132297,-0.07939604170423903,-0.08131758167116085,0.457496918271975,-0.7853811978013912,3.034628527846965,-2.8624265358177157,0.018208951893266576,-0.04468868210130091,-3.116335541178928,2.993052360187868,-0.09286242148061356,0.03436049934759607,-0.018981038568309343,-0.03571055663291018,-0.26521847866928744,-0.02944660587820461,0.012283871778520737,0.0153208126037855,-0.0003836871336231105,0.4346115553727513,-0.03144234306487263,-0.11075174894323273,-6.2577811654826245,-3.2208063978966686,-0.11205084304408594,-0.009203882355896132,-0.14846962990149373,-0.11320449522127238,-0.5372179419603925,0.0649077076013578,0.041973184988906655,0.0226012317077114,0.0006853896733202567,-0.011685198527474452,0.01711166429778702,-0.004848021390492618,0.0019414083952249367,0.0018378965847092672,0.00022478169607613202,-0.07790255477226472,-0.0001707320913876351,0.8383990487108922,nan,nan,nan,nan,nan,nan
48,0.24500000000000013,Standing,0.052469033443095864,0.8249123159720031,0.3562273634283123,-0.24455596050029108,0.003004670991910584,-0.4034150849024668,-0.9452290578017977,0.8515572872871001,0.027258895493827352,0.02445094882953266,0.024357396530364003,0.03051589706825271,-0.30442747460797975,0.016968905543520242,-0.024538561958572836,-0.3976464441340591,-0.02438698326270936,0.45250692585905516,0.004324022096392477,-0.4137325927888629,-1.613642915571647,0.13169995965742531,0.02501260441344078,0.025124461861284718,-0.004098610358989851,0.0299818043885708,-0.36160529953130244,-0.009527294277559033,-0.0216894644016559,-0.3928816809434912,0.023385885196376494,-0.030103805005935517,-0.0793812001454439,0.08121580100534734,-0.028658246007826925,-0.07938310276004489,-0.08131547377251006,0.4448377294628108,-0.8131636982899832,3.0303375458877007,-2.7925382117365993,0.018638218802730852,-0.046600998012960956,-3.240306367950129,2.989026130631672,-0.09393587744056336,0.034793927625082086,-0.019404715162914858,-0.034894185672800886,-0.2759812418939866,-0.030733628548087387,0.0132414785144578,0.015582546162699806,-8.277576229937558e-05,0.5987927573648388,-0.03731403986557325,-0.11274019067322262,-6.318625113792664,-3.6430120724908446,-0.11438790423737759,-0.010622724647293245,-0.12263030696712043,-0.11519279031652202,-0.5425838481225899,0.06459055920113004,0.042487294396952015,0.020098223766877858,0.00079809607736681,-0.012583810928718702,0.01811916304995666,-0.0050946487085409995,0.0019851158610747106,0.0025877888388287605,0.00042157973015849757,-0.0770954975720426,-0.00016968011313462064,0.8332115754472407,nan,nan,nan,nan,nan,nan
49,0.2500000000000001,Standing,0.05463371898596591,0.8207047540606515,0.37135980669835283,-0.2582342852585465,0.003099050399479093,-0.40365575468919784,-0.9619460138568134,0.8665211876543892,0.02678570358317948,0.02462726319859194,0.024234214355353507,0.030360727079293708,-0.3058532262546429,0.016808828550829973,-0.024468422354295877,-0.39756739469733604,-0.02438602773625664,0.4562942543075034,0.004106974917096165,-0.4143012120597218,-1.645385841448828,0.11135894390642535,0.024423299206685005,0.025064803336705327,-0.004646727029382431,0.029400672206315905,-0.36433311192180606,-0.009206194073617523,-0.021476464428893748,-0.39279405580233295,0.023390640571342894,-0.030170321024792078,-0.07928594141232366,0.08118924220512097,-0.02864794457752038,-0.07936636376948393,-0.08131238319120129,0.43293710857400963,-0.8415123822703156,3.026488654008109,-2.7356649516510854,0.01887588151370179,-0.048133957346208685,-3.3433912110031474,2.9927800734578174,-0.09463838212957444,0.03526287381185594,-0.024636435002098937,-0.0310339977918004,-0.2851503293326235,-0.032015398538053484,0.014027920855391797,0.01580988734460709,0.0001911052905434748,0.7574656896896479,-0.043409435859262435,-0.11372385417178443,-6.348585175436214,-4.068203150199992,-0.11786104135115448,-0.011931704915878104,-0.10962333407851607,-0.1162264364509792,-0.5455624781007293,0.06422004078830221,0.04259999455243059,0.017525028231650232,0.0009510749932802944,-0.013303203771312212,0.019051746624048665,-0.005311760045272932,0.0020602860613091307,0.0033477981121906707,0.0006181162617515184,-0.07627715616514605,-0.00016860337892386375,0.8279034061035554,nan,nan,nan,nan,nan,nan
50,0.2550000000000001,Standing,0.056766109088406944,0.8163758294050547,0.38654142020231846,-0.2719641261265279,0.0031915825127580744,-0.4038942587878047,-0.9787064320124502,0.881506407262461,0.026315016943090193,0.02480540466201936,0.023976120095338192,0.03028976725660827,-0.3072868423475868,0.016642957365660533,-0.02439716134029332,-0.39748874945346613,-0.024384171448575263,0.46041877472333137,0.0038614186575030834,-0.4148617168400441,-1.6768027879317149,0.08981217897932409,0.023819372877590558,0.024999018206279602,-0.005272168362216917,0.028810151830750187,-0.3670379592066106,-0.008887313216760612,-0.021266632928992755,-0.3927204795721442,0.023396353590632468,-0.030239347501619284,-0.07918565922848683,0.08116156675894505,-0.02863744168069581,-0.07934766123104879,-0.08130876971402697,0.4264780204882064,-0.8657849311193415,3.036322700793131,-2.7459681735962818,0.018506422655796263,-0.04770081972137399,-3.3520836311273534,2.9970439216143414,-0.09413732801785786,0.035628292685483336,-0.05161885200306328,-0.014191964537087362,-0.2867232185887749,-0.03317423703388818,0.014252202800511623,0.015729048773978387,0.00037125753627549027,0.8249040831655902,-0.04911125191861633,-0.11210095606445505,-6.283389296577352,-4.309352985420254,-0.12078526581888914,-0.013157026085145093,-0.1250882665668972,-0.11810407511314334,-0.5409694569609007,0.0637761713713821,0.0419662999801984,0.014715246037757713,0.001142603857914987,-0.01380529536544091,0.02005643676736663,-0.005535089235183633,0.0021005793649144493,0.0037405076870278666,0.0007226954348651559,-0.07544751388812312,-0.00016750103359131673,0.8224703453564474,nan,nan,nan,nan,nan,nan
51,0.2600000000000001,Standing,0.05889467960199433,0.811952151954408,0.40185295729341525,-0.28603533619556637,0.0032803433736433734,-0.4041255140553945,-0.9951922217388851,0.896503703386401,0.02585237913820371,0.0249838010869064,0.023555082564312567,0.0303162964143338,-0.3087012025474437,0.016473574296020907,-0.024326532456084845,-0.39741168370027746,-0.02438174760067404,0.4643040207398146,0.003590727362126919,-0.4154019943860418,-1.7076007239548654,0.06863203384079783,0.023203625873508,0.02492717665120408,-0.006164998175336849,0.028195788362229968,-0.369693984349689,-0.008567419481389435,-0.021062364768283735,-0.3926599939066926,0.02340257601493917,-0.030310207836634455,-0.07907977301105905,0.08113267051206505,-0.02862723928322588,-0.07932954649255773,-0.08130525399637617,0.4257141027174765,-0.8847354901293459,3.0623074182193513,-2.814242013807687,0.017752172177059846,-0.046251053517949746,-3.297157945286977,2.9994592247879934,-0.09252756097729634,0.035679284977407716,-0.08420750620512524,0.005305831545105787,-0.2828720399713866,-0.033876613927925396,0.014125776841694561,0.01541315063773833,0.0004847695802448463,0.7770492032966447,-0.054138259075232856,-0.10805550919954723,-6.159587204630086,-4.236029027705251,-0.12314940081651156,-0.01436831101510442,-0.17856596262398644,-0.12287269370404388,-0.5312050286156776,0.06397874707423534,0.04085363214180395,0.012097133090311157,0.0012444848613404756,-0.014172067003034132,0.0211772434855573,-0.005779249376001915,0.002040479493985599,0.003622947698211646,0.0007031435301587944,-0.07461050568887764,-0.0001663718850920871,0.8169066122619351,nan,nan,nan,nan,nan,nan
52,0.2650000000000001,Standing,0.06102780443764888,0.8074378705239541,0.41731717860905243,-0.30047248389136894,0.0033656972487538226,-0.4043530553757938,-1.0114827433252178,0.9115446443894842,0.025398842377983958,0.02516019481554348,0.023046775052836654,0.030393616721934708,-0.31010048375890004,0.01630277294281269,-0.024256009948939217,-0.39733602115684663,-0.02437872601065856,0.46765753216514944,0.0032983979641083828,-0.4159199126308583,-1.7374640344100545,0.048109764696442264,0.022578575991099595,0.024850992969697196,-0.007244002987742924,0.027567640349272837,-0.37227320390610436,-0.00825068615984277,-0.020865751549068837,-0.39261083046733936,0.02340871108403863,-0.03038279130797051,-0.07896803369953835,0.08110251498102683,-0.02861774796147287,-0.07931349442318285,-0.08130218875108657,0.42662496713091075,-0.9028562860907717,3.0928442631274398,-2.8874295391605185,0.017070775022089823,-0.0455082640798621,-3.258104317266541,3.008188200616664,-0.09070735204395053,0.03527874572741606,-0.10166150229518259,0.015464061520181791,-0.27985624229126704,-0.0341602706416438,0.014104501429125334,0.015132508686168156,0.0006043180030960983,0.6707022850669675,-0.058465879603707194,-0.10358364896330621,-5.97266209103782,-4.104453828871113,-0.12500997648168116,-0.015236736301376567,-0.21580096248121505,-0.1256296025914258,-0.515843911283073,0.0633466643093332,0.03932264384297979,0.009832687870642356,0.0012270138198917865,-0.014516694267211113,0.02234786230414089,-0.006031106207643255,0.0018982643506018063,0.0032104138749768974,0.0006130490579200686,-0.07377329957933255,-0.00016521562746875363,0.8112101439640979,nan,nan,nan,nan,nan,nan
53,0.27000000000000013,Standing,0.06315895577059165,0.8028168507285938,0.43290778042195655,-0.3151150876298263,0.0034491663242445683,-0.40458398059354284,-1.027877609159415,0.9266534533421719,0.02495222374592076,0.02533243537927202,0.022545371608829266,0.0304672104148519,-0.31150750424250456,0.016131013151537688,-0.024183898043560508,-0.3972607677840399,-0.024374867228886266,0.47047472925646044,0.0029854228647412605,-0.41642392015421625,-1.7664285885265765,0.028284017259875747,0.021943027799358056,0.02477149043394099,-0.008235437514786528,0.02696180039225343,-0.37477541374453704,-0.0079439553445455,-0.020677048444850944,-0.3925717654454937,0.0234142600842128,-0.03045733875032207,-0.07885059230983192,0.08107115086402576,-0.028609184864774494,-0.07929974844149919,-0.08129962398615048,0.42623026658855423,-0.9242039590720692,3.1181203625808207,-2.9285207476914765,0.016693815098149094,-0.04618504354980229,-3.278973166839451,3.0217617905375334,-0.08932372641263935,0.034448112745708234,-0.10028068880147738,0.014718738583438576,-0.28140409672090694,-0.034351958254999905,0.01442238107574187,0.015050674561342858,0.0007717563544592113,0.5634394182622033,-0.06259501987342443,-0.10080150467158877,-5.792910823304378,-3.9651494873133033,-0.12710963834830763,-0.015900507151241264,-0.19828690540872063,-0.12116799140388146,-0.5004419676865423,0.06134616305945363,0.03774062084357889,0.007813004369129746,0.0011098000348342143,-0.014909488470311795,0.023488277941287147,-0.006272823400213943,0.00171261933967527,0.0027491963367324702,0.0005129529872156315,-0.07293723950237505,-0.00016403008969415536,0.8053707044266526,nan,nan,nan,nan,nan,nan
54,0.27500000000000013,Standing,0.06528132969434343,0.7980787466486553,0.4486019338687856,-0.3298826125081064,0.003531115305928708,-0.4048212362278967,-1.044492019089111,0.9418637833390439,0.024510627989997855,0.02549898852769207,0.022089790646948503,0.030515115957394333,-0.31293198898364794,0.015958446296327245,-0.024109647950160285,-0.39718547184116043,-0.024370094456677004,0.47281382673505984,0.0026534802196735018,-0.4169139036218679,-1.7944955759761783,0.008825036851918693,0.021295777857230212,0.024689899246807596,-0.00912195847734578,0.026387412510948255,-0.3771978950726211,-0.007647299992636482,-0.020497109819662313,-0.3925434176187482,0.023419293147166054,-0.030533911773724266,-0.07872745617706058,0.08103860116553528,-0.02860157096394229,-0.07928820298056719,-0.08129753154244507,0.42447478475035594,-0.94762081598769,3.138830689365809,-2.953504975656017,0.016389796336827966,-0.04745112687077182,-3.322881985939175,3.042065999374389,-0.08831915118458154,0.03331062968401007,-0.09111619237615246,0.009581108508486532,-0.28489694822867906,-0.034513371042088466,0.014850018680044685,0.01505918857589474,0.0009545544418526658,0.46781949571988035,-0.06638852901355179,-0.09799669353033566,-5.613397489920351,-3.8917960815914108,-0.1294499884255687,-0.016318237426679007,-0.1773041925118506,-0.11487757626103454,-0.48449626561680936,0.05933107038180372,0.035987725037726216,0.005669565349096762,0.0010066125906511385,-0.015314604680439553,0.024627226554269254,-0.006509939698095028,0.0015227801664407627,0.002309092186401306,0.00041848874108421186,-0.07210061814339742,-0.00016281267592153603,0.799376475395204,nan,nan,nan,nan,nan,nan
55,0.28000000000000014,Standing,0.06738828640575972,0.7932127151191849,0.4643762515027221,-0.3447203045598519,0.0036115327891618663,-0.40506596725309474,-1.0613790139675947,0.9572191687608385,0.024072017212816574,0.025659087596432685,0.021690692833120792,0.030531574280883503,-0.31437891953217206,0.015784869562787535,-0.024033079645562394,-0.3971098787334919,-0.024364386036008136,0.4747825650233546,0.0023033228477679158,-0.4173915358799571,-1.8217485504892603,-0.010584362204393762,0.020634783323334915,0.024606961129200453,-0.009869227284190372,0.02585640413226659,-0.3795454454306502,-0.007361529947357663,-0.020326634152930383,-0.39252670656992295,0.023424162767324265,-0.030612458364146035,-0.07859866154853516,0.0810049001490549,-0.028594827745393996,-0.07927846585855582,-0.08129581661751586,0.4213913422832584,-0.9732063058940865,3.1548635267873024,-2.967538410349107,0.016083496646631577,-0.04894620503961469,-3.3773989756967677,3.0710770843589135,-0.08772215543625636,0.032019813748122905,-0.07981956276554236,0.0032916646978338364,-0.2893861097048295,-0.03471534670794213,0.015313660919578245,0.015118621533704574,0.0011416841337734559,0.39374765765894837,-0.07003147438111718,-0.09552645161783001,-5.450594902616401,-3.881879811262491,-0.13219890677905918,-0.016587623521428656,-0.14945376136891825,-0.10620167573633278,-0.4695100716058228,0.057154009055763816,0.0340951333463861,0.003342209765056221,0.0009739240316423082,-0.015709318084353784,0.025758925705082827,-0.0067402032960755635,0.0013486437096587969,0.0019474244022748854,0.00034298498584006714,-0.07126252118980858,-0.0001615621157009851,0.7932211797059107,nan,nan,nan,nan,nan,nan
56,0.28500000000000014,Standing,0.06947532186647314,0.7882104537649982,0.48021353741857153,-0.35961196165174547,0.003690071320080066,-0.4053181252281763,-1.0785311696630366,0.9728459073043264,0.023634187104429008,0.025812444101664805,0.02134928099645586,0.0305165952898593,-0.3158484196030032,0.015610339208774162,-0.02395435303448345,-0.397033938168146,-0.024357775705593235,0.47644921828654446,0.0019359933518111945,-0.41785617349112264,-1.8482556345497125,-0.03003037715260171,0.019958331004418198,0.024523087931963845,-0.01051005542284433,0.025370642706317458,-0.381822205471088,-0.007085901678438317,-0.020166371281534076,-0.3925218014236747,0.02342927420112764,-0.03069278220826013,-0.07846422082765589,0.08097008068792962,-0.028588860065686943,-0.07927026220733689,-0.08129441618159815,0.4174070921426839,-1.00045227083733,3.1674571831698883,-2.9783314183787097,0.015707706183639925,-0.050431595016305376,-3.4304311390883853,3.125347708697584,-0.08756602167751332,0.030671301046424293,-0.06828236733298597,-0.002995798204840649,-0.29390001416623074,-0.03490607080267462,0.01574532221578903,0.015188113069184288,0.0013220660829802314,0.33333065263797224,-0.07346589919134423,-0.09292752223310716,-5.301416812090444,-3.8892029896415896,-0.13529046378334345,-0.01677463944732137,-0.12816562773079165,-0.09715228518982637,-0.45535200808756093,0.055125653783869244,0.03205257427926166,0.0009810292496500094,0.0010222867606748288,-0.01606476882281912,0.026888144175853796,-0.006963892225055343,0.0011935359414108817,0.001640730243783849,0.00028008718354411463,-0.07042193638662102,-0.00016027748141090342,0.7869003335383377,nan,nan,nan,nan,nan,nan
57,0.29000000000000015,Standing,0.07153881889000065,0.7830644879136271,0.4960988780992998,-0.3745415070484711,0.0037664016177799504,-0.4055777247302928,-1.0959476423646577,0.9887295905457048,0.023195058732518033,0.02595907316318003,0.02106305588059911,0.030472514470387683,-0.3173407862993482,0.015434772219231454,-0.023873575684022888,-0.3969575869837808,-0.024350289940548824,0.4778632361005948,0.0015522260600449645,-0.4183076618853592,-1.8740984099899174,-0.04944516065653273,0.019264623094361184,0.024438469198262015,-0.011076658526133931,0.024930726014269836,-0.38403379605746796,-0.0068197568790865845,-0.02001657384414648,-0.39252728918392626,0.02343478885136646,-0.030774623334870934,-0.07832421504196523,0.08093419370799758,-0.02858358149410429,-0.07926337319882681,-0.0812932817276089,0.41269940470550126,-1.0291931702742088,3.1770681361456576,-2.985909079345128,0.015266059539976956,-0.051919900423303626,-3.4832945403241973,3.176736648275678,-0.0878256743821952,0.029325812303045384,-0.057245023171349746,-0.008816163894323326,-0.2984733392689997,-0.03511339790854174,0.01615547009211234,0.01527023687303045,0.0014971530088825164,0.2828035628100617,-0.07675345835324598,-0.09029767884731553,-5.168555088040986,-3.882956700786205,-0.13874158201140271,-0.016923746740366306,-0.11332062065792028,-0.08798333840952448,-0.44231811727598935,0.053228959870346475,0.02995948747751878,-0.0010975520503070358,0.0011029300477645287,-0.01636822532216082,0.028001157138131456,-0.007177395986407389,0.0010557143165310448,0.0013778017020152878,0.00022689079784872122,-0.06957904877493586,-0.00015895804620247113,0.780410190537446,nan,nan,nan,nan,nan,nan
58,0.29500000000000015,Standing,0.07357677846850562,0.7777688723698772,0.5120218283409593,-0.389507590438687,0.0038401290927924142,-0.40584447721974626,-1.1136122661021643,1.0048697352480531,0.022753413465125327,0.02609899811222893,0.020828079901272466,0.030402643669039272,-0.3188549473736847,0.015258186892443616,-0.023790926577902546,-0.39688082431511046,-0.024341972635974107,0.4790242017570022,0.0011528344292058388,-0.4187454845878054,-1.8993485687376632,-0.06851354789174247,0.018552272409407437,0.02435311829963723,-0.011613855500889727,0.024533832534208405,-0.38618509292815933,-0.006561954632548308,-0.01987709336528398,-0.39254078993467806,0.023440609338956486,-0.030857656511056934,-0.07817872827646065,0.08089729115269001,-0.028578943585136594,-0.0792577926243707,-0.08129241689598493,0.4075919157009943,-1.0591231087499742,3.184590048331914,-2.993216678043172,0.014745495002492741,-0.05335049789069592,-3.532924747501318,3.2280289404696796,-0.0883290534785415,0.027984989809779346,-0.046995195865329104,-0.013974160269681953,-0.30283221486729756,-0.03531706535756752,0.016529821224068635,0.015352533734069213,0.0016634609149432592,0.23219313128149124,-0.07987832616782514,-0.0875645404892388,-5.050031749549172,-3.8136774470419463,-0.1424701369907493,-0.0170701797249565,-0.10743939495115909,-0.07937869601228587,-0.43025937413827003,0.05156044930765531,0.02789609577250063,-0.0027001501503637563,0.0011640975180051477,-0.01660663523719966,0.0290973531009162,-0.007380511061512645,0.0009275817935386257,0.0011161148912222586,0.0001729663247940915,-0.06873427429373172,-0.0001576031485783331,0.773747389233024,nan,nan,nan,nan,nan,nan
59,0.30000000000000016,Standing,0.07558798250463505,0.7723185761059437,0.5279743700214098,-0.4045155076032851,0.0039108519323335774,-0.40611799056526077,-1.1315045279705687,1.0212723612276242,0.022309033810920316,0.026232145089905574,0.02063976667124047,0.03031069226186453,-0.3203893218979593,0.015080627167247571,-0.023706591867100682,-0.3968036761632298,-0.02433287288871494,0.4799051399911038,0.0007384197299442374,-0.4191695721243151,-1.9240756928810925,-0.08683408804859728,0.01781983164792873,0.024267055201920115,-0.012161189670112833,0.0241767270242125,-0.3882806410183542,-0.006311246730275293,-0.019747598586093984,-0.39255997902131484,0.023446502529986823,-0.03094152922481639,-0.07802785007196132,0.080859424882993,-0.028574929066424275,-0.07925364037354166,-0.08129185552056749,0.40224080722588623,-1.0900592527867168,3.1905083360900974,-3.0015834329196207,0.014144567908232713,-0.05470266910290599,-3.578452373680854,3.280525195914225,-0.08887593084100238,0.026629395535328997,-0.037662646006399014,-0.018390281434948117,-0.30687490485492913,-0.03551194503920884,0.016866942160372763,0.015429630376129405,0.0018199494518332515,0.17618764682030844,-0.08288293985232029,-0.0848175073019329,-4.945424828685867,-3.6641080313709633,-0.1464881522957413,-0.017212619543423104,-0.10946683384462128,-0.0714211019991814,-0.41910961803896885,0.050141580454602985,0.02589895583799906,-0.0038378173273598054,0.0011786382060671296,-0.016774542751890966,0.03017564089986604,-0.007573253939402089,0.0008029037424637278,0.0008304501658099163,0.00011227508348780489,-0.06788886646723483,-0.00015621205999803787,0.7669082030636571,nan,nan,nan,nan,nan,nan
60,0.30500000000000016,Standing,0.07757277440473503,0.7667124770772054,0.5439559938528464,-0.4195984535303869,0.003978028465477079,-0.40639678913626553,-1.1495654803816713,1.0379433728688148,0.02186269925450002,0.026358356339934327,0.020477874471572968,0.03020644722483207,-0.3219391104410732,0.01490207331690113,-0.02362095884493133,-0.39672630869187525,-0.024323075248698943,0.48045570620816247,0.0003108882284293735,-0.4195778507237552,-1.9482614107321978,-0.10406120019391696,0.01706780048955739,0.024180614813968503,-0.01279177376199984,0.023850443024440515,-0.3903166772080234,-0.006065547464575698,-0.019628463594868303,-0.3925838625883883,0.02345237878351551,-0.03102584717453024,-0.07787156728194414,0.08082062043982688,-0.02857153428075379,-0.07925115160178493,-0.081291659695063,0.39695838001999717,-1.1212198057476601,3.1963247662873293,-3.016589185420356,0.013435306628700452,-0.05575971420095138,-3.612190482220524,3.3342023282381072,-0.08926691128405906,0.025242250005750692,-0.032378439933500175,-0.020849007406491697,-0.30995770862277733,-0.03571077006928804,0.017126604433870415,0.015473494270917149,0.0019595280031992476,0.11011324341173179,-0.08550630030297277,-0.08165571988801767,-4.8371435702210706,-3.4454224290639353,-0.15040623167426811,-0.017288077590322557,-0.1261168183774014,-0.06525679995439666,-0.4072072379338405,0.04913985313991899,0.023826998245136052,-0.004776713414694121,0.0011752507057370804,-0.016863589942769673,0.031256558003437955,-0.007760888633223262,0.000678957134096643,0.0004977543513454087,3.916510089746879e-05,-0.06704452951106035,-0.00015478402143254868,0.7598887611102174,nan,nan,nan,nan,nan,nan
61,0.31000000000000016,Standing,0.07954373274167871,0.7609663683263441,0.5600078937034256,-0.434981577675021,0.004040205035339115,-0.4066711138545683,-1.1674538628731488,1.0549045660518268,0.02141790279211393,0.02647757460193893,0.020194759331739424,0.03014596862889342,-0.32347657073413005,0.01472186960332314,-0.02353593252032502,-0.39664992850331493,-0.02431292467200936,0.48056934595745254,-0.00012915919815204127,-0.41997090848409724,-1.9719316313502322,-0.12021512337695732,0.01629542674416014,0.024094304117605166,-0.013526180993503405,0.023553809776883445,-0.39229282644375213,-0.0058236237459191416,-0.019520122071830712,-0.39261214097254626,0.023458206880731674,-0.031110047724064557,-0.07770905776185871,0.08078070321252788,-0.028568788174221982,-0.07925083741643763,-0.08129195667192213,0.39419166738873407,-1.1492217501722553,3.2103799701158287,-3.07662482892682,0.012435313972407169,-0.05486494366055143,-3.5776764982954883,3.3922386366023853,-0.0889592924772187,0.02384365240092047,-0.05662302796670909,-0.01209571918773046,-0.30749205861136547,-0.036040742715597936,0.017005264921261552,0.01527603771206488,0.0020301153379162083,0.022727949858013435,-0.08800948531628296,-0.07861155206840661,-4.734044123606879,-3.2307846366080724,-0.15447474907944944,-0.01726213927266784,-0.1468814463007133,-0.059326649511413906,-0.39522984714575105,0.04838474373131142,0.021668304607518212,-0.005655676831591606,0.0011656194432328995,-0.016840109906863153,0.032501904017084256,-0.00798344545979858,0.0005492213063620202,6.283706946105149e-05,-5.9395371827729694e-05,-0.0662024933400922,-0.00015331845783992683,0.7526859802385628,nan,nan,nan,nan,nan,nan
62,0.31500000000000017,Standing,0.08151392032882929,0.7550991890652113,0.576176953758406,-0.45088071675255825,0.004096440968664133,-0.4069332169717852,-1.184883312813796,1.0721651855125296,0.02097973751332064,0.02658929159185153,0.01968046886650673,0.03016548040678152,-0.3249772467082067,0.0145401469720785,-0.023453022304214147,-0.39657562109056055,-0.024302724937110262,0.4801487657054681,-0.000579983400435141,-0.42034963149434457,-1.9950186707513489,-0.1352778349486281,0.01550463609824138,0.0240086875265761,-0.014313254047582028,0.02329527878996003,-0.39420347112984844,-0.0055869544654708605,-0.019423418993655753,-0.3926448159839641,0.023464087275867636,-0.031193749813746702,-0.07753923055814524,0.08073943255715142,-0.02856674524921538,-0.07925318345337283,-0.08129286760493046,0.39403751743011567,-1.1734358522265669,3.2338120109960875,-3.179827815507449,0.011247186665003659,-0.05242062344338697,-3.4858899881294434,3.4521238921405684,-0.08763305575865739,0.022343397982519886,-0.1028580930465385,0.0039023555776200054,-0.30013519481533546,-0.036344526248927984,0.016582043222174835,0.014861482550879171,0.00203994697982003,-0.08411605039688518,-0.09016484045661996,-0.07574460204946624,-4.617407880223331,-3.01254231433416,-0.1581581291837523,-0.01712331820581345,-0.15741461081572458,-0.05170619738468283,-0.38212893721926156,0.04733385608965616,0.019340615634992182,-0.006535002283569745,0.0011760790271922868,-0.01674041793642927,0.03396544074269435,-0.008254131075291425,0.0004085850013208883,-0.00046920738704089626,-0.00018218660166573794,-0.06536273992069472,-0.00015181625800440683,0.7453042388712532,nan,nan,nan,nan,nan,nan
63,0.3200000000000002,Standing,0.0834863959459828,0.7491168575448764,0.5924778929427398,-0.46732015055911375,0.0041470753499489805,-0.40718516520003867,-1.2018954401579585,1.0896937614112456,0.020551327641892495,0.02669256345862731,0.0189811457879123,0.030243595897540717,-0.3264425915891927,0.014357894724208963,-0.023371881563893138,-0.3965033565110011,-0.02429248208640601,0.4792070902153911,-0.0010428981650795785,-0.4207171516540532,-2.0176153349962744,-0.14967730176133293,0.01469284562113045,0.02392417481493356,-0.015109059129512216,0.023081753018828064,-0.3960553688702459,-0.005355652968050027,-0.0193374147329529,-0.39267994710495296,0.0234698144896254,-0.03127704272122853,-0.07736147155634607,0.08069668346136506,-0.028565452272281414,-0.07925817531102633,-0.08129438977306401,0.39449512343070203,-1.1964663040669794,3.2601878368667547,-3.2878867613110985,0.010126876256969498,-0.050389645650696945,-3.4024254688324578,3.5057151797432184,-0.08568197428562897,0.020654373355155475,-0.13986461571888598,0.015623098151839277,-0.293068976197192,-0.036450449573907154,0.016228148064202138,0.014452915911887281,0.0020485701408500005,-0.1883350980153981,-0.09258295292888748,-0.0735040319417296,-4.519332848985077,-2.879893362540966,-0.16235809542218602,-0.016902542328507415,-0.1591610163860377,-0.04270515422639304,-0.37037954807949003,0.046260299484166614,0.01720085214057064,-0.007026224197772103,0.0011454427515532207,-0.016658581496366547,0.035551800359833734,-0.008549819157272643,0.00025859538679269404,-0.0009983715306994634,-0.0003044336267117148,-0.06452254640597117,-0.00015027857174568368,0.7377494506548867,nan,nan,nan,nan,nan,nan
64,0.3250000000000002,Standing,0.08545003961055336,0.7430055355494913,0.6088770611307318,-0.4840966359190404,0.004192923702657132,-0.4074385530188379,-1.2188546076713818,1.1073959679131846,0.02013238493012958,0.026786348319663505,0.01829202058627224,0.030312475205886973,-0.327900963735959,0.014176510582707798,-0.023290461327234436,-0.39643188939324575,-0.024281896629625044,0.4778701924469865,-0.0015197222542744564,-0.42107569875307016,-2.0398621618783976,-0.16352369002212264,0.013855847635001447,0.023840573878485708,-0.015903772825299575,0.02291445150714776,-0.3978587484028656,-0.00512877541591147,-0.019260552344991355,-0.39271513119139456,0.02347513699099574,-0.031360358023669356,-0.07717605703975054,0.08065255199790032,-0.028564871010147236,-0.07926524789062363,-0.08129638754519458,0.3927287329141119,-1.222264399077023,3.2798336375984025,-3.3552970719853272,0.009169670541630148,-0.05067756375985246,-3.3918335026846447,3.540441300387797,-0.08378854235258286,0.0187569722072394,-0.1378250403280116,0.013775861669250945,-0.2916744293532667,-0.03627682830023289,0.0162840473317402,0.014293423551071587,0.002117091356193493,-0.267379553680926,-0.09536481783897557,-0.07170941980338476,-4.449365376424652,-2.7692776521579425,-0.16739959722580086,-0.016720187289570553,-0.15894273915747145,-0.033460302336060475,-0.3606759065239427,0.04537551042771155,0.015372477592309289,-0.0070368172883243625,0.001064500274067872,-0.016663060488164825,0.03708290331910567,-0.008826292692947569,0.00011625242683560268,-0.001414515919460807,-0.00039955442611290575,-0.06367940369474154,-0.00014870643892921288,0.7300266460068171,nan,nan,nan,nan,nan,nan
65,0.3300000000000002,Standing,0.0873984914010412,0.736756754018893,0.6253554266909671,-0.5011082177325582,0.004234489592575044,-0.40769793912545604,-1.2359318707693097,1.1252622638205192,0.019721315371253264,0.02687036408261308,0.0176818386736182,0.03034928938706738,-0.32936689247707457,0.013995935740791617,-0.023207916484421515,-0.3963605386614135,-0.024270829509180133,0.4762276788502637,-0.0020121161202653983,-0.42142679617872864,-2.061867462465935,-0.1769242688644231,0.012989162812591859,0.023757716714291267,-0.016700637801992404,0.02279252850420989,-0.3996213155382975,-0.004905483415146148,-0.019193005186538846,-0.39275046486111503,0.02348022715584515,-0.03144383455645841,-0.0769830357824765,0.08060708221782058,-0.028564901155176757,-0.07927395709631704,-0.08129875591995633,0.3896903580975667,-1.2497563061196684,3.295673112047059,-3.402316362703569,0.008313177983582434,-0.05187722132363113,-3.4154526195855843,3.573259181466923,-0.08221391177526355,0.016803152589914883,-0.1220363825308082,0.007362836236081186,-0.2931857482231137,-0.03611496838323644,0.01650896856258388,0.014270146366447387,0.0022134240889822806,-0.3285027193445535,-0.09847877319818842,-0.07021948513169443,-4.401060117507559,-2.6801157684600962,-0.17333696448191763,-0.016571432838888043,-0.15937299533856586,-0.024384600587574017,-0.3525134270863708,0.044658400153064326,0.013509431690501715,-0.0070667339440913645,0.0010180329698815098,-0.01669530655781076,0.03860425145480722,-0.009093956015947357,-6.029005904551783e-06,-0.0017418411386833832,-0.00047367495235043706,-0.06283153558081513,-0.00014709972629647645,0.7221348040500308,nan,nan,nan,nan,nan,nan
66,0.3350000000000002,Standing,0.08932874713003962,0.7303661314871895,0.6419048438841404,-0.518323909021168,0.004271709896184306,-0.4079640400612494,-1.253164236241435,1.1432973964233228,0.019316542892861666,0.026944809408480257,0.017158360170588586,0.03035190549344246,-0.33084454874381664,0.013815911908221724,-0.023124168478884592,-0.39628906904366934,-0.024259259547761113,0.474335751524079,-0.0025214782171332833,-0.4217713086803726,-2.0837133823891643,-0.18993096681713,0.012088667670427239,0.02367541572072128,-0.017513149200125745,0.022713916902197238,-0.4013480904000535,-0.004685130588148864,-0.019135671784331773,-0.3927867503051307,0.023485274023840614,-0.031527342512353625,-0.07678233773766531,0.08056028922731973,-0.028565434642230533,-0.07928399436947847,-0.08130142307550504,0.38605114579968336,-1.2781245063406932,3.3098834386346465,-3.4431382577219645,0.007444060721852417,-0.053220187158674784,-3.4464730944250896,3.6070265205607392,-0.08095449567831976,0.014889065173434945,-0.10469570060592273,0.0005232212750155693,-0.29553125334840885,-0.03600476651397844,0.01674960110738471,0.014293923548831982,0.002313992283803878,-0.37838546523694616,-0.101872419373577,-0.06890250032879357,-4.369183984645846,-2.6013395905413774,-0.18009902843292383,-0.01646019871399776,-0.1625022796266678,-0.015722320402529907,-0.3453549723512002,0.04407056539945689,0.011466680441414717,-0.007257088803133643,0.001009373599093313,-0.01670159117904213,0.040139608962239476,-0.009358598100170765,-0.00010669741075510862,-0.002007454632286144,-0.0005334311097421921,-0.061977623423480496,-0.0001454584093632693,0.7140736311610495,nan,nan,nan,nan,nan,nan
67,0.3400000000000002,Standing,0.09123866155506576,0.7238302675570389,0.6585199624415912,-0.5357364728116198,0.004304322569892326,-0.408236604398681,-1.2705441551278598,1.1615118211909685,0.018915376497740027,0.027010265898956932,0.016719442864573966,0.03032207807490299,-0.33233427341775074,0.013636437037697314,-0.02303936163771153,-0.3962174181442492,-0.02424720708944117,0.4722397187460127,-0.003049158351925994,-0.4221098321141563,-2.1054667396704962,-0.20257140935226212,0.011150517713564697,0.02359349475566174,-0.01835757509094077,0.02267665213806906,-0.4030421530642197,-0.004467229274717974,-0.019086696303955812,-0.3928212505232657,0.023489855015549288,-0.03161059482484682,-0.07657391935016288,0.08051219263927933,-0.02856637276331829,-0.07929509968749267,-0.08130432879098348,0.3819828850052271,-1.3071727860301112,3.3230237114901495,-3.4825127580903628,0.006522534741604103,-0.054512867486316105,-3.4759837772849393,3.642884953529132,-0.08023327902432753,0.013091298095335227,-0.08778346120292392,-0.005965483707893721,-0.29794493478681666,-0.03589497410488191,0.016961368234612362,0.014330179884022052,0.0024104916639885224,-0.4192065556132509,-0.10553602695854213,-0.06770468675674221,-4.350671456266423,-2.52808850702642,-0.18762999137250833,-0.01638419301190761,-0.16888517816300486,-0.0074529528256349654,-0.3388125328332453,0.04358026268617805,0.009795096075192026,-0.006900043626997118,0.0009161983417346481,-0.016650462498639367,0.04168367750048679,-0.009619317608078147,-0.00018762421755138403,-0.0022210636028378817,-0.0005811430956866469,-0.061116836258906355,-0.00014378250313673018,0.7058431052183778,nan,nan,nan,nan,nan,nan
68,0.3450000000000002,Standing,0.09318303000696497,0.7176107847431793,0.6759549816853277,-0.5548297849671392,0.004327645335744923,-0.4084891153537168,-1.2861895923332136,1.1787638736632886,0.018527823015470818,0.027069686792621343,0.01637170780799026,0.030263427009487094,-0.3336889644311624,0.013474794903402091,-0.022964482026082953,-0.39615125980408566,-0.024236423483010992,0.4664655764329826,-0.00337939241322114,-0.42231838442016195,-2.118035870972226,-0.2227166675037212,0.010528726710456095,0.023540404776324034,-0.01887611292243716,0.022733209308438213,-0.40399041276052566,-0.004335810520755039,-0.019096551773111578,-0.39288843741000185,0.023502689264013242,-0.03168992849336388,-0.07634969201226934,0.08046095163390884,-0.028569392769383452,-0.07932273797789721,-0.08131132345542479,0.38887369037984404,-1.2438965627719312,3.487003848747308,-3.8186624311038724,0.004664553170519328,-0.05050219100715907,-3.1290874410707508,3.4504104944640366,-0.07751069645384161,0.011884178732882302,-0.06954701131674126,-0.011730213083179036,-0.2709382026823356,-0.032328426859044676,0.01497592232571578,0.013231668032713764,0.0021567212860354543,-1.1548284626060275,-0.06604681225902918,-0.04171046120112931,-2.513826260345935,-4.029051630291819,-0.1243582006217202,-0.010617995867541256,-0.1037075662992778,0.011311434073830551,-0.18965193926119775,0.026283750792586952,-0.0019710938311529765,-0.013437377347224968,0.00256684969279066,-0.015866733703410425,0.04484546757870764,-0.010248201074098006,-0.0006040012130324466,-0.00552765808090823,-0.0013989328882620519,-0.06024877856319432,-0.0001420719611965052,0.6974429811444062,nan,nan,nan,nan,nan,nan
69,0.3500000000000002,Standing,0.09523969418311279,0.711968679052111,0.6947250661271708,-0.5766606886539026,0.004341881942315389,-0.4087040351871295,-1.298937715881094,1.1944644608654746,0.018169665566457417,0.027124033668589856,0.01613053020288424,0.030178132353452937,-0.3348121390939476,0.013342646491865433,-0.022904836024461944,-0.3960962863647108,-0.02422806209114155,0.45580765160797787,-0.0036140488120548066,-0.4224604942865547,-2.1274688523064293,-0.23932250072930575,0.010040262404405668,0.023491110629603334,-0.019180123189129417,0.022834721188464763,-0.4046542264200341,-0.004242319422342444,-0.01899079625979061,-0.39268432773716316,0.0234606466809874,-0.031765963815358504,-0.07610252933945345,0.0804047875866456,-0.028577180067860166,-0.07937314437545148,-0.08132379691473438,0.41133283522956254,-1.1284211382136509,3.754016888368601,-4.366180737352682,0.0028473213140930986,-0.042983966682546525,-2.549624709576091,3.140117440437186,-0.0716314898026803,0.010869375193702513,-0.04823552102120381,-0.017058931206831288,-0.22463493255703268,-0.026429682307331653,0.011929200324201892,0.010994687874971565,0.0016722783738881818,-2.1315849650009433,-0.046931279766733267,-0.028421973278543622,-1.8865962668407072,-3.321166645116909,-0.09769286121008555,-0.009858829344140065,-0.06080205333845163,0.02030237600531022,-0.1327627319016967,0.018698219682518974,0.02115110266419344,0.040821934567731616,-0.00840851660516851,-0.015207064398924873,0.049432534563177435,-0.011232809452648379,-0.0015574596953429984,-0.010081279510854791,-0.002494691861919204,-0.05938858889187333,-0.00014034603415938768,0.6889769429416777,nan,nan,nan,nan,nan,nan
70,0.3550000000000002,Standing,0.09742776401501253,0.7070516858218124,0.7151052765505668,-0.6017194756842995,0.004348576325598078,-0.4088700150606602,-1.3082090612708939,1.208270411496936,0.017855210979957396,0.02717354499999379,0.01600405109146277,0.030070528692650828,-0.33564990052362054,0.01324635946349545,-0.0228627571268233,-0.39605537750996495,-0.02422276061362036,0.4400479743747303,-0.0038027628331006517,-0.42257026157894517,-2.135944841940566,-0.2499830642299875,0.009597744123752208,0.023440801203151708,-0.019407668172672553,0.022948456600721322,-0.4052114815181092,-0.0041657190380213855,-0.01934649869082083,-0.39276443329229965,0.023493481390254,-0.03183978199392097,-0.0758257899681914,0.08034220180007327,-0.028590343863311243,-0.07944715953166608,-0.08134192569244923,0.4376139663799492,-0.9833986460597238,4.076042084679193,-5.011757406079382,0.001338876656537884,-0.03319597470613149,-1.8542690779599584,2.7611901262922895,-0.06289091730000404,0.009902266280786703,-0.025295822284294247,-0.02152073216042171,-0.1675522859345937,-0.019257405673996815,0.00841577952772881,0.008181770949165756,0.001060295504238304,-3.1519354466495066,-0.03774280420916901,-0.021953458478100967,-1.6951979268272914,-2.132112700136352,-0.08850365613069211,-0.01006188529032493,-0.04550899670862719,0.022747082451311854,-0.11145101961501983,0.015320076864211617,-0.0711404862060446,-0.016021111027300493,0.0065669418533200324,-0.014763635712493367,0.055347874252409494,-0.012517157314465224,-0.0026327590902154295,-0.014803031242920057,-0.00362575554297119,-0.058576620131503526,-0.0001386482583853465,0.6806597861783465,nan,nan,nan,nan,nan,nan
71,0.3600000000000002,Standing,0.09974920688405689,0.702950105045366,0.7372697354492822,-0.630269428022497,0.0043496186729488915,-0.4089792936542607,-1.313675272162092,1.2199628287347428,0.01760145175449349,0.027217677754154734,0.0159909625114507,0.029946968148752806,-0.33616882640039086,0.013189638652748609,-0.02283945067092667,-0.3960301415934086,-0.02422091664289178,0.4185619369698438,-0.003969167061305117,-0.4226637292927278,-2.144128449852036,-0.2521365057427747,0.009162943816613109,0.02338790516184805,-0.019582142827210366,0.02305606528084673,-0.4057356283270813,-0.004099204723185864,-0.019423795192878603,-0.39266579163195076,0.023480364712517625,-0.03191273558211151,-0.07551246810770867,0.08027171933057654,-0.028609211244979074,-0.07954615514099658,-0.0813660503067631,0.46428857380887173,-0.8203161552892857,4.43289177974309,-5.709990467639499,0.00020846947016267547,-0.021855718720111265,-1.0932421782396102,2.338483447561366,-0.05075184509278143,0.008826550832188699,-0.002617716002414245,-0.024712108779604506,-0.103785175354063,-0.011344162149368276,0.00466129117932601,0.005047183311263918,0.000368794145715404,-4.297207480977303,-0.033280845640893134,-0.01869354275651838,-1.6367215822940069,-0.43068830255743107,-0.08696006142781992,-0.010579208260731424,-0.034894930907562856,0.021521736025081124,-0.10482936179442132,0.013302862967104229,-0.015459300411554182,0.019728332069776706,-0.002623335547274676,-0.014590717638108241,0.06266437209654573,-0.014096493899345303,-0.0037734763335660866,-0.019799121866100278,-0.004824922862772565,-0.057820088847556954,-0.0001370069474667025,0.6726088922663601,nan,nan,nan,nan,nan,nan
72,0.3650000000000002,Standing,0.10216890330150002,0.6996638421519225,0.7612010924722816,-0.6621622787004191,0.004347038115795554,-0.40903083396625706,-1.3154305726960889,1.2295100413650772,0.017422666592066503,0.02725538611772183,0.016087752862254903,0.02981312306237557,-0.33637025606023446,0.013172079120323716,-0.022833947293719584,-0.3960205246455561,-0.02422252229690043,0.39204392252974174,-0.004118278512617257,-0.4227439351590413,-2.151776760125129,-0.2482143604102913,0.008667140547125807,0.0233327745189872,-0.01971998594805779,0.023152287312859877,-0.40621785661699067,-0.004043426952832521,-0.019365853169571765,-0.3925270832759268,0.023453522353840135,-0.03198658304083432,-0.07515702547370083,0.0801923107854826,-0.028632666902517364,-0.07966483313858529,-0.08139490122130297,0.48393928348862714,-0.6572525786887269,4.786271404599879,-6.378570135584433,-0.0005161114306675541,-0.010308062399263249,-0.35106010679939714,1.9094425260668637,-0.035757032485396995,0.007541672713418728,0.019358070160840943,-0.026769017275447473,-0.04028593196872085,-0.0035119064849784346,0.0011006754414174136,0.001923389570503239,-0.00032113080173037196,-5.303602888020405,-0.029822290262427956,-0.01604117326270786,-1.5296620546186634,0.7844290664966758,-0.09916065389746051,-0.01102612857216976,-0.027568624169484694,0.019244406402629935,-0.09644565798187237,0.011155554070668547,0.01158840466136776,0.027741671204794177,-0.0053684717354977665,-0.01476949174456262,0.07108852680156916,-0.015881709018790182,-0.004691131507658215,-0.023735599517740395,-0.005770182907973298,-0.05712782631683224,-0.00013542807907466307,0.6648693493086848,nan,nan,nan,nan,nan,nan
73,0.3700000000000002,Standing,0.1046380317601455,0.6971321152986676,0.7867693318768723,-0.6970327607846091,0.004342357108869252,-0.4090278887242917,-1.313806699951362,1.237013671310729,0.0173274613622441,0.027285751848569118,0.01628447192646826,0.029674517100906045,-0.3362769366848661,0.013190668544049336,-0.022844209388589172,-0.3960254484798892,-0.02422732392713265,0.36144969439247526,-0.004245160932224943,-0.4228109023782873,-2.1583678594530094,-0.24125076988915187,0.008069478590838765,0.023275108399664526,-0.01980537277422012,0.023238536251648012,-0.4066229593055355,-0.004001992992888042,-0.019344988751251315,-0.39251146861194636,0.023450671079548565,-0.03206270511063749,-0.07475534963301143,0.08010335737957498,-0.028659163452310923,-0.07979601736880491,-0.08142675521881323,0.4938256917290937,-0.506345370650976,5.113647880918123,-6.9740964168379955,-0.000936201385260429,0.0005890483930737853,0.32477454894537816,1.5007259891303293,-0.01904104596448023,0.006073146169457647,0.03934381284267133,-0.02772119229390537,0.01866387507368055,0.0037178847451240305,-0.002052418973917538,-0.0009847668666207888,-0.000960326046443973,-6.118845627453294,-0.02537648392153711,-0.013393443849195228,-1.318219865576037,1.3927181042278867,-0.1195323912574083,-0.011533223864535208,-0.01707736523246569,0.017249787757626624,-0.08102053770896331,0.008286791988895804,0.00417288366409001,0.0031229327960834545,-0.0005702548583138237,-0.015224413960633409,0.08033516813787858,-0.01779068118152436,-0.005299309958711833,-0.02623684604392647,-0.006370799502052533,-0.05648442544095873,-0.00013391602547897303,0.6574582340799229,nan,nan,nan,nan,nan,nan
74,0.3750000000000002,Standing,0.10711030903778425,0.6952828074673734,0.8138301564888264,-0.7345032383187786,0.004336285591800617,-0.4089750258251683,-1.3091541749198266,1.242599064672101,0.017320137816538947,0.027308136589706163,0.01656786503874004,0.029535928254598377,-0.33591590610905586,0.013241871372994233,-0.02286831219204245,-0.3960436436649567,-0.024235023106109255,0.3276113501689273,-0.0043458635903878,-0.42286289518011433,-2.1636325844866553,-0.23335915176874633,0.0073513181404856656,0.02321332617340432,-0.01983149487668579,0.02331588236215993,-0.40693084201012586,-0.003976245406695994,-0.019372301190743457,-0.3925881852465539,0.023466355417940534,-0.03214141524655862,-0.07430436968339235,0.08000451935818276,-0.028687204059368924,-0.07993275548822959,-0.08145993779721246,0.4944554555277508,-0.36986156625884514,5.4121649223908195,-7.494095506833908,-0.0012143034137270827,0.010572579824676692,0.9305050063071122,1.1170786722744026,-0.0014647091410308864,0.004476948227408614,0.0566786224543554,-0.027717769261533583,0.07220611516204209,0.010240565788979559,-0.004820560690655196,-0.0036390370134997143,-0.0015398357953206442,-6.767668844709597,-0.02014053163257132,-0.010398560365407376,-1.0529450067292154,1.5783236240811067,-0.14363209007061992,-0.012356445252041163,-0.0052244204931344886,0.015469222102383374,-0.061576540918072985,0.005149517238409604,-0.005462487898428661,-0.015343326921515282,0.0031368676783940755,-0.015742027184225706,0.09019598992381629,-0.019767604278443936,-0.005608121411600496,-0.027347623884934117,-0.0066365156798458185,-0.05587164775850954,-0.00013246800323918174,0.6503573404980646,nan,nan,nan,nan,nan,nan
75,0.3800000000000002,Standing,0.10954503550844061,0.6940438995693867,0.8422508055991366,-0.7742313674704097,0.004328821492665236,-0.40887716491279913,-1.3017996486954124,1.2463897301476137,0.017401804736633972,0.0273220647760495,0.016924124623179077,0.02940095329745104,-0.33531413811349287,0.01332218976736633,-0.02290460917500759,-0.3960738291499515,-0.02424532434530725,0.29116621457335323,-0.004418559991759693,-0.42289928343103683,-2.1674927166195554,-0.22576246075264625,0.006539654540440107,0.023147646317039042,-0.019793827579550147,0.023384716353664545,-0.4071356440838481,-0.003965972372935354,-0.019353849137746248,-0.39263992643572015,0.023474625910931537,-0.0322216468305997,-0.07380217984031845,0.0798957320290626,-0.02871547067428445,-0.08006895989451294,-0.08149298007305147,0.4869452941312714,-0.24778157959731908,5.684129822062028,-7.945625830326204,-0.0014928198270762329,0.01957218247384032,1.4709052448828221,0.7581330951025091,0.01633338401900524,0.0027856372686670666,0.07125191688780701,-0.026994991429467007,0.12035359911260453,0.01606367887441934,-0.007259396593028154,-0.006037096998957069,-0.002060247839599297,-7.289027119114813,-0.014539280274378771,-0.007277650184496,-0.7720264265799983,1.5193382032200171,-0.16233272000911164,-0.013135971273055802,0.007533459427128946,0.013766798300922997,-0.040960414744446755,0.0020546067521279585,0.0036904105994420887,-0.010348237833241191,0.001654098598200738,-0.01604631680821633,0.1004379686147815,-0.021757465824033345,-0.005653322983105354,-0.02724088125667134,-0.006608455167803175,-0.0552758451431801,-0.00013107848338997358,0.6435407353159766,nan,nan,nan,nan,nan,nan
76,0.38500000000000023,Standing,0.11190559074941304,0.6933441170849194,0.8719086077596764,-0.8159034301068379,0.0043194582457115535,-0.4087393955024461,-1.2920541533915544,1.2485070045965947,0.017571171076403717,0.027327090875444247,0.017340226319157402,0.029271933797994955,-0.33449835248300847,0.013428205089828275,-0.02295162130526062,-0.39611471614039806,-0.024257934904692514,0.25263599174996526,-0.004463012321439376,-0.42292049796565284,-2.1699691298187425,-0.21921527416695372,0.005686879091516824,0.023080155217523535,-0.01969200431395382,0.02344495146630802,-0.4072391597574289,-0.003970180980359443,-0.0192834033712607,-0.39263986332612605,0.02347077069669065,-0.03230095608631873,-0.07324827756537133,0.07977722776078343,-0.028742809560779393,-0.08019934912773224,-0.08152460680185551,0.4721110481944885,-0.1399564968934632,5.931560432107961,-8.334412527285645,-0.001872649390736474,0.027553882070608587,1.9490990607716072,0.42345488979622414,0.03387326795394906,0.0010052198789495086,0.08322033919566504,-0.02580389989121702,0.1631571260968816,0.02120306449238908,-0.009402426050606035,-0.008177398089314608,-0.0025221118770528293,-7.706044564677597,-0.008890465935936485,-0.0042429069232038305,-0.49528263983742277,1.3094373171385083,-0.1705550897846566,-0.013498219903101526,0.020364653119265747,0.012047022528694534,-0.02070313471615791,-0.0008417214848177534,0.014089153297109247,1.2621918823070566e-05,-0.0007710428481771242,-0.015861851143806012,0.11078045498942224,-0.02370085365583334,-0.00546777729898855,-0.02607784664386107,-0.006325345760807065,-0.05468749385732367,-0.0001297405875604605,0.6369784927583382,nan,nan,nan,nan,nan,nan
77,0.39000000000000024,Standing,0.11415830021108608,0.6931126668850296,0.902687571047318,-0.8592251546161429,0.004307405550805623,-0.40856701571691917,-1.2802301864644945,1.249103328284722,0.017825167298303517,0.027322704490221984,0.017804263346705353,0.029150111080293067,-0.33349585424675765,0.013556479199122975,-0.02300790398169591,-0.3961649712848477,-0.024272553685660007,0.2124686098044254,-0.004480237081572905,-0.42292758808562236,-2.1711375422049177,-0.21419385371327498,0.00484985870720987,0.023013874936374547,-0.0195279232874488,0.023496350484639945,-0.4072477349275922,-0.003987536991583823,-0.019238214146213784,-0.3926700824001009,0.02347364469153701,-0.03237569780009387,-0.07264369011431292,0.0796495308303323,-0.028768228958371205,-0.08031942968382245,-0.08155373307232612,0.45054189233460745,-0.04629003997796974,6.155792657528317,-8.664344901861009,-0.0024105389811862102,0.03447595710538106,2.364793385411984,0.11926473762544848,0.05079924437996022,-0.0008772770444524754,0.09280740550958992,-0.0243645435403775,0.2004996472501582,0.025654821858939927,-0.011256535287057532,-0.010051028889925168,-0.0029237561934984503,-8.033476389107976,-0.003444952026705952,-0.0014180239939012716,-0.23368247723504987,1.0042840907357478,-0.16740407686139083,-0.013256056229797456,0.03281620530100433,0.0102798036663854,-0.0017150340326526382,-0.0034712022448759026,0.009037845009383424,-0.006043814794963653,0.0005747989692713627,-0.014948342755027511,0.12091749021168416,-0.02553938609022575,-0.005083879518362278,-0.024016111218040658,-0.005825254094122048,-0.054099257296870214,-0.0001284476542336755,0.6306386479630879,nan,nan,nan,nan,nan,nan
78,0.39500000000000024,Standing,0.11627130046816567,0.6932772305809048,0.9344712809655616,-0.9039086429344934,0.004291738586697297,-0.4083653480063428,-1.2666348904198,1.2482918874123372,0.018158859107177412,0.027308451096538042,0.018305097131995258,0.02903599719016171,-0.3323337725492727,0.013703630789051343,-0.023072058914726166,-0.3962232574899483,-0.024288879735731888,0.17108314643068828,-0.004472409234689925,-0.4229218849545353,-2.171114065266264,-0.21102617035933238,0.004071692006303531,0.02295154861356593,-0.01930637695714787,0.02353864982714487,-0.4071709454676497,-0.004016483001744496,-0.01922269688097265,-0.39272873944083425,0.023482977064101043,-0.03244132036599286,-0.07199104584681286,0.07951344145396158,-0.028790889496021405,-0.08042544148041397,-0.08157945104241462,0.4226000514159156,0.03291273917506049,6.356741983648721,-8.936697663670088,-0.003133392821665109,0.04033354211527636,2.719059208938923,-0.1622881744769485,0.06673836177477939,-0.002850678736788575,0.10016675705798134,-0.022822778026271542,0.2324163394969909,0.029430317985673592,-0.012830986606051718,-0.011657241020124172,-0.0032652100143763557,-8.277092674747422,0.001565569376596132,0.0011406262174110471,0.004695387730705325,0.6335366707885204,-0.15563334018126793,-0.012465264561723569,0.044309266060185794,0.008459868500985174,0.015357891988500835,-0.0057892020321347465,0.0031034530482268617,-0.011731408146676756,0.0018664745128068013,-0.013124513179797688,0.13052885350001273,-0.027217875274143058,-0.004532107530039842,-0.021202359318302767,-0.005143594017701742,-0.05350531691888825,-0.0001271935136058815,0.62448829498502,nan,nan,nan,nan,nan,nan
79,0.40000000000000024,Standing,0.11821411345179395,0.6937636525423466,0.9671399022375181,-0.9496649329325043,0.004271598834538904,-0.40813990358462987,-1.251590466683157,1.2462057331854057,0.018565485410820638,0.02728395472647176,0.01883248565020847,0.028929537681685435,-0.33104047761779737,0.013866166731733258,-0.023142610925988308,-0.39628817226597396,-0.02430659544537744,0.12889415137215285,-0.004442536238117097,-0.42290479646438855,-2.1700420066007036,-0.20997887097507092,0.003374707134632803,0.02289499557041248,-0.019034497597907846,0.02357178867406803,-0.407020434708696,-0.004055318783070291,-0.01917451849486197,-0.39274303759121204,0.023482611043839162,-0.03249272349087692,-0.071294548330366,0.07937000239497094,-0.02881010814240305,-0.08051435525008567,-0.08160102961106216,0.38856259672565496,0.09728439228835115,6.533724254391292,-9.151257999602183,-0.0040279504316786665,0.04508888434257656,3.0088847473285862,-0.417230845386315,0.08132526072864513,-0.004899274013256739,0.10547770364264226,-0.02129190169525489,0.25865898629507195,0.03250718853638318,-0.014110402252428154,-0.012982955205137375,-0.003543141929110601,-8.437799011707085,0.005974599314565561,0.0034176980293509148,0.21441173311214326,0.20945987685229367,-0.13939697433414555,-0.01131060863068979,0.054375871848005145,0.0066277693846314625,0.03010215179074777,-0.007767156265158916,0.009635677222135942,-0.0028596300755608164,-7.320405237626988e-05,-0.01028062497681138,0.1392995032893715,-0.028687811798128952,-0.0038437292763285787,-0.017782753934340714,-0.0043157137295092044,-0.05290093421871096,-0.00012597125472645976,0.6184935098273582,nan,nan,nan,nan,nan,nan
80,0.40500000000000025,Standing,0.11995801529436438,0.6944984405115238,1.000573715322459,-0.9962089307007478,0.004246263609658116,-0.40789627571999354,-1.2354273294376839,1.2429904990353569,0.01903715621354051,0.02724893766285036,0.019377106819494744,0.02883031585438074,-0.3296450285227612,0.014040543060753518,-0.023218043426968298,-0.3963582732204338,-0.02432537311339817,0.08630372133382185,-0.004393829240403858,-0.4228773513487597,-2.1680705706225103,-0.21128885191834457,0.0027623129774266204,0.02284502704967828,-0.018720579512005685,0.02359611568874547,-0.40680814067224935,-0.004102357152183331,-0.019146921106566975,-0.3927738618965486,0.02348640103823334,-0.03252462053058741,-0.0705597964884783,0.07922043622825514,-0.02882556088523619,-0.08058381088353948,-0.08161787510941493,0.34878036851408695,0.14695759383541962,6.686762616988179,-9.308799553648685,-0.0050670449761576,0.04872557292727084,3.232627449094623,-0.6430468300097624,0.09433416054397457,-0.007003412724280601,0.10892423385725462,-0.01984436546093959,0.2790898190072421,0.034875265804051904,-0.01508650019599791,-0.014020190891977721,-0.0037555336041459695,-8.5180860076662,0.009741399542647713,0.005489023125773153,0.39428719563862125,-0.2619961886547287,-0.1224788314412365,-0.009993704146839873,0.06278361718043193,0.004865402935487859,0.042458807289326723,-0.009407673822607912,0.005519477658998975,-0.006164861067318021,0.0007579988788358292,-0.006379407942099348,0.1469503683775398,-0.02991323334316016,-0.003090548566628371,-0.013891126690762482,-0.0033690996705523467,-0.05228227673349301,-0.000124773500801028,0.6126202863892057,nan,nan,nan,nan,nan,nan
81,0.41000000000000025,Standing,0.1214759033298828,0.6954071949606403,1.0346491416710686,-1.0432511422866373,0.004215364957462258,-0.4076402275805413,-1.218493431315078,1.2388080557352308,0.019565164331958228,0.02720326978741082,0.019930429569854673,0.02873772260610914,-0.32817786598537824,0.014223078286219685,-0.023296744339754802,-0.3964320490730528,-0.024344866825321013,0.043714498032615456,-0.004329812505335638,-0.42284055525662284,-2.1653518298453847,-0.21520080814150044,0.0022255754463724724,0.022801773419970413,-0.018373368551901362,0.023612412451279107,-0.40654598916831797,-0.0041559313952862905,-0.019123858536111836,-0.39280264578040797,0.02348995292426291,-0.03253193369192536,-0.0697936663841627,0.07906610837429902,-0.02883940461631294,-0.08063112176935125,-0.08162904492643226,0.3035776071036833,0.1817508898233107,6.81508526972194,-9.408442317177917,-0.006179730439171569,0.051209627890444295,3.3867796245212047,-0.836488660025219,0.105601623683543,-0.009133575087907783,0.11066455007198565,-0.01851864965431964,0.2934325074765827,0.03650704509323355,-0.015740182557300825,-0.014755170523799245,-0.0038987423845682624,-8.517844660241277,0.012803347013644073,0.007359218427371078,0.5437481554251722,-0.7823912446311752,-0.10734750621082961,-0.008650725941573347,0.06944219202086441,0.003259352506726953,0.05243030078627465,-0.010714848620591869,0.004612514091027703,-0.005756776771866473,0.0007103772059142946,-0.0014626322675902132,0.1532260208631188,-0.03086557079122462,-0.002768746215349805,-0.009462177162352333,-0.0022339634034670894,-0.05164647586259857,-0.00012359395915061627,0.6068357473277023,nan,nan,nan,nan,nan,nan
82,0.41500000000000026,Standing,0.12274290707048034,0.6964160914322208,1.0692418813529598,-1.0905020555712277,0.00417895344400322,-0.40737759969240966,-1.2011495002113783,1.2338325743716743,0.02014010042256175,0.027147066949199418,0.0204845510510978,0.028651113014717927,-0.32667046224312757,0.014409988596271876,-0.023377033742561452,-0.396507936612664,-0.024364716770980545,0.0015234524644098801,-0.004254000896781509,-0.42279558604083917,-2.162030667952626,-0.22199229513028557,0.0017518243321460246,0.022765176233192796,-0.018001456201642993,0.02362185038668375,-0.40624508677366056,-0.004214468401732636,-0.019089323240022802,-0.39281023687149613,0.02348937899136299,-0.032510137746462636,-0.06900405340676952,0.07890846795945462,-0.02885586376048948,-0.08065331132600756,-0.08163335057322481,0.25340074811950886,0.2017792943161035,6.918547936378254,-9.450182656918086,-0.007282302691807679,0.052525577626322636,3.468786220739898,-0.9950962727113132,0.11498721812070484,-0.011240567642280406,0.110824296248625,-0.01732191827824212,0.3014807484501372,0.03738206201043802,-0.016057880561330104,-0.0151775079222401,-0.003969989131906427,-8.438209113641115,0.015162321710825682,0.008993843156732288,0.664232378551647,-1.3582973977570232,-0.09475022284528957,-0.007319437355523598,0.07438247005167378,0.0018875870809283897,0.06018047893147687,-0.011707401289269078,0.0069070592178069575,-0.001518218217638755,-0.00011478657998423476,0.004359189092545453,0.15792259547863682,-0.031528082968878775,-0.0032918288353077983,-0.004437911331261498,-0.0008611293585100452,-0.05099159712265581,-0.00012242591557199136,0.6011074478220645,nan,nan,nan,nan,nan,nan
83,0.42000000000000026,Standing,0.12373717183779023,0.6974545142149791,1.1042327765441424,-1.137681133469367,0.004137517563615154,-0.40711414525649287,-1.1837588685116844,1.228242763890595,0.020752011500096017,0.02708077753133584,0.021032107303812813,0.028569915880372727,-0.3251545273568751,0.01459747686464502,-0.02345721936289877,-0.3965843586278866,-0.024384558771196625,-0.0399001822978441,-0.004169654623200169,-0.42274372299941126,-2.1582393297639726,-0.23194432410771926,0.0013312674401761541,0.022735311619792854,-0.017612700483084536,0.023625847232588537,-0.40591535624654707,-0.004276535645958179,-0.019101619287534434,-0.39286194667848057,0.02349870416664204,-0.03245554367398854,-0.06819952925145517,0.07874898011897918,-0.0288801409667835,-0.08064754513925336,-0.08162962118773821,0.1988529534619788,0.2076845565516561,6.998179038236529,-9.435815579627876,-0.00828717607761307,0.05269088718336083,3.4781263399387994,-1.117962096215844,0.12238221550685362,-0.013257883572715392,0.10951125054300248,-0.016239426869040098,0.30318697725048754,0.03749765367462898,-0.016037124067463635,-0.01528440304452971,-0.00396840004321627,-8.284726952450796,0.016869254716268173,0.010372608285575364,0.7582676377307069,-1.990405795486737,-0.08411137839397408,-0.005972922679988609,0.07775114371169158,0.0007993691809570209,0.06594610542269408,-0.012413448845108666,-0.002459209502326293,-0.010341961396891051,0.001865035055809526,0.010918814494819382,0.1609048310628685,-0.031897568095086884,-0.004855441258803913,0.0011532373508391144,0.0007458770973185552,-0.0503164820900265,-0.0001212628517087327,0.5954038133087823,nan,nan,nan,nan,nan,nan
84,0.42500000000000027,Standing,0.12444038174790523,0.6984550281631309,1.1395084786834142,-1.1845190260019618,0.004091985995036656,-0.4068555105377901,-1.1666843347709994,1.2222224203202183,0.021390549383303644,0.02700522826867231,0.021566199574059274,0.028493692439460566,-0.32366173054788666,0.01478176273743083,-0.02353561020156264,-0.39665974285924915,-0.02440402772836935,-0.08022215991870689,-0.004080403708987068,-0.4226866967364342,-2.154124207823171,-0.24526404317288752,0.000958594901808559,0.022712373118262418,-0.017215270147573045,0.02362569630920082,-0.40556769427236256,-0.004340597587051551,-0.019008620529718696,-0.3927367299629003,0.02347263320706674,-0.03236553203966227,-0.06738903437849396,0.07858907841801316,-0.028917522857351826,-0.08061149300941052,-0.08161690617292326,0.14064198202299852,0.20010278963035844,7.055140427854351,-9.36757850651894,-0.009106313715699595,0.0517269437405518,3.414906748136994,-1.2040687140753317,0.12770757664152502,-0.01510985253270623,0.10681845404929233,-0.01524468818243246,0.29855936179768755,0.03685717455716189,-0.01567816773277357,-0.015076846272512252,-0.0038937914345447927,-8.064395524172557,0.017850182842620202,0.011405252595409948,0.8230243881602934,-2.6639438130336557,-0.07453450767351902,-0.004587700306086867,0.07948606710229832,-3.0184677543588123e-05,0.06953239483690242,-0.012812388218674468,0.018599751563147342,0.025043343116050887,-0.005214191915060168,0.0180023268652544,0.1620989745922413,-0.0319803401932037,-0.007476378113665077,0.007210425968567774,0.002543002962990256,-0.0496207595320037,-0.00012009908545567338,0.5896948920857806,nan,nan,nan,nan,nan,nan
85,0.43000000000000027,Standing,0.12483836772749092,0.699362963705731,1.1749807778380643,-1.2307839060278132,0.004043585405205372,-0.4066068717015245,-1.150255809185048,1.2158501735851002,0.022045254126625592,0.026921695599465546,0.022080478599416618,0.02842219983696522,-0.32222114585482264,0.014959381256970291,-0.023610690456378394,-0.39673263491599464,-0.024422787870862633,-0.1191847981886844,-0.003988126165207604,-0.42262602974397406,-2.1497882017342955,-0.2621442636076064,0.0006347197500159352,0.02269674685474862,-0.016815288237433668,0.02362284544642844,-0.40520953433546836,-0.004405538234171432,-0.01934232980039521,-0.39286937627956403,0.02351189996708113,-0.03223863433474114,-0.06658128707329251,0.07843005891822703,-0.02897262917511677,-0.08054360143548556,-0.0815946095044977,0.07959719591713926,0.18158710852002852,7.094459830930009,-9.252976005170268,-0.0096801179662568,0.04972776725313234,3.2857051171902794,-1.2744493470236362,0.1309409486643896,-0.0167065338413528,0.10285580507146902,-0.014298520499068886,0.28811693861280185,0.035523703907892286,-0.015016050963150836,-0.01457841134909713,-0.003752028498656548,-7.792527653995501,0.018455508755892636,0.012133398492026354,0.8672012177751434,-3.3760440869437773,-0.06477503035852478,-0.003125252702759652,0.07999638202787535,-0.0005701725544757257,0.07163198737883629,-0.012988129423976154,-0.06674185413530309,-0.026529263332746085,0.007853352002878159,0.02537954098422631,0.1615494610402884,-0.031803899957224234,-0.011021263552989161,0.013578314784991856,0.004459333685111535,-0.04890487237835176,-0.00011892755709166672,0.5839522805641009,nan,nan,nan,nan,nan,nan
86,0.4350000000000003,Standing,0.12492288229527834,0.7001285448799395,1.2105723487474624,-1.2762760883666953,0.0039938133898153065,-0.40637270074151466,-1.134771796534645,1.209314567538219,0.022706015955713182,0.026831755610272724,0.02256934007577299,0.02835526896488311,-0.32085921382829974,0.015127187575457708,-0.02368110229071175,-0.39680170324583836,-0.0244405334162564,-0.1568981384561317,-0.00389629872937157,-0.4225630495393475,-2.1454052671297474,-0.28139544392269067,0.00036028065066885266,0.022687619126377685,-0.016419956516413477,0.023617343610904656,-0.404854512877254,-0.004469557571854298,-0.019398053558621176,-0.3926807254219293,0.023482155961518168,-0.032074596569319117,-0.06578451627663544,0.07827305869707031,-0.02904878009768195,-0.08044293364655872,-0.08156247925705366,0.016902913557483343,0.15311623484169767,7.1183141818796045,-9.09843646777642,-0.009954403078012994,0.04683419200196869,3.096802530080592,-1.3071212093762286,0.13215236581751788,-0.017987997838564487,0.09777229527127419,-0.013386174416422312,0.27238640530458064,0.03356126369748341,-0.014082366866670783,-0.01381366596874184,-0.0035491090787535704,-7.5426680534894635,0.018365487167206887,0.012596040925314595,0.8765869209096456,-3.8502360630168533,-0.0548878198694165,-0.0018255456741865536,0.07906634420403816,-0.001100367104756677,0.07100429164286808,-0.012803867536573331,-0.011144751645193116,0.037730171526952204,-0.00594880111259259,0.03280755308440412,0.15935415933141456,-0.0314000442313448,-0.015230184513035767,0.020133557785366824,0.006426049488809751,-0.04816940969492679,-0.0001177464821379513,0.5781531478262172,nan,nan,nan,nan,nan,nan
87,0.4400000000000003,Standing,0.12469079085044622,0.7007217645313344,1.246244816096009,-1.3208548919568466,0.003944251734403577,-0.40615648925270964,-1.1204746921448505,1.2029285395173783,0.023363423586282395,0.026737234660720224,0.023028107679342366,0.02829278491138681,-0.31959773603240266,0.01528259268138446,-0.023745772885810996,-0.39686582646494495,-0.02445701201992906,-0.1938623967182133,-0.003806516050492252,-0.42249768203796134,-2.1410951980000794,-0.30078359094330087,0.0001342179252475877,0.02268359120074406,-0.016034380375218805,0.02360916781485578,-0.4045124026441894,-0.004531315127019159,-0.019363913189975414,-0.39252983060920627,0.023454211434463874,-0.03187426644706771,-0.06500584437139176,0.0781189544652554,-0.02914769498725974,-0.08030865249410209,-0.08152046997336929,-0.04641828896642439,0.11864393027898601,7.134493469709282,-8.915760718030274,-0.009912331082345939,0.043242297761003363,2.8594208779589194,-1.2772056041681346,0.1314815261138428,-0.01890418991050007,0.09175352071387526,-0.012496810699260109,0.25229555917941987,0.03108102118535063,-0.012934119019849335,-0.012824643821323495,-0.0032957207345313726,-7.392851652416315,0.017956535775863532,0.01307350027722572,0.862013825933632,-3.877629404122041,-0.04521254508425299,-0.0008055851267250421,0.07711522823893452,-0.001635159209775115,0.06842204661291897,-0.01235151103297224,0.006828073729152423,0.03017896254459964,-0.005588905410858914,0.04006602445028217,0.15573438104873646,-0.030820846362982338,-0.019782977915558518,0.02685623049132585,0.008401856736875957,-0.04742372082590761,-0.00011654618229090255,0.5722687054028035,nan,nan,nan,nan,nan,nan
88,0.4450000000000003,Standing,0.1241390841868887,0.7011175489373762,1.281967185592753,-1.364355684466104,0.0038968186649552816,-0.4059623692703073,-1.1076509392567058,1.1966958523146665,0.02400811229554727,0.026640203253814436,0.02345218984819555,0.028234814920006956,-0.31846157017110915,0.015422657624435707,-0.023803351345955032,-0.39692377264633427,-0.024471933989383184,-0.23047526594211062,-0.0037199820177438564,-0.4224318626766618,-2.1369690808108013,-0.31857285973709853,-4.978421947394586e-05,0.02268380857570312,-0.015663776114060172,0.023599080781895865,-0.4041915504012388,-0.004589677986096517,-0.019359883596021987,-0.3925085852097634,0.02344983748922949,-0.031639716932791266,-0.06425206445931045,0.07796859601186788,-0.02926981109116806,-0.08014014117664056,-0.08146872774075692,-0.1103413327115066,0.07915688120836967,7.144473899348814,-8.700158501851483,-0.009486613889659105,0.038823996480467235,2.56475057762894,-1.2465374405423872,0.12893774185297444,-0.01940628138115759,0.08481643377063675,-0.01159399827597062,0.22723317225869535,0.02801298861024957,-0.01151569202880719,-0.011589236277865466,-0.002984393890825286,-7.322573844779466,0.017306806549679143,0.013163872259909117,0.825223437855646,-3.5578537587595362,-0.03680042894430671,4.3474991812308223e-05,0.07412085223172654,-0.0020174065919832534,0.06417044859012638,-0.011672571815471627,0.0008059187906856741,0.004249079888574973,-0.0008747890468764766,0.04690990285528881,0.15075598241626267,-0.030071690677503624,-0.024423220781663778,0.03370226349230632,0.010348446522474792,-0.04668416808961444,-0.00011532315667961608,0.5662718716133543,nan,nan,nan,nan,nan,nan
89,0.4500000000000003,Standing,0.12326428002178967,0.7012956705022243,1.3177158477194706,-1.40658128529661,0.0038540213981492284,-0.40579578546276424,-1.0966967378292338,1.190575488304542,0.024629817818899176,0.026542762763558603,0.02383637976165585,0.028181531395257815,-0.3174840411868101,0.015543447187471318,-0.023851885572454684,-0.396973934214253,-0.024484909371073046,-0.2669935658622939,-0.003638695630245539,-0.4223677811438537,-2.133132477727549,-0.33356937119975894,-0.0002015257342819769,0.022687664274787144,-0.01531400314629352,0.023588028491806124,-0.4038993779690668,-0.004643636930720739,-0.01938362775432397,-0.3925704770562836,0.02346110937867263,-0.03137411833627859,-0.06352974403694453,0.07782286505453372,-0.029414538253798393,-0.07993698910478327,-0.08140754866175667,-0.17496083301980567,0.035624312969608635,7.149732425343524,-8.445120166101196,-0.008559453361210662,0.03331676150861904,2.190840285494378,-1.224072802024858,0.12434110467038116,-0.019488098051166542,0.07683798269206002,-0.010656704949827909,0.19550579685980463,0.02415791260712221,-0.009706845299930385,-0.010032313583741856,-0.002595076337972111,-7.303659984036655,0.016257277499663554,0.012816306561614723,0.7673206166504922,-2.9993022925320845,-0.030348302961606205,0.0007711398168046039,0.06995459355333042,-0.0022104580179482186,0.05843448643439561,-0.010791788924844337,-0.004748831660396462,-0.012378369304042694,0.0022543778886272717,0.05311971930253549,0.1444640844731845,-0.02914619146683461,-0.028945432526066947,0.040630414371460484,0.012235815800048105,-0.045963557759101256,-0.00011407368872808714,0.5601414657988079,nan,nan,nan,nan,nan,nan
90,0.4550000000000003,Standing,0.12206113100571427,0.7012324615348433,1.3534578924559297,-1.447297820330113,0.003818816097451361,-0.405663316223926,-1.0880962319530803,1.1845022523224968,0.02521693965678152,0.02644703967514951,0.024174530759881543,0.028133281986830204,-0.31670570450252666,0.01564017049658364,-0.023888968925938635,-0.39701437364661707,-0.02449546293425534,-0.30336277710101667,-0.0035646240199264504,-0.42230788687863163,-2.1296309137005367,-0.3459697501710237,-0.00033145355456059157,0.022695257460502476,-0.01498945705714524,0.02357769031494177,-0.4036379747442166,-0.004692844149178581,-0.01938809737519985,-0.3926415755973188,0.023473195586762263,-0.031081589950151867,-0.06284532996246929,0.07768272247978386,-0.029580555812779016,-0.07969951702110753,-0.08133747446108823,-0.24062980321508173,-0.012641793476187643,7.14840894729181,-8.143307006700622,-0.007041060139573556,0.026493847767654913,1.7201011752307078,-1.214647196409042,0.11742436757646867,-0.019144617681818528,0.06763019964513814,-0.009649881685522256,0.15566733685669235,0.019344661822464727,-0.007416670696790135,-0.00808788647282239,-0.0021107126364583208,-7.273842247744551,0.01481432206381767,0.011978853044409188,0.7003128054024023,-2.4800757942529548,-0.025985564055722943,0.0015186371430662518,0.06490921782965625,-0.002067635372870918,0.05228064497004284,-0.009841443691568452,-0.0008939241751762237,-0.014219708207045675,0.0024172416179268027,0.05850567722534394,0.1368828148950469,-0.028028514949971627,-0.033203511796124616,0.04749441673514723,0.014014840133687695,-0.045270128198923815,-0.0001127948129920254,0.5538643070563857,nan,nan,nan,nan,nan,nan
91,0.4600000000000003,Standing,0.12052389769497013,0.7009020611465119,1.3891546395252035,-1.486247091829317,0.0037947853586680898,-0.40557372555749105,-1.0824839131453254,1.1782306217936511,0.025755735409082978,0.026355194702441027,0.024458853074266623,0.02809065101426534,-0.31617939055343114,0.015706583251262146,-0.02391142866077082,-0.3970425761821,-0.024502974455853862,-0.339318811665469,-0.0034989654883182,-0.4222539110297195,-2.1264690629490826,-0.35676484011351955,-0.000448083974448194,0.022706688202507052,-0.014692320757435729,0.023569631027128154,-0.40340615746685377,-0.004737378742352415,-0.019350866035756562,-0.3926740019379266,0.023476827987253642,-0.030766978113641184,-0.062205026832326954,0.07754919551473483,-0.029765846840906746,-0.07942903677888159,-0.08125933506680884,-0.3074466621488262,-0.06608007766629162,7.139349413854726,-7.789854299840769,-0.004806147756654244,0.01791813328698813,1.1224637615509505,-1.2543261057691604,0.10775915046029198,-0.01836899454169688,0.056864462877016096,-0.008526194512972448,0.10526278981910622,0.013282550935701371,-0.00449194696643682,-0.005640507096582563,-0.0015023043197045123,-7.191206912890464,0.013131706321650082,0.010795169782424823,0.6323701502908042,-2.15901798849917,-0.023326083977520486,0.0022861484009153547,0.05942725994190215,-0.00161185756272305,0.04636345547256637,-0.008906918634766805,0.007446267888657281,-0.006485268121560762,0.0007264800982761082,0.06292236730213652,0.1280606260284677,-0.026705393009806528,-0.03705820562554575,0.05409604844518765,0.015627878855878536,-0.04460522984017844,-0.0001114845774957552,0.5474333803089084,nan,nan,nan,nan,nan,nan
92,0.4650000000000003,Standing,0.11864848281845716,0.7002834820105189,1.4247772745537128,-1.5231840343860925,0.003784913280640132,-0.40553417172160267,-1.080359441990597,1.1714487188390026,0.026232341131607717,0.026269424826492208,0.02468200555538089,0.028054343922343194,-0.3159483880808366,0.015737565598903686,-0.02391686614967299,-0.3970564624057408,-0.024506937214965614,-0.37464423638427385,-0.003441737869588412,-0.42220615212503804,-2.1236350093004885,-0.36667006534278307,-0.0005565237411887819,0.022721392916806603,-0.014422229652388268,0.023564527243996203,-0.4032020465096274,-0.004777447525229729,-0.01929004300628161,-0.392679054119703,0.023474747745139527,-0.030435677555082977,-0.06161426259432752,0.07742325597617676,-0.02996752911675489,-0.07912758026980722,-0.08117415473555498,-0.37508297530259255,-0.12371582719859212,7.12452700570189,-7.387388511355117,-0.001974415605591559,0.007910767177672421,0.42489423094567913,-1.3563805909297089,0.09532114450494757,-0.01715397518976375,0.04463049622285374,-0.007261418384429171,0.046200494518910326,0.0061964695283078615,-0.0010874977804347119,-0.0027772447281588578,-0.0007925518223501959,-7.0650849437609695,0.011445523745957543,0.009551780936289675,0.5668107297187911,-1.9810450458527,-0.021687953348117562,0.0029409428599102777,0.054018221009492134,-0.0010207566263900078,0.04082219144527724,-0.008013756575462765,0.012164605894990035,-0.0010104363552727027,-0.00041604842282275015,0.06626011171164102,0.11815284759988642,-0.02518790771161292,-0.040336455169628915,0.06029130181487459,0.01703606625077267,-0.04396580656968254,-0.00011014220807873397,0.5408469498606268,nan,nan,nan,nan,nan,nan
93,0.4700000000000003,Standing,0.11643271228456921,0.6993592822982599,1.4603047763392643,-1.557918361144654,0.00379179744786796,-0.40555140458592775,-1.0821930951304282,1.1641740219932246,0.026633477328730122,0.026191603501634332,0.024837726331187224,0.02802469461209685,-0.3160537113695519,0.015728279662434824,-0.023903050922720562,-0.3970540604998879,-0.02450687110945393,-0.40915223661260014,-0.003392644963769288,-0.4221644468083908,-2.121119629646308,-0.37626835908086487,-0.0006597612125565776,0.022738564922204798,-0.01417806727299282,0.02356246488164925,-0.4030242543527864,-0.004813234646719329,-0.019240189792206475,-0.3926973080418622,0.023475501752673003,-0.030093357147235825,-0.06107697248220264,0.07730566153395002,-0.030181968254943646,-0.07879799203776486,-0.081083144599637,-0.44315410677759093,-0.1848399424517887,7.105500357110281,-6.9468653517122965,0.0013768334455656383,-0.003446572865013913,-0.366730627966235,-1.454939369155609,0.08022723942448115,-0.015564264971574869,0.031144155161266653,-0.005929862049268096,-0.021064657743069093,-0.0018571872937727255,0.0027630453904859543,0.00048038117057365047,1.3221102336587881e-05,-6.901600045665251,0.00981858116382479,0.008341063329441505,0.5030759308360832,-1.9196587476163542,-0.020647494273559157,0.003434401079639053,0.048832475879089794,-0.00041247246939122824,0.03555843136819783,-0.007157424297919801,0.009970642815026892,-0.003650784431843112,0.00015080150669550673,0.06846408156943051,0.10745802242497565,-0.023518888445348673,-0.042887827637751355,0.06591764640847175,0.018202027183594125,-0.043347677106091276,-0.00010876725842014434,0.5341031220693114,nan,nan,nan,nan,nan,nan
94,0.4750000000000003,Standing,0.11387639706075878,0.6981175680132945,1.4957287364910559,-1.590316250863703,0.003816996968528842,-0.40563077799786346,-1.0883186115860195,1.1564056228307162,0.02694719236281332,0.026123408267818914,0.02492193626825576,0.02800166853054329,-0.31652563174298437,0.01567517747798105,-0.023868473617388117,-0.39703390845409314,-0.024502421854029028,-0.44270754785244526,-0.0033514308973884898,-0.42212852389954014,-2.1189242920265783,-0.38598612280553,-0.0007591490053607191,0.022757309717254304,-0.013958769789378662,0.023563097887919524,-0.4028724436161626,-0.004844824746249428,-0.01921309979539187,-0.3927388427766784,0.02348136199655551,-0.029745755260560745,-0.06059541806391887,0.07719692024304291,-0.030404917007143272,-0.07844379690151176,-0.08098763434589705,-0.5112630447620854,-0.2483428569930996,7.084792030358303,-6.4795779438097645,0.005039904132176397,-0.015874682387142718,-1.2251032911182604,-1.553679832501683,0.0627430068166394,-0.01363904676308347,0.016841987413707404,-0.004605216310712211,-0.09438407468649666,-0.010620436890755192,0.006915461066488732,0.004030409158945586,0.0008898510849804979,-6.711062247969026,0.008242813276159642,0.007184581770140121,0.4390675239459972,-1.943552744933029,-0.019877558560828304,0.0037489590099009868,0.0438594967228316,0.0001266012540552,0.030362147324754164,-0.006318019906019908,0.0054179993629210315,-0.00830694696324104,0.0011720487765015976,0.06952037733501594,0.09631088365675482,-0.02174825818142287,-0.044589750439925094,0.07083902725061784,0.019102050747990866,-0.042747960028225666,-0.00010735999759518479,0.5272027216259656,nan,nan,nan,nan,nan,nan
95,0.4800000000000003,Standing,0.11098127659495213,0.6965530688920328,1.5310562000453134,-1.6203170619026748,0.0038607005320379474,-0.40577570612122943,-1.0988966967740412,1.1481312887568462,0.027163897349600497,0.026066183804398367,0.02493309874363586,0.027984939947615705,-0.31738031617023904,0.015576388633634612,-0.023812509067279747,-0.396995218372533,-0.024493400696171067,-0.47523150313727325,-0.0033180562029817774,-0.4220981939377285,-2.1170670108207177,-0.39605725418171384,-0.0008553528678905075,0.022776699421716784,-0.013763896027641045,0.023565770928198906,-0.40274778575049847,-0.00487213666873364,-0.01918613622578158,-0.3927740010496401,0.02348618286393376,-0.029398412382607354,-0.06016984003275809,0.0770972099833305,-0.030631784365352806,-0.07806898297966748,-0.0808889888274922,-0.5790240931613295,-0.3128998242523219,7.065492710851515,-6.000162207794345,0.00874071270182105,-0.028985624673193256,-2.1156170376043275,-1.654866814774016,0.043340997357435476,-0.011444892684109052,0.0022324950760196603,-0.0033457165855173008,-0.17093688545093105,-0.01975776886928759,0.011192910021673882,0.007738016312034798,0.001804231571592227,-6.504791056965601,0.00667493888134245,0.006065992362321057,0.3714562411720806,-2.0142262752367586,-0.019240772505957668,0.003877940892496105,0.03897475234752357,0.0005346080558762214,0.024931573132829236,-0.005462384496842318,0.005392713922058144,-0.007031654592335812,0.000964173475649545,0.06946857559067793,0.08511560623215628,-0.019942051942481307,-0.04537347164190686,0.0749627843688572,0.019729103680971246,-0.042164060536759945,-0.00010592089742776241,0.5201483210024834,nan,nan,nan,nan,nan,nan
96,0.4850000000000003,Standing,0.10775070468029008,0.6946668587686866,1.5663095576831523,-1.647941457171421,0.003921533267991458,-0.4059872732100764,-1.1138950699084595,1.1393365158777535,0.02727701031847637,0.026020854601745393,0.024872076922298023,0.02797408205156204,-0.31861781094512814,0.015431944062213297,-0.023735493603119568,-0.3969379742563107,-0.024479808324243995,-0.5066940837118405,-0.0032925629330723236,-0.4220733832876755,-2.1155688572311124,-0.4066142071916486,-0.0009487049021134673,0.022795903167250674,-0.013593395691244828,0.02356978731341296,-0.4026518149576366,-0.004895047179009844,-0.019148377731191157,-0.3927869716099691,0.023486720556390474,-0.029056409274741703,-0.059798304967906,0.07700633623023478,-0.03085794869465505,-0.07767775953857084,-0.08078852745805677,-0.6461143829324123,-0.37724202466923684,7.050671527567761,-5.524879053749253,0.012166547190702062,-0.04231341776938898,-2.9996746268836763,-1.7589545758185336,0.022622593775174997,-0.009065840530594579,-0.01220436426756703,-0.0021715792107331044,-0.24749895497781618,-0.028888914284262934,0.015403092832035675,0.011448823244453971,0.0027184743854147654,-6.2925161149134645,0.005098653981890793,0.004962130010596614,0.29963071792101326,-2.111390601986952,-0.018670406844591977,0.0038407491067783735,0.03410006727924346,0.0008032770428111694,0.019194158572376645,-0.004582102055240891,0.00755169891808449,-0.0025941120658040575,0.00010753849134282993,0.06840062157313007,0.07430701297041727,-0.018174750619144187,-0.045232865860448224,0.07824468821932831,0.020092273887084684,-0.04159365665876279,-0.0001044507257306878,0.5129449395971886,nan,nan,nan,nan,nan,nan
97,0.4900000000000003,Standing,0.10418976387528682,0.6924663821474047,1.601527333470379,-1.673309700316518,0.003996324873568347,-0.4062631936787651,-1.1330427477271134,1.130034873496519,0.027276356573318478,0.02598864274483031,0.024741828915450365,0.02796878359391041,-0.32021813380342695,0.015244223566651895,-0.023638947924715784,-0.3968631181712272,-0.02446188124275835,-0.5371141290901281,-0.0032749174452389534,-0.422054029058373,-2.114444336091084,-0.4177168076903945,-0.0010393872855555164,0.022814213499921614,-0.013447194581563354,0.023574549790306383,-0.40258561810800403,-0.0049134808780336,-0.019119824393047075,-0.39280494227555934,0.023488554360053007,-0.028724067883197067,-0.05947649423633493,0.07692366443410212,-0.031079047340385395,-0.0772742624579902,-0.08068744162784454,-0.7121881610006519,-0.4400953242563691,7.04355515744536,-5.073648629019408,0.0149583211153778,-0.055184093737742954,-3.8295355637307598,-1.8603284762468792,-0.00013074903157884663,-0.006442371383015947,-0.026049601369531786,-0.001059691530325858,-0.3200645716597633,-0.03754409911228043,0.01930913568075693,0.014971217016703097,0.0035854162971290324,-6.084009075657507,0.003529097566674061,0.003870845860494853,0.22490422800563842,-2.220520099749183,-0.018136476688409793,0.003662066534187691,0.02924022193629501,0.000952495378684807,0.013239369926511582,-0.0036867398047512076,0.0057106676288167365,-0.003594133118042058,0.0003667607325060906,0.06646827830892763,0.06436214631421516,-0.016534359226532538,-0.0442197291460692,0.08069941611612894,0.020217166042447703,-0.04103462506240866,-0.00010295085393799136,0.5055999555845961,nan,nan,nan,nan,nan,nan
98,0.49500000000000033,Standing,0.10219756614230166,0.6867565004422181,1.6176015669077048,-1.6780718341844412,0.004130301175970235,-0.4067224457907788,-1.1669286411723159,1.134092614492588,0.027068696892845266,0.025960560455842396,0.02428854954103326,0.028036859112696266,-0.32300480727117503,0.014911855427675702,-0.023462576801472547,-0.3967336545583898,-0.024429875647428836,-0.5381325124867827,-0.0034085583117896214,-0.42211508658488905,-2.120471772125896,-0.4483092544167994,-0.0014292532347912905,0.02282566728698512,-0.013638450055754722,0.023551815629763086,-0.403064699904279,-0.004866430499395757,-0.01905994396924911,-0.3928057579896416,0.023486048826815733,-0.028469710474061827,-0.05949581265615449,0.07692070739322876,-0.03132380254206164,-0.07700788934751483,-0.08062235182037965,-0.3984395465970326,-1.1419763410373225,3.2148466874651795,-0.9524267735846292,0.026795260480377614,-0.09185042240273991,-6.777178689040472,0.8115481992137843,-0.04153193609464209,-0.005616457797582869,-0.09065587488342129,0.013615103757171383,-0.557334693549614,-0.06647362779523866,0.03527422464864715,0.025892722567481603,0.006401119065902673,-0.20367667933092903,-0.026728173310133586,-0.012211505303210728,-1.2054872069623608,-6.118489345280981,-0.07797318984715482,0.0022907574127013428,-0.03825109483827362,-0.00454683210865929,-0.09581635925499396,0.009410075727568688,0.011976084759592519,-0.00016314281645309504,-0.0005011066474547587,0.050871481827047677,-0.0038636839639114295,-0.0005914081746717127,-0.048951040335249385,0.05327462209507246,0.013017961492977213,-0.040485112126729936,-0.00010142336674511839,0.49812277074115285,nan,nan,nan,nan,nan,nan
99,0.5000000000000003,Standing,0.10130715517144595,0.6794077492676244,1.623010458208319,-1.673783219798907,0.004255164990205491,-0.4072097361329132,-1.2021699987828616,1.1470823911867547,0.026635408822730494,0.025960688200410253,0.02324890255777014,0.028290424941015198,-0.32597619133037187,0.014546741340363302,-0.023284190425830978,-0.39659464782088294,-0.02439562472464947,-0.5232237011871839,-0.003621609068949771,-0.42222345862841587,-2.1302549937687876,-0.4899584847393402,-0.0019188447126193837,0.02282568193397954,-0.014044202585661298,0.023510943052204747,-0.40385590451120895,-0.004780221316947955,-0.019049359755268058,-0.39284534547431443,0.023492281164826604,-0.028274946525448506,-0.059662157120791606,0.07695119603707816,-0.03155594433665875,-0.07684772883826145,-0.08058450317981102,-0.17808219417114066,-1.469750234918755,1.0817782601228054,0.8577228771068348,0.024972762847051248,-0.09745806842688386,-7.048271522109126,2.597955338833346,-0.08665761402295422,2.554891357142621e-05,-0.20792939665262378,0.05071316566378606,-0.5942768118393629,-0.07302281746247984,0.03567727512831409,0.027801347501375636,0.006850184555873488,2.9817622599197784,-0.04261015143202994,-0.02167440870536123,-1.9566443285783173,-8.329846064508168,-0.09791829556561865,2.929398883584188e-06,-0.08115050598131529,-0.008174515511667892,-0.15824092138598447,0.017241836489560354,0.0021168427962106884,-0.007917496934557972,0.0012464676021744646,0.038952789722663986,-0.03326889292742384,0.0060977287698795206,-0.04642835891942206,0.03203210185067773,0.0075697281137262285,-0.03996828276168526,-9.99217442325483e-05,0.4907761878348069,nan,nan,nan,nan,nan,nan
100,0.5050000000000003,Standing,0.10113356445477033,0.6714555018862319,1.6226952274962816,-1.6665223550161221,0.0043457027063002794,-0.40763192872418647,-1.2321013717533569,1.1664346179998932,0.02606905081995057,0.02599088685426084,0.021643670447452343,0.028708906865874028,-0.3285846746010124,0.014213592575038757,-0.023138806067132343,-0.3964715615658797,-0.024365584874757484,-0.4989841509224388,-0.003877657143679469,-0.422362364312262,-2.141863455105893,-0.5412733948230153,-0.0024284736957669046,0.022813830964258885,-0.014577158962033104,0.023466589764505514,-0.4048080182928739,-0.004671905439520188,-0.01902288518446647,-0.392865358788359,0.023494807107473772,-0.0281355999275606,-0.05985181763168451,0.0769867107781652,-0.03174859067192826,-0.07678305082602457,-0.08057020410812159,-0.03471814333512582,-1.5904494762784878,-0.0630461424074844,1.4521729565570065,0.018107543218957665,-0.08443851825465097,-5.986274594099051,3.8704453626276853,-0.11327160055598529,0.006039730770117372,-0.3210464220635599,0.08369638497176586,-0.5216966541281071,-0.06662975306490912,0.02907687173972672,0.02461725100065199,0.006007969978397195,4.847910052949015,-0.051209614945939674,-0.027781136769223884,-2.321692267421037,-10.262982016735,-0.10192579662950413,-0.0023701939441307363,-0.10659127527436137,-0.008870657539846456,-0.19042275633298397,0.021663175485553365,0.005294914160317722,-0.004002662808909305,0.0005051885294338272,0.027869319577581868,-0.03793210217858067,0.007102948217409243,-0.03852926705390165,0.012935602447375575,0.002859814337884463,-0.039420040095805735,-9.847932961465503e-05,0.4837170432582223,nan,nan,nan,nan,nan,nan
101,0.5100000000000003,Standing,0.10144770075903545,0.6635157415683897,1.619514624039857,-1.659875105215979,0.004395820066198237,-0.4079191802725262,-1.252634345891804,1.1916983377284878,0.025304162748317646,0.026069744490692014,0.019695803877267305,0.02920828808792818,-0.3304677619830032,0.013958219462368448,-0.02304562879462751,-0.396381728036691,-0.02434403411541518,-0.47023928153188826,-0.0041529520414878614,-0.4225159006464698,-2.1542813472828666,-0.5970823012916151,-0.0029059975277540046,0.022788235817630696,-0.015199416227984142,0.023425848029982953,-0.4058323405212642,-0.0045506873701889,-0.018997021503420846,-0.3928750409459974,0.02349530317372506,-0.02804643283997439,-0.05999010792205778,0.07701068183721575,-0.031885563003144185,-0.07679888485881219,-0.08057511415366758,0.06282726085302459,-1.5879520635684572,-0.636120691284923,1.3294499600286263,0.010023471979591483,-0.05745030966794965,-4.10659482768942,5.0527439457189125,-0.15297761432658488,0.01577152728623485,-0.3895733140370074,0.09987624441083037,-0.3766174763981517,-0.05107462253406178,0.01863545450096613,0.017966705837742156,0.0043101518684607945,5.748973878110104,-0.05505897956167841,-0.0307072668415707,-2.4835784353947803,-11.161781293719963,-0.09550476639741998,-0.005119029325637736,-0.12445145319020776,-0.008148346904512072,-0.20486444567807052,0.024243613866257663,0.005172736209124776,-0.001936431527680675,9.921325025762199e-05,0.017833417517241764,-0.027658058074653866,0.00479421181011133,-0.027394466243183993,-0.0031668065575224703,-0.0009820091091980588,-0.03879811551282044,-9.711897284797129e-05,0.4770569773587431,nan,nan,nan,nan,nan,nan
102,0.5150000000000003,Standing,0.10204956468751651,0.6558410373895103,1.615068481161506,-1.6543302415548329,0.004419332366308644,-0.408123866813019,-1.266223928717194,1.220220049798743,0.024473655891751874,0.02617538804828645,0.018299592709292684,0.029534537777772298,-0.331775469707781,0.013779794437315135,-0.022988497646035232,-0.396318551929335,-0.024329224435383105,-0.43955725149819996,-0.004421074950088689,-0.42266802999438347,-2.166010958143375,-0.6569907819674128,-0.0032943245759075508,0.022753706615942622,-0.01582622900824697,0.023404221374481757,-0.4068005920611132,-0.004431624128399302,-0.019037499667778335,-0.39288713203937026,0.023499389244739537,-0.028001720840031042,-0.06006730595057326,0.0770217771318919,-0.03196223950793842,-0.07688092331698126,-0.0805955523563342,0.1203727856962132,-1.534940835775869,-0.8892285756702072,1.1089727322292369,0.0047024600220813215,-0.040937308098549015,-2.717916565078011,5.704342414051027,-0.16610137131315394,0.02112871151888692,-0.2792422335949241,0.06524993796882311,-0.2615415449555537,-0.03568500501066266,0.01142622971845569,0.012635221471190212,0.0029619360064152816,6.136406006737662,-0.05362458172016554,-0.030425869582729657,-2.345922172101627,-11.981696135159527,-0.07766540963070924,-0.006905840337614968,-0.12536255605256572,-0.004325331100238796,-0.1936503079697941,0.023812648357919526,-0.008095632871498101,-0.002418218674572296,0.0008172142028951012,0.008942399988669561,-0.01543960570309634,0.0022190589352290755,-0.01533530095884585,-0.016407691633815766,-0.0040876405333227,-0.038106923652850795,-9.585336929765461e-05,0.4708552855698576,nan,nan,nan,nan,nan,nan
103,0.5200000000000004,Standing,0.10284137848897283,0.6485545931962532,1.6102451328122669,-1.6506371085861933,0.004423138127170302,-0.40822686070275105,-1.2725008481624325,1.2522321392297666,0.023740731303377813,0.026284655907472313,0.017244343219737484,0.029756268100710477,-0.33246148067057557,0.013678974463663113,-0.02296798711060576,-0.39628443407150726,-0.024321697166732652,-0.40862808748451396,-0.004659491879032923,-0.42280267716029785,-2.175979322166806,-0.720708464012594,-0.003551214763974506,0.0227150874362252,-0.016387861084235462,0.02341197055873089,-0.40761753201035994,-0.004326369981266889,-0.019009492746268827,-0.3928417343249072,0.0234896884210703,-0.02798815228490307,-0.060081508858833364,0.07701978030393453,-0.03198169257524807,-0.07701380965490358,-0.08062779629469748,0.15836276029126356,-1.45728883865142,-0.9646696698478032,0.738626593727927,0.0007611521723317194,-0.020598777946414352,-1.255383889047698,6.402417886204741,-0.14658491767481205,0.021853571837173007,-0.21104989791104,0.044346064587636014,-0.13720219255891708,-0.020163994730404387,0.0041021070858943565,0.006823571565554414,0.001505453730090373,6.185832802737195,-0.047683385788846726,-0.026929433182878416,-1.9936728046862267,-12.743536409036237,-0.05137803761339105,-0.007723835943484267,-0.11232641519769866,0.001549836849826014,-0.16338798984935424,0.021050829426482506,0.0056013843019019245,0.009079542892606273,-0.0019401647338478966,0.0027137110255950163,-0.0028405816520213015,-0.0003993655914738465,-0.003890613461930443,-0.02657726758446198,-0.006448787672655653,-0.0373509692014223,-9.467663066491185e-05,0.4650839160267007,nan,nan,nan,nan,nan,nan
104,0.5250000000000004,Standing,0.10375559828319897,0.6416794792506408,1.605514254834984,-1.6488382689868288,0.0044141726169040045,-0.40823735076295464,-1.2723582717864985,1.2871072580784282,0.02321634426429914,0.0263793045559929,0.016525992219298954,0.02988759085008506,-0.3325845479776916,0.013648928770625596,-0.02297830945877478,-0.3962768879614401,-0.024320765205103075,-0.3783487122061605,-0.004852499659070026,-0.4229133865056062,-2.1835900975019134,-0.7883275233408382,-0.003654231578477462,0.022676911008806297,-0.016833705758490358,0.023452675974431313,-0.4082284813969595,-0.004242468753312221,-0.01899719277151332,-0.3928123452181951,0.023483565707209397,-0.027991605014383313,-0.060046887032891946,0.07700786326820658,-0.03195159556002587,-0.07718327805907524,-0.08066858042428901,0.18284395884522742,-1.3750227891224773,-0.9461755954565884,0.35976791987290446,-0.0017931020532595777,-0.0020980120407173494,0.028515275186804967,6.975023769732291,-0.10487740781573426,0.018929729704117663,-0.1436702000877058,0.026264549874916717,-0.02461346142320439,-0.006009138607503385,-0.002064469633804628,0.00150922201342704,0.00018639232591512915,6.055875055670686,-0.038601556007420504,-0.022141869061671267,-1.5221550670214727,-13.523811865648831,-0.020603362900591234,-0.007635285483780485,-0.08916893485097925,0.008141083140085076,-0.12218987731991496,0.016780245590933617,0.0024599949511013124,0.005877821342426488,-0.0012245427721801626,-0.0006905458960486397,0.006924365188283391,-0.002383407145590878,0.006019403044439637,-0.03389368083433122,-0.008156825918307638,-0.03654009893227796,-9.357622648112285e-05,0.45968489120886674,nan,nan,nan,nan,nan,nan
105,0.5300000000000004,Standing,0.10474937449346246,0.6351860205288975,1.601106017055903,-1.6488172815570012,0.004396583212818771,-0.40816376122372927,-1.2666401157383917,1.3242510302507955,0.022925490604863524,0.026453226536584634,0.016099167730090496,0.029951533434449756,-0.33220826097147504,0.013681569334665645,-0.023014559782569177,-0.39629312668060873,-0.024325686253524187,-0.349253984286114,-0.0049903998956220405,-0.4229959313100928,-2.188582774461473,-0.8596691739921409,-0.0035956773837627267,0.022642816178518023,-0.017133884917848046,0.023523014429876313,-0.40861029996080944,-0.004184203979547465,-0.01899627350039684,-0.3927915762101001,0.0234794285429898,-0.027999159593294173,-0.059980112261981515,0.07698953172469553,-0.0318814053330604,-0.0773765333865347,-0.0807150494664913,0.19875524205269712,-1.2986917443486574,-0.8816475558161723,0.004197485965516168,-0.003517880817046578,0.014717907845077913,1.1436312096213563,7.42875443447346,-0.05817073188712382,0.014784396118346563,-0.08536489784169177,0.012788516872939238,0.07525740124331513,0.006528112808010061,-0.007250064758879053,-0.003247743833718236,-0.000984209684222308,5.818945584009303,-0.02758004731040299,-0.016508960897305074,-0.998535391911932,-14.268330130260532,0.011710838942947104,-0.006818966057654559,-0.06003583187153745,0.014067691089000295,-0.07636371276999085,0.01165295475295118,0.00018385422329638941,0.004153801618997023,-0.0008274328439194115,-0.0015109157821721372,0.013354954182086171,-0.003666308702210849,0.014038045393094003,-0.03865106549189355,-0.009293808440459001,-0.03568036691153833,-9.253928177683726e-05,0.45459357468823597,nan,nan,nan,nan,nan,nan
106,0.5350000000000004,Standing,0.10577075668356622,0.6289967666028572,1.5971124557863536,-1.6482155846314204,0.004392944884913963,-0.40819382619943007,-1.2682329059955915,1.3512633121621884,0.022766795622713904,0.026496025192786002,0.01583956154709896,0.02996991819647031,-0.3323384307541096,0.013657487915778307,-0.02300803604792529,-0.39628580981556566,-0.024324567679791857,-0.3216409597383498,-0.005069470881699293,-0.4230476427657604,-2.190969347043327,-0.9341779885797581,-0.003380307065351209,0.022615487659842372,-0.01727642588785223,0.023614224510788463,-0.4087657424295423,-0.004153013548136821,-0.018996528001668848,-0.39277534835738986,0.023476207288425602,-0.02800837355959283,-0.05992987170846921,0.07697620268375875,-0.031780524558741086,-0.07758208639361878,-0.08076483970078538,0.2042764380207537,-1.2378507852080505,-0.7987122539098674,0.1203393851161838,-0.0007276655809616418,-0.006012995140159041,-0.3185580514399564,5.4024563822785865,-0.031738996429923574,0.008559731240273753,-0.05192123659830729,0.003676952404110855,-0.026033956526920393,-0.004816283777467782,0.0013047469287767238,0.0014633730086106595,0.0002237147464657812,5.522604909552843,-0.01581419721545043,-0.01034229113352702,-0.47731451637077027,-14.90176291752344,0.043074063682303536,-0.005465703735130341,-0.02850819400083711,0.01824201618243023,-0.031088493746568795,0.006238086282128767,-5.090025440181528e-05,0.0032455705420384243,-0.0006442509128396357,-0.0018427932597315075,0.010048110702460407,-0.00266580818735502,0.020176154863862678,-0.041110601416817404,-0.009958046858814384,-0.034780053226488,-9.155096324578896e-05,0.4497380873560926,nan,nan,nan,nan,nan,nan
107,0.5400000000000004,Standing,0.10681412392867715,0.6230771680965179,1.5935675375495792,-1.6462568133627897,0.00440414399304834,-0.4083295390670817,-1.2774521499600813,1.370803039456422,0.022604004644204468,0.026521402875313623,0.015478292072398652,0.03000541593412554,-0.3330531863497971,0.013561980868924246,-0.02296010990229773,-0.39625099241884343,-0.024316503501923215,-0.2960148258586845,-0.005089971405252587,-0.4230680462744963,-2.190920235349338,-1.0103165662804179,-0.0030200011097471008,0.02259660895245375,-0.017262856512913254,0.02371473702351844,-0.40871516124293356,-0.004148319632731032,-0.018994802058001654,-0.3927631898687954,0.023473600595883746,-0.02801777357174702,-0.05991510398192041,0.07697194804224326,-0.03165751817881098,-0.07779073777300625,-0.08081580638555515,0.20867344902218313,-1.1839197012678568,-0.7089836473548989,0.3917542537261387,0.00223982162687545,-0.02714257353032664,-1.8438487928979594,3.907945458846677,-0.0325581957018869,0.005075536505523955,-0.07225389494006113,0.007099547531045965,-0.14295111913749486,-0.01910140937081195,0.009585229125512556,0.006963479344446004,0.0016128355737286399,5.125226775933053,-0.004100104710658832,-0.004080701747180171,0.009822338797764452,-15.227715540131951,0.07206119112082165,-0.0037757414777245682,0.0027138749877956975,0.020102502545995243,0.010116237321742272,0.0009387830811579704,0.0003451887334389084,0.002431697718899734,-0.0005213385083713432,-0.0018800024308381854,0.00295354530976017,-0.0008509283030968603,0.02460127598602002,-0.04173027587749351,-0.010193336953954104,-0.033815204394453284,-9.061583542670691e-05,0.44515430042881643,nan,nan,nan,nan,nan,nan
108,0.5450000000000004,Standing,0.10788452812894801,0.6173796061742737,1.5904595666884955,-1.6435872956699558,0.004421132523504841,-0.4085291785046906,-1.290916739444305,1.3861664301573435,0.0224056161787097,0.026537927528656902,0.015012199855737774,0.03005492490564396,-0.33412471017114137,0.013422444846180513,-0.022890951852094974,-0.39619928197559756,-0.02430420676683045,-0.2727961599630288,-0.005057817984159532,-0.4230590150424034,-2.188787153208233,-1.0862217212189487,-0.00253788110036956,0.022587001587931678,-0.01711063589312119,0.02381262653417811,-0.4084941961226125,-0.004167338852559153,-0.01899123206896006,-0.39275535924756255,0.02347161238641884,-0.02802586484559191,-0.05992586920671219,0.0769740352532797,-0.03151991268013915,-0.07799548172943832,-0.08086625205143334,0.2140808400541722,-1.13951238444885,-0.6215941722167286,0.5339035385667726,0.0033977060913003886,-0.039927887521780836,-2.6929178968447647,3.072678140184345,-0.03967769309895347,0.0033049306686555703,-0.09321844333217572,0.00990179430368364,-0.2143047642688546,-0.027907204548746657,0.013831610040551036,0.010342088649175445,0.0024593470185524952,4.6437331791311385,0.0064306842186111594,0.001806246418573452,0.42661642822102624,-15.18103098770615,0.09642400187550812,-0.001921472904413968,0.03044412395841268,0.019577902131934173,0.04419302406420728,-0.0038038439656243456,0.0007139978083184587,0.0015661242465642594,-0.0003976418929812171,-0.0016182547689778555,-0.0021530449583559612,0.00041744220728838727,0.027521099734366578,-0.04094879128641391,-0.010089133175640468,-0.032750715274697174,-8.972102666501311e-05,0.44078002946211153,nan,nan,nan,nan,nan,nan
109,0.5500000000000004,Standing,0.10898446633052347,0.611852492694815,1.5877555970634063,-1.6408234286224803,0.004437420944042729,-0.4087620156776682,-1.3061705015139773,1.3992121122169994,0.022171082222146463,0.026550363817871375,0.0145290582827588,0.030093855521635515,-0.3353700895502242,0.013262912960350088,-0.02281417831180687,-0.3961393237110848,-0.024289848832298993,-0.25223883006249737,-0.004982807781390068,-0.4230241528447995,-2.1850218457839374,-1.160086161305351,-0.0019648733435082355,0.02258679292039537,-0.01684754549535524,0.023898054710034464,-0.40814539469533845,-0.004205845870748724,-0.01898669394246659,-0.39275178213112616,0.023470284779827166,-0.028032910902698244,-0.059948660403762996,0.07697908728227085,-0.03137416344743149,-0.07819118363960219,-0.08091493322567582,0.21998764031509258,-1.1054226958917424,-0.5407939250178315,0.5527734094950976,0.00325768410757742,-0.04656743459551086,-3.0507524139344215,2.609136411931179,-0.04690679131264744,0.002487257842894353,-0.09662831459579493,0.0077861231983110055,-0.24907587581655682,-0.031906377166085124,0.015354708057620896,0.011991652902557609,0.002871586906291664,4.111465980106283,0.015002040553892752,0.006972439520781635,0.7530614848590883,-14.772888017280478,0.11460155137226491,-4.173350726195636e-05,0.052618079553190186,0.017085635171270198,0.06976028545481142,-0.007701403637914064,0.0009076252986938818,0.0007154232872747506,-0.0002655213183349836,-0.0014092114212666557,-0.0045582394101616325,0.0010104057982302389,0.02914984654153174,-0.039140382032773834,-0.009736234848494738,-0.031608302971664164,-8.884807676335056e-05,0.43652092987680174,nan,nan,nan,nan,nan,nan
110,0.5550000000000004,Standing,0.11011710862667265,0.6064489794266908,1.5854153901807921,-1.6383383058929606,0.00444991347858658,-0.40900814792434376,-1.3218546084454184,1.4109399508716658,0.021883113907408804,0.026564657787398034,0.014088516369151175,0.0301071569263212,-0.33667826232505854,0.013098034656914925,-0.022736727870546515,-0.39607642999811443,-0.024274743405721673,-0.23436521862557694,-0.004876545664619582,-0.42296836175286284,-2.180091655480969,-1.2306659329448209,-0.0013350363522715049,0.02259561111234627,-0.016505506525330824,0.023964743690828454,-0.4077104657090696,-0.0042590647077116635,-0.01898194992272336,-0.3927520207610436,0.02346961424553269,-0.02803980488780907,-0.05997309412696129,0.07698459604290704,-0.031225727322989155,-0.07837453999679411,-0.08096103168226465,0.22652845922983567,-1.0807026536248372,-0.46804137652284206,0.4970245459039559,0.0024985069087702294,-0.04922644933512066,-3.136821386288202,2.345567730933305,-0.05759366294753193,0.0028587939053319293,-0.08810838272152494,0.0026602809371365646,-0.26163455496686777,-0.032975660687032504,0.015490088252070844,0.01257874259406634,0.003021085315463986,3.574722287384086,0.021252423354097248,0.011158218387330294,0.9860380605937051,-14.115954327893977,0.1259673982473461,0.0017636383901802753,0.06840779400488332,0.013337796158798248,0.08698579725376823,-0.010643767392587895,0.0009488039486456137,-4.7725983487513306e-05,-0.00013410685889481385,-0.001378797022165092,-0.004886744639659265,0.001101752127239738,0.029687224888467215,-0.036671271438384966,-0.009219691317766288,-0.030417334810035928,-8.798187515696606e-05,0.43229944655011504,nan,nan,nan,nan,nan,nan
111,0.5600000000000004,Standing,0.11128599036712165,0.6011257057204554,1.5833967580158086,-1.636373322148197,0.0044574463938136044,-0.40925476317079584,-1.3372077899846977,1.4219504854283338,0.021536340649041936,0.026584003948734294,0.013722358349642754,0.030088926588756417,-0.33798075158193885,0.012936630516333859,-0.022662116029277347,-0.3960139016344186,-0.024259697908999598,-0.21899535693300826,-0.00475033500904086,-0.4228976784815231,-2.174410343599978,-1.2974863877829066,-0.000680615187634537,0.022612686165493084,-0.016114781544958535,0.02401025579698401,-0.4072246790897713,-0.004322439837237434,-0.01897754678277744,-0.39275547848362957,0.023469556043209296,-0.028046923108530755,-0.059991978659019486,0.07698885203889269,-0.03107906529776305,-0.07854378829974468,-0.08100407140077132,0.23377634808980186,-1.064654741247091,-0.40372643299671085,0.3929967489527195,0.00150658304540495,-0.049323049290420945,-3.070636307855879,2.2021069113336105,-0.06935465167337353,0.0038692322672517396,-0.07323160390168416,-0.0036460675129566973,-0.2604978513760571,-0.03228082811621332,0.014922368253833848,0.012505672739173392,0.0030090993444148854,3.0739723385137365,0.025242131115744523,0.014136654267944818,1.1362623761981456,-13.364090967617157,0.13088423292739357,0.003415010629362729,0.07814499607445793,0.009102421231111265,0.0971573238596682,-0.012675025905154104,0.0008806279891840865,-0.0006915445171927338,-1.1640464678784888e-05,-0.0014236441443367504,-0.003776906411638121,0.0008511991971294516,0.02933240504522062,-0.033849660590112365,-0.008607943701331857,-0.029196248470510625,-8.711217744382077e-05,0.4280629789898294,nan,nan,nan,nan,nan,nan
112,0.5650000000000004,Standing,0.11249367464734952,0.5958429214335156,1.5816588726547745,-1.6350761546047026,0.0044599457022400195,-0.4094943991420103,-1.35182213096296,1.4326471386570994,0.021149906773875904,0.02660723317337574,0.013444442246740834,0.030039140729428496,-0.33923671942562644,0.012783762573689393,-0.02259198015700818,-0.39595371508930804,-0.024245192582862795,-0.2058048733272125,-0.0046132723284824555,-0.42281712319144044,-2.1683183270746262,-1.360068232779721,-2.818006920278656e-05,0.02263684372996733,-0.015700150435139924,0.02403527905233412,-0.4067163138951408,-0.004391877162694544,-0.018973819414583315,-0.3927614927627841,0.02347003320534962,-0.02805385774230989,-0.06000121654959878,0.07699087795803171,-0.030937639120003975,-0.07869833654741251,-0.08104383580411986,0.24153685604557437,-1.0565568573879662,-0.3475770722068346,0.2594335086988863,0.0004998616852830427,-0.04792719424289664,-2.922868195652418,2.139330645753105,-0.0772867750332063,0.004645844928288675,-0.055583220580384195,-0.009957171865584508,-0.2511935687375199,-0.03057358852889289,0.014027174453833478,0.012037309022106816,0.002901065227360813,2.638096721159151,0.027412536111680905,0.01611105801653504,1.218403305070358,-12.516368999362923,0.1304870236863501,0.004831512894849055,0.08292622196372235,0.005004651070021314,0.10167303892609593,-0.013887465091422031,0.0007454736388251161,-0.0012028558309097603,9.543242806504174e-05,-0.00138692675582696,-0.0018475781158591674,0.00040518382780383686,0.028285235551815065,-0.030909649533567597,-0.007952880669710418,-0.027955624439411988,-8.62320166333275e-05,0.4237757373279612,nan,nan,nan,nan,nan,nan
113,0.5700000000000004,Standing,0.11374096027259264,0.5905617249721874,1.5801634821029753,-1.6345078685517231,0.004457937337939993,-0.4097237054877245,-1.3655446596402983,1.4433415292576801,0.020755068652375537,0.0266307373254829,0.013256809465634466,0.029961237466662842,-0.3404268192429669,0.012641649007571996,-0.022526694368471465,-0.3958968023144358,-0.02423145388333026,-0.19444619660481188,-0.0044732196455578655,-0.4227328984538927,-2.1620486238311822,-1.4195057341845476,0.0006010914601371123,0.022666845354079153,-0.01528122257204726,0.02404268144974,-0.4062026690549109,-0.00446440870233413,-0.01897135153162371,-0.39276965654391777,0.023471019326836665,-0.028059618382564662,-0.059999484309326584,0.07699033928968606,-0.030803903575429042,-0.07883830521706378,-0.08108027107743433,0.2494571250486256,-1.0562392922656296,-0.2990781103598434,0.11365721059590128,-0.00040167286000519135,-0.04586126914283995,-2.74450573546768,2.138878120116146,-0.0789676243000735,0.004700830421432057,-0.03752655622127328,-0.015580652553131,-0.23801996346808957,-0.02842271322347929,0.013057157707342414,0.0113825549744515,0.0027477399065067454,2.2717353444801227,0.028010536584918026,0.016844947509543674,1.2539406486888212,-11.88750028096529,0.12585430586797977,0.006000324822364511,0.08378557261853241,0.0014804794811755922,0.10272896804597281,-0.014506307927917005,0.0004935765919208192,-0.0016327562267359592,0.00019722429740909016,-0.001152128050954457,0.000346448054438562,-0.0001077336691313263,0.02674710891498685,-0.027993733930253235,-0.007287054662892689,-0.026700204812597626,-8.533662915594303e-05,0.4194132342379318,nan,nan,nan,nan,nan,nan
114,0.5750000000000004,Standing,0.11502670797003213,0.5852473462164132,1.5788767800571595,-1.634667124031208,0.004452153132119849,-0.40994206255375865,-1.3783895694751793,1.4542807726945262,0.020381050302274273,0.026650711852796032,0.013153573475518454,0.029860433199618175,-0.34154688127113597,0.012510527222829295,-0.02246587118154014,-0.3958433560196713,-0.024218529443668677,-0.1846404344125905,-0.004334691929886794,-0.4226478487446371,-2.155762169013317,-1.4762913103223883,0.0011933738348866092,0.022701271984845055,-0.01486975283186977,0.02403644158062441,-0.4056958134088383,-0.004537687187757592,-0.018970401722488314,-0.3927795199479855,0.023472452972294625,-0.02806295576660542,-0.05998735088466972,0.07698733570591212,-0.03067939066167277,-0.07896418718346757,-0.08111341541298601,0.25714953948789576,-1.0628757511548368,-0.25734040916317913,-0.03185109589699994,-0.0011568411640287928,-0.04367141320683004,-2.5689819669762346,2.187848687369217,-0.07480367002025276,0.0039949054626265265,-0.020647198023202484,-0.020160853408933196,-0.2240124056338065,-0.02622435694854022,0.012164637386264972,0.010689258952897048,0.002584887932316656,1.9611524384442751,0.027705543134214226,0.017009941851117764,1.2572909635731007,-11.357115227568116,0.11845647494989937,0.006885326153180482,0.08229394803549824,-0.0012479738231183598,0.10137112921452338,-0.014655697084692384,0.00018996182707938143,-0.0019726808135415493,0.00028672909159174927,-0.0006674768081514271,0.0024266849313719276,-0.000600716754786991,0.02490258275125467,-0.02517639328075809,-0.006628867110337167,-0.02543287269021871,-8.442199421063992e-05,0.41495507516012253,nan,nan,nan,nan,nan,nan
115,0.5800000000000004,Standing,0.11634936536334403,0.5798695771600783,1.5777694897550831,-1.6355260467874968,0.004443312741740082,-0.410149850952088,-1.3904447219750777,1.4657432370283874,0.02004351520186377,0.02666503034769548,0.013121387367962608,0.02974293704431793,-0.34260055236471426,0.012389547897590848,-0.022408859597931548,-0.39579318804696856,-0.024206375080383643,-0.17615314881273808,-0.004200560633292806,-0.4225635009287061,-2.149580261654805,-1.5306636461179874,0.0017358192357016986,0.0227385500138654,-0.014472866813367805,0.024020730510466628,-0.40520457717577274,-0.004609863078339311,-0.018970943639693778,-0.39279061371395185,0.0234742479408956,-0.028062636894887628,-0.05996618054862469,0.07698214669857667,-0.030564900472616865,-0.07907675286971874,-0.08114338211519798,0.2645314786623801,-1.0755538112669856,-0.2214580604152789,-0.17178455125776068,-0.0017680780759535037,-0.041557679665872364,-2.411030499979689,2.292492866772246,-0.06750702008210055,0.0028636989798897046,-0.0064372215111693516,-0.02349923106004932,-0.21073421871565406,-0.024195865047689443,0.011402316721718424,0.010033594540551945,0.002430872657006675,1.697457119970488,0.026826259318797535,0.016869563186201184,1.2363814717023611,-10.874467159119845,0.10848908016301785,0.007455605804069616,0.07937720370039275,-0.003142214031556176,0.09824724661311957,-0.01443517811634385,-0.00010838344109285618,-0.0022187531932763346,0.0003589937201953779,6.377434355823162e-05,0.004234067209006624,-0.001037801467091822,0.0228980378111811,-0.022513137250236275,-0.005993340442391426,-0.024155783281496125,-8.348436930170195e-05,0.41038252794877145,nan,nan,nan,nan,nan,nan
116,0.5850000000000004,Standing,0.11770787902548376,0.5744030616482411,1.576816592714546,-1.6370400392352555,0.00443198026214351,-0.41034804586829293,-1.4018424828131946,1.4776951475004656,0.019747648997702778,0.026672940567789002,0.013133780470108082,0.029616293752326026,-0.34359657368938357,0.01227699531647063,-0.02235487047508642,-0.39574586267438766,-0.02419488655108268,-0.16878149928846706,-0.0040728786397892635,-0.42248115132109276,-2.1435967527812365,-1.5828140634035206,0.002223883807630585,0.0227775352877646,-0.014095086178596707,0.02399931043436917,-0.40473540543023956,-0.004679528555217408,-0.018972794134201103,-0.39280249268742645,0.02347631099198629,-0.02805767801677479,-0.05993756687680028,0.07697510656730255,-0.030460679208289956,-0.07917695225608339,-0.08117033962317927,0.2717027324279456,-1.0933031023674287,-0.1905794081074003,-0.30279848955175187,-0.0022664959193143958,-0.03963898324099053,-2.2795521676233785,2.3903820944156227,-0.05917324083219857,0.0015820440187048052,0.0024786204290948976,-0.025328658398380673,-0.19920426493385612,-0.0225105162240435,0.010797824569025465,0.009465074516174038,0.002297705860192767,1.4743299048542031,0.025536398700708514,0.016469921522668952,1.196701774713734,-10.430083457106612,0.09761291438577732,0.007797054779839116,0.07555612695421943,-0.004284015219492087,0.09383434910664172,-0.013933095375619348,-0.0003700989014651677,-0.0023757946949173932,0.0004126102181371586,0.0009917756225675035,0.005722734364881233,-0.0014080262548229144,0.02084425286538199,-0.020039877272929548,-0.005391501596258983,-0.022870223813534228,-8.252053744657749e-05,0.40567963850405464,nan,nan,nan,nan,nan,nan
117,0.5900000000000004,Standing,0.11913962591360158,0.5690218646915,1.5760377359026387,-1.639326656889516,0.004418855726155533,-0.4105293614308879,-1.4120809353344301,1.489605109596888,0.019496817377626225,0.02667556571723138,0.013166319505246115,0.029487636640928922,-0.34449586401654253,0.012176823376673454,-0.022306583816839236,-0.3957034866345452,-0.02418452926399244,-0.16353603407209424,-0.003993274726334057,-0.4224070532735977,-2.140434977222304,-1.6170725583818468,0.002573268137961803,0.022814029227263815,-0.01383052111825826,0.023965050487060192,-0.4045055113497676,-0.004720534988859696,-0.018961626989096564,-0.392804790489685,0.02347604200495893,-0.028047154951465127,-0.059900316009427634,0.07696586929880957,-0.03036645202205502,-0.07926396504875248,-0.08119402860310944,0.2863493776235666,-1.0762393913482144,-0.15577136238146005,-0.4573235308520994,-0.0026249071975955568,-0.03626311251899972,-2.0476905042471043,2.3819924192845154,-0.05016632401531019,0.0005250298884756349,0.006507807027606671,-0.025731422279421125,-0.17985806543179045,-0.020034387959435258,0.009657331649436697,0.008475207968497713,0.0020714574180481257,1.0490930432745644,0.015920782691041246,0.014819609499018806,0.632355111786501,-6.8516989956652585,0.0698768660662436,0.007298787899843206,0.05291301206768955,-0.006851989461794869,0.04597881609439618,-0.008201286728457591,0.0022334290209075915,-0.0004595604517092385,-5.379740547125511e-05,0.002104613061932701,0.007450173474529165,-0.0018474536985970149,0.01884543724698735,-0.017402558533819567,-0.004737795986035806,-0.02157610673837741,-8.152786513471603e-05,0.400833493385875,nan,nan,nan,nan,nan,nan
118,0.5950000000000004,Standing,0.12064938889925247,0.5637426177221312,1.5753996656982443,-1.6423254250962078,0.004404799271637698,-0.41069256175321683,-1.4212222029953512,1.5013298153818952,0.019293097094720307,0.02667291617117094,0.013187118729011082,0.029363577779878622,-0.3453008474457519,0.012087925475399728,-0.022263539130996726,-0.39566571342169315,-0.024175270923708633,-0.1598742115176179,-0.003959548870555715,-0.42236426897788143,-2.139364887500393,-1.6419370984812283,0.002788138576312469,0.02284557852615829,-0.013687330651317641,0.023920903065565588,-0.40444947625793387,-0.004739741875251726,-0.018943041752403158,-0.3928001890404889,0.023474157347202044,-0.028030400536834903,-0.05985570964101775,0.07695471395069006,-0.030282184659349926,-0.07933912126501864,-0.0812147088806005,0.3019525971301776,-1.0558493938737479,-0.12761404087890926,-0.5997536413383678,-0.002811290903567017,-0.03264006446578089,-1.8282535321841982,2.3449411570014256,-0.04074405658118384,-0.0005299092120880462,0.004159844752993256,-0.02481177221006,-0.16099668584187402,-0.017779580254745284,0.008608937168502064,0.007554642570408782,0.0018516680567609747,0.7323645108952657,0.0067451711556683405,0.008556859143247254,0.21401794438212557,-4.972908019876275,0.0429740876701332,0.006309859778894899,0.0286380933881234,-0.008829484298920618,0.01120701836674156,-0.0038413772784059276,0.003717047338681052,0.000920289839208001,-0.00037693155137784746,0.003350882926044412,0.008921273681976103,-0.0022310696238998238,0.016853472541018703,-0.015031243253232806,-0.0041360554982134996,-0.020286623169419656,-8.053571726026494e-05,0.39598451952531516,nan,nan,nan,nan,nan,nan
119,0.6000000000000004,Standing,0.12224347023762243,0.5585783111724776,1.5748757396917383,-1.6460042036878004,0.0043906162041238315,-0.4108355440852595,-1.4292858452439086,1.51277708913892,0.019134135835940622,0.02666571612793178,0.013141412654172787,0.02925262266806122,-0.3460118380150982,0.012009037123360567,-0.022225582608421324,-0.39563239273410983,-0.02416710508589834,-0.15736971372817163,-0.003961371525166582,-0.4223534527025544,-2.139741529425471,-1.6618130989619744,0.002892886758734802,0.022871199184162905,-0.013642631679042927,0.02387324593367347,-0.40451285729532444,-0.004743072907147809,-0.01892095424064498,-0.3927908768336899,0.023471217939220447,-0.028007012077223444,-0.05980441937825928,0.07694177559994417,-0.030207814301050653,-0.07940359134908981,-0.08123260536369503,0.31881626767399057,-1.0328613099307258,-0.10478520130118488,-0.7357557183185055,-0.0028366135027731916,-0.028596466408533253,-1.6127284497114778,2.2894547514049712,-0.03179225175593668,-0.0014400086478319669,-0.009141214967659095,-0.022191022363480258,-0.1421981138692675,-0.01577767040783208,0.007591304515080256,0.006664137516663011,0.001633167562058639,0.5008995578892544,-0.0003645309221733152,0.0021632550653972547,-0.075328385015546,-3.9752000961492095,0.020949636484466537,0.005124131600923467,0.00893979445494282,-0.009531426378423524,-0.012676207478115382,-0.0006662063792167096,0.004417502351635409,0.001862441359805264,-0.0005878815963190868,0.004677691922291765,0.010258052551694527,-0.0025876701491799213,0.014874071659854526,-0.01289401681423258,-0.0035792966189048562,-0.01898311765613446,-7.9551776632419e-05,0.39117144958736516,nan,nan,nan,nan,nan,nan
120,0.6050000000000004,Standing,0.12392024767270847,0.553531952586937,1.5744431644770414,-1.6502685322492174,0.004376705872703184,-0.41096192746902077,-1.4364329274089902,1.5238403248176224,0.019016857426346574,0.026654390560590213,0.013077211821855225,0.02914971131518839,-0.346641040913422,0.01193945321239927,-0.022191832826821658,-0.3956028793770854,-0.024159888694611678,-0.15582872916396048,-0.003985998936279852,-0.4223655872049253,-2.14097278948677,-1.678590094875667,0.0029154982381454117,0.02289083904318935,-0.013670429981138852,0.02382802844283953,-0.4046458566165714,-0.004735944364459228,-0.018898307270858453,-0.39277886402472145,0.02346772342491606,-0.02797706270628141,-0.05974790574667144,0.07692738660285288,-0.030143035730859653,-0.07945825257681077,-0.08124789039785052,0.33535548701720763,-1.009271717108118,-0.08651504293939531,-0.852865712283382,-0.0027820662841295724,-0.025276676752251034,-1.4294164330163408,2.21264713574046,-0.02345568191880989,-0.0022651134683129045,-0.012840166463512404,-0.020582270574565662,-0.12584057966476037,-0.013916782192259398,0.006749956319933103,0.0059026714048876884,0.0014432782573321975,0.3081969128422307,-0.004925482222654082,-0.0024269004741677563,-0.24625201225974475,-3.355399182738509,0.00452229588212192,0.0039279718052889585,-0.00555966041918525,-0.009043498166787662,-0.026599864249386415,0.0014257085377162213,0.004529393957305037,0.0024025617936942805,-0.0006989028608773186,0.005989874188407358,0.011302726317569503,-0.002877799418257924,0.01295571403820011,-0.010932245544193335,-0.0030570068310965676,-0.017647006518054252,-7.858170518442874e-05,0.38642302462307715,nan,nan,nan,nan,nan,nan
121,0.6100000000000004,Standing,0.12567939959241253,0.5486068580940542,1.5740845678272206,-1.6550416914740662,0.004363345749807535,-0.41107415816749016,-1.4427725515944696,1.5344546771679248,0.01893628315925082,0.0266396836600675,0.013024033171722578,0.029052045031025327,-0.3471975288814782,0.011878500259246817,-0.02216174605463832,-0.39557673434398305,-0.024153516032578554,-0.15511991192363345,-0.004024583568132144,-0.42239307124044745,-2.1426946450197573,-1.6934079158625175,0.0028778842293861336,0.022904663118675565,-0.013744305023671683,0.02378948866102809,-0.4048169881557166,-0.0047220241327127176,-0.01887650802782412,-0.3927654685850835,0.023463987620407557,-0.027940857112185483,-0.0596872046042481,0.07691177840098412,-0.03008741314621271,-0.07950392904770258,-0.0812607368334844,0.35183038394081284,-0.9850188985765628,-0.07171932996414539,-0.9546318449697507,-0.0026720245791297666,-0.022446139693876464,-1.2679248370958842,2.122870470060461,-0.01611485341915133,-0.0029413801045424233,-0.01063573002652932,-0.0195332568326129,-0.11129759361124257,-0.012190590630490635,0.006017354436667143,0.005229006620462328,0.0012745324066244436,0.1417634480654085,-0.007716926370458222,-0.0054968071044366445,-0.344371106597478,-2.9635641973701343,-0.007522801751855587,0.0027648150972424254,-0.014775008506566,-0.00770795636228816,-0.034226307829045906,0.0027840463493021324,0.004359848606866517,0.002679087927593476,-0.0007471609017005633,0.007241118819184947,0.01214022848466817,-0.0031216403737527503,0.011124516929388983,-0.009135294178361819,-0.002569287126777285,-0.01626854762084,-7.762720618106832e-05,0.381748352144881,nan,nan,nan,nan,nan,nan
122,0.6150000000000004,Standing,0.12752083549900642,0.5438062442686493,1.5737864171876639,-1.6602541052083895,0.004350707236812324,-0.4111743863416829,-1.4483884468745174,1.5445824023851755,0.018887720948833387,0.026622303832437584,0.013010188601643033,0.02895697215317708,-0.34768875518674297,0.011825714097798623,-0.0221349356939104,-0.3955536198850138,-0.024147900841503322,-0.15515543253548297,-0.004071163392162234,-0.4224300470425761,-2.1446834735992364,-1.7069440785447905,0.0027983482095461395,0.022913118678137778,-0.013844608491375674,0.023759740563068,-0.40500638212974044,-0.0047038004616075215,-0.01885613890651261,-0.3927515483697353,0.023460206403386082,-0.02789887001218668,-0.05962310774592366,0.07689512726139834,-0.030040408997054634,-0.0795413831430201,-0.0812713147669795,0.3682871813187771,-0.9601227650809785,-0.059630127911338204,-1.0424827468646511,-0.002527702599042197,-0.020045634838547127,-1.1231790560095622,2.025545043450125,-0.009712442083486542,-0.0034759655259838105,-0.002768914015909169,-0.019014575569649413,-0.09824526105295414,-0.010557232289639002,0.005362072145584526,0.004622891793850447,0.001123038215046558,-0.007104122369907595,-0.009315964806018,-0.007395160425727629,-0.3977657158958128,-2.7072325364545877,-0.015907203967998843,0.0016911118924425469,-0.020060693540798098,-0.00594961959201811,-0.03787879480476557,0.003644734221039257,0.004073824262302135,0.0027840430696346036,-0.0007562434042953025,0.008397419999760538,0.012819371664887733,-0.0033302279171558815,0.009400829831615111,-0.007490819063504672,-0.002115586699020224,-0.014840536397600364,-7.668980877578023e-05,0.37715548119019143,nan,nan,nan,nan,nan,nan
123,0.6200000000000004,Standing,0.1294452430781406,0.5391337973101287,1.573538112162609,-1.6658563689672161,0.004338978942339359,-0.41126328840870946,-1.453307630641972,1.5542210392846378,0.01886698137173559,0.026602992777955185,0.013043077067586577,0.028864151338101697,-0.3481178014337698,0.011780811502157984,-0.022111324216554273,-0.39553340934295816,-0.024143008071022817,-0.1558808562959862,-0.004121797561911732,-0.4224722526749979,-2.146800818531948,-1.7195916257606731,0.0026916463493098916,0.022916832694457667,-0.013958152959631771,0.023739223390258645,-0.40520163077800175,-0.0046830048550816515,-0.018837370043629047,-0.39273765652457127,0.023456500148857733,-0.02785161966588274,-0.05955601251462439,0.07687751763358776,-0.03000142817409468,-0.07957130314783874,-0.08127978517740532,0.38488151582683633,-0.9344893917041253,-0.04966100501094675,-1.1204527517653422,-0.002345658894592942,-0.01778041340530847,-0.9838367534909338,1.9277273798924504,-0.004147915419559317,-0.0038622108964794684,0.006577693188708761,-0.018564163015076355,-0.08580924940536655,-0.00898051912812788,0.004722295471225256,0.004042108411127496,0.0009785540961010728,-0.1450847521006435,-0.010126833949899714,-0.008441126484359929,-0.4234689865422621,-2.5295094431765457,-0.021340372047249603,0.0007428032639774136,-0.022708893651219315,-0.004103434561870994,-0.03904972965226428,0.004159121305173969,0.0037537725767125907,0.0027783690328042547,-0.0007412509056700778,0.009450069260788367,0.013419046259853904,-0.0035219255621174042,0.007796164591991132,-0.005984000963725666,-0.0016940820851632475,-0.013357748220268487,-7.577081111266368e-05,0.3726511587629085,nan,nan,nan,nan,nan,nan
124,0.6250000000000004,Standing,0.131453682064749,0.5345932899628969,1.573331131944472,-1.671806380121519,0.004328333842515182,-0.41134116461681497,-1.4575530039001492,1.563384663788734,0.018870758801456413,0.026582355221584936,0.013119668250403909,0.028774223206693202,-0.348487209577079,0.011743422668232851,-0.0220908438772327,-0.39551600061042225,-0.02413880870443068,-0.15726441296842086,-0.004173921935110652,-0.4225167128835054,-2.1489601494990183,-1.7315710000417803,0.0025686675490731482,0.02291648506066593,-0.014076381485175926,0.02372728421059009,-0.4053951682181331,-0.004660876965994408,-0.018820180173285222,-0.3927241383603528,0.023452940482402918,-0.02779963061637899,-0.05948618657346434,0.07685900655444111,-0.029969862200134617,-0.07959429086400185,-0.08128629501704716,0.4016877973216824,-0.908101469446349,-0.04139604362738811,-1.1900022308605887,-0.002129019964835313,-0.015575241621097715,-0.8490746516354308,1.8327249008192361,0.0007554859441642192,-0.004127511274050119,0.015318236563466373,-0.017985626281699044,-0.07388162866184537,-0.007477766785026452,0.00409606786431457,0.0034817465071794234,0.0008398733184266606,-0.2767113344869317,-0.010424874639783966,-0.008892041701503197,-0.43186619341408017,-2.395874856221435,-0.024595760047348626,-6.952675834680114e-05,-0.023645705108830812,-0.002387835933711179,-0.03870748802626757,0.004425577817448616,0.003437974068765182,0.0027036328436880557,-0.0007119332909627284,0.010397809900749799,0.013965188232009176,-0.0037022158293279965,0.0063131947920126745,-0.004597543232623464,-0.0013019679283687415,-0.011816316686208791,-7.487134614795453e-05,0.3682412188858031,nan,nan,nan,nan,nan,nan
125,0.6300000000000004,Standing,0.13354901603082917,0.5302028341483241,1.5731615191982993,-1.6780085220347707,0.004318000269937085,-0.4114141582364121,-1.4615517073293323,1.569571113168494,0.01889215823452724,0.026560546961867396,0.013229652954564795,0.028688118240749468,-0.34883104025129646,0.011709408385086292,-0.022071251625569294,-0.39549979434556254,-0.02413490048083111,-0.1593232944303718,-0.004225492755254918,-0.4225611536652132,-2.151089138857982,-1.7429665678619817,0.0024372734285146203,0.022912761827605887,-0.014193242045219205,0.023722763748531658,-0.40558114377089943,-0.0046384765974393964,-0.01880457349540749,-0.39271123728099205,0.023449583621531038,-0.027743584457810343,-0.05941479333645987,0.07683987740220202,-0.02994510479027181,-0.07961077914975163,-0.08129096084007292,0.4190667932160352,-0.8780911629145555,-0.03392254923457541,-1.2404283826503224,-0.0020667145156193826,-0.014598723919427712,-0.7997406858366005,1.2372898759519801,0.00427988661416555,-0.00436165194350785,0.021996940832177278,-0.01722099318874705,-0.06876613484349015,-0.006802856629311664,0.0039184503326806465,0.0032412529719376155,0.0007816447199144243,-0.4117762923901857,-0.010314164028853177,-0.008888156341553542,-0.425797871792707,-2.279113564040251,-0.026278824111705575,-0.0007446466120090372,-0.02337211200865573,-0.0009040924116858211,-0.037195110553267755,0.004480073711002412,0.003121335575546498,0.002580215872149162,-0.0006713721743759702,0.011209231713729225,0.014278647400894606,-0.0038258304478168566,0.004951481972561371,-0.003297657149955539,-0.0009331646051523635,-0.010213102188109566,-7.399244741337408e-05,0.36393096022411986,nan,nan,nan,nan,nan,nan
126,0.6350000000000005,Standing,0.13573399396657046,0.5259669952319821,1.5730221626211316,-1.6844791520628215,0.0043083331128177995,-0.411480473637513,-1.4652129999542691,1.574209052078406,0.018927202296507992,0.026538125133338582,0.01336461543708562,0.028606354081247343,-0.34914409123375,0.011679243107965606,-0.022053183450851742,-0.3954850387773267,-0.024131345716558193,-0.1620501405812129,-0.004275452281771386,-0.4226042503975102,-2.1531533342719835,-1.7538272376533226,0.002301195140603234,0.02290621014388791,-0.01430563739261712,0.023724123751001518,-0.40575704171748167,-0.004616464432805545,-0.018790418323861795,-0.3926990934972017,0.023446450338282993,-0.027683816163990845,-0.05934126484712617,0.07681998577748826,-0.02992664214286057,-0.07962119243886782,-0.08129388678526803,0.4369955871482613,-0.8471677832684179,-0.02787131543355798,-1.2941260056101542,-0.0019334314238570475,-0.013263080220181916,-0.7322585249873906,0.9275877819823939,0.0070088123961505044,-0.004484365705762806,0.02699249650416472,-0.01635283190042526,-0.06261019649070755,-0.0060330554241373015,0.003613634943510401,0.002951113647159573,0.0007109528545831828,-0.5453692301682163,-0.009991905303293677,-0.00861934645940409,-0.41283908280034765,-2.1721339582681725,-0.027215657582277192,-0.0013103367435960494,-0.02247906947958318,0.000272000493972336,-0.03517958931644777,0.004402432926770355,0.0028310343091395664,0.0024287567580642756,-0.0006266566496092598,0.011953658763899831,0.014705697866739257,-0.0039783249427519755,0.0036925294822481585,-0.0020826578232371416,-0.0005851890390202381,-0.008541939394760245,-7.313786235211493e-05,0.3597394239926577,nan,nan,nan,nan,nan,nan
127,0.6400000000000005,Standing,0.13801089086388674,0.5218885676945564,1.5729071091380709,-1.6912276568384788,0.0042993793882785125,-0.41154028031382084,-1.4685360560354843,1.5779417452477364,0.01897435875506338,0.026515279210047493,0.013517511097324063,0.028529296238209944,-0.34942717041341964,0.011652726807945596,-0.022036712381252425,-0.3954716999376167,-0.024128135671329255,-0.16544167638947113,-0.0043230234210014104,-0.4226441574064364,-2.155126444166983,-1.764176018845013,0.0021621019060933757,0.022897296189908038,-0.014411778325424557,0.023729829352020018,-0.40592124116558753,-0.004595349100011395,-0.018777613497103232,-0.39268778759130163,0.023443552490572728,-0.02762058976403538,-0.059265184155397374,0.07679922775124215,-0.02991402896449311,-0.07962584631645188,-0.08129515430087865,0.45537937946325635,-0.8156855074851332,-0.023010696612136613,-1.3497009551314665,-0.0017907449078574515,-0.011961335261563375,-0.6646112162430341,0.7465386338660679,0.00943129171107724,-0.004569184658217906,0.03057913204768884,-0.015411568607479437,-0.056615835933926245,-0.005303260004002035,0.0032942139198633893,0.002667767941994192,0.0006420090457878403,-0.6783071616516501,-0.009514227846004985,-0.007981401785235785,-0.39462197899989904,-2.0697562383380963,-0.027818646901971684,-0.00178279079597401,-0.02122818656148746,0.001141120203700003,-0.032839889621166844,0.0042230665588299165,0.0025609653517124787,0.002261181180014468,-0.0005795695420530109,0.012645279991092995,0.015216138345759894,-0.004151605249221754,0.00252263567349197,-0.0009307755168108287,-0.00025350312212343195,-0.0068012230129492835,-7.230894041528654e-05,0.35567330322442436,nan,nan,nan,nan,nan,nan
128,0.6450000000000005,Standing,0.14038226119200098,0.5179718819207599,1.5728120899182894,-1.6982501895397422,0.004291264453399905,-0.4115930869080255,-1.4714964107446684,1.581362743555124,0.019032336003027055,0.0264922704097362,0.013679902879739613,0.02845743943296809,-0.34967890189718615,0.01162988785172694,-0.022022005590466475,-0.3954598469499064,-0.02412528734941794,-0.16950415501051164,-0.0043677830097955716,-0.4226808592373519,-2.156992796676023,-1.7740025510970496,0.0020202903055330417,0.02288641848020371,-0.01451030835065119,0.023738540073040586,-0.40607314719474963,-0.0045754671568894465,-0.018766059849334778,-0.39267735042485175,0.02344089161456772,-0.027554099173574324,-0.05918647432788753,0.076777579679679,-0.029906893312962892,-0.07962495492634585,-0.081294820249063,0.4742740656228476,-0.7833371547592862,-0.019003843956317837,-1.404506540252696,-0.001622986975721528,-0.010561318840927559,-0.5920709418368066,0.6841996614775391,0.011595449592735153,-0.004601760062258431,0.032478356483110205,-0.014371361048370593,-0.050346296753298055,-0.004567791243731325,0.0029413581571902676,0.0023705975420692787,0.0005696643822624737,-0.8124957242081029,-0.00895191775883215,-0.0073403661830984766,-0.37327050180803784,-1.9653064504073248,-0.028362320112066852,-0.0021755419408658197,-0.019706005045326557,0.0017421442041135923,-0.030381205832422858,0.003976388624389722,0.002310729553690547,0.002087433289975168,-0.0005321752010014548,0.013298118092211366,0.015741965501967763,-0.0043296143126285176,0.0014271303060431465,0.00017827802120627093,6.681036312975103e-05,-0.004989862657895743,-7.150665644253972e-05,0.3517375069649848,nan,nan,nan,nan,nan,nan
129,0.6500000000000005,Standing,0.14284999249818292,0.5142189125014043,1.572733151843751,-1.7054951430137344,0.004283769875514271,-0.4116412319845153,-1.474239578152871,1.5845932083342993,0.019099065118099456,0.026469044434727577,0.013842394379414268,0.028391154893901344,-0.3499108586667282,0.011609224411309004,-0.022008296788734935,-0.3954489357676389,-0.02412266439971164,-0.17424104077096692,-0.004409475408477405,-0.42271434702022914,-2.15874213576267,-1.7832909732241482,0.0018756822820669703,0.02287392935284485,-0.014600976810945306,0.02374909407074302,-0.4062125348190385,-0.004557030238257113,-0.018755672428311658,-0.3926677744650344,0.02343846430187226,-0.027484606988064677,-0.059105968425266685,0.07675523867868635,-0.029904935725002326,-0.07961863938698248,-0.08129292149699396,0.4935462612363906,-0.7505938838711319,-0.015787614907663262,-1.4489906947984308,-0.0014989155771267654,-0.009629015297966215,-0.5486334816405053,0.6460929558350442,0.01334582301447986,-0.004645195001724968,0.03249829993493097,-0.0132569078133489,-0.04639135390841393,-0.004132688083587076,0.0027417603463079105,0.0021822364534946274,0.0005245899412598296,-0.9473771520910541,-0.008338479736366644,-0.006697556575449923,-0.34986781732938677,-1.8576844254196996,-0.028921604693214267,-0.0024978254717720463,-0.018133692058823307,0.00211079954048705,-0.027877524857781534,0.0036873837264666835,0.0020774842046240405,0.0019151919634655447,-0.0004854625390925564,0.013898437101929392,0.016101180524170224,-0.004468200198531772,0.00039151759211286576,0.0012631078726728687,0.0003797504138078112,-0.0031057981106385373,-7.073206623205666e-05,0.3479372761873853,nan,nan,nan,nan,nan,nan
130,0.6550000000000005,Standing,0.14543640356623327,0.5107431092456228,1.5726904314874686,-1.7129058074595156,0.004276211178757108,-0.41168321258932145,-1.4772041792523023,1.5869498314666342,0.019168552196381597,0.02644522365548922,0.01399428600610047,0.028330479051769254,-0.350157936585328,0.011586495322758567,-0.021993292260054042,-0.395437294320464,-0.024119854243017564,-0.17992756781734812,-0.004444913887372102,-0.422742995521291,-2.160232540915683,-1.791769309520777,0.0017349787048191036,0.022860553713925744,-0.014676853355636408,0.02376150265770078,-0.40632915615382575,-0.004541384110202559,-0.018747154799417416,-0.3926595009810478,0.023436386320041965,-0.027412366723402047,-0.059024651374863076,0.07673244300533959,-0.029907804347736384,-0.07960646858134277,-0.08128936482348834,0.5172822136100694,-0.6951606511562849,-0.008544071256498753,-1.482132889156231,-0.001511739351432611,-0.008396120961225296,-0.5929202198862592,0.47132462646695295,0.013897415656428082,-0.004764155847672001,0.03037832533724056,-0.01213516842641817,-0.04941558371996112,-0.0045458177100875016,0.0030009057361787567,0.0023282894349867514,0.0005620313388152513,-1.1373054092762418,-0.007087695778939358,-0.005729700212377427,-0.29808103060261315,-1.6956672593257642,-0.028140715449573354,-0.0026751277838205846,-0.015175308938220547,0.002481717391551489,-0.023324266957452117,0.0031292256109108716,0.0017035257788485959,0.0016546967973228612,-0.00041559636605862255,0.014448052932526238,0.016263410080721633,-0.00455913466935109,-0.0005737245468117411,0.002434161127942305,0.0007113347011243783,-0.0011454484648811222,-6.998593731687279e-05,0.34427657842724185,nan,nan,nan,nan,nan,nan
131,0.6600000000000005,Standing,0.1481531127323727,0.5075723479396255,1.5726745741193897,-1.720501242246676,0.004268392281246063,-0.4117205058255318,-1.4802942370170526,1.5882121363343684,0.01923845895392458,0.026421219232590724,0.014131367541946358,0.028275266214977272,-0.35041485712377896,0.01156226140228335,-0.021977633392349427,-0.3954251717564018,-0.02411692032953425,-0.18659644497988584,-0.004473600388686971,-0.4227666202868257,-2.161444117259134,-1.799331567096577,0.0015990170135964442,0.022846642674997916,-0.014736270345825092,0.023775103402616543,-0.40642166793831724,-0.00452880922481155,-0.01874046559609331,-0.3926526229833635,0.023434670832205944,-0.027337454368271955,-0.058942261882557835,0.07670911798627983,-0.02991546023193967,-0.07958824689824702,-0.08128409382989552,0.5433418332278827,-0.6341522611994754,-0.0031714736157649236,-1.5190869574320842,-0.0015637795022090907,-0.007458647242074668,-0.6180115529500927,0.2524609735468538,0.013981351508597133,-0.0048008845796990406,0.027416307169177374,-0.01104256735839603,-0.05138410769019371,-0.004846784095043443,0.003131773540922951,0.0024245128124332272,0.0005867826966624599,-1.3337754325075433,-0.005737300262973755,-0.004724953106934266,-0.24231526869014408,-1.5124515151600346,-0.027192338244531874,-0.0027822077855654765,-0.011883398037736848,0.002720148983152955,-0.018502356898296657,0.002514977078201678,0.001337840664821185,0.0013755995368592002,-0.0003430975672044393,0.014982471026018206,0.016477898461048007,-0.004665003811950943,-0.001531176840656979,0.003644336619147979,0.0010541987185631154,0.0009150129209207037,-6.928932672212904e-05,0.3408594744472395,nan,nan,nan,nan,nan,nan
132,0.6650000000000005,Standing,0.15102442052304932,0.5047953324034434,1.572691633784844,-1.7283398554646319,0.0042600026974776,-0.4117515924320225,-1.483601276392158,1.587901267250306,0.019306888404140445,0.026396926816414003,0.014251483415012447,0.02822495293601851,-0.3506896652289072,0.011535548237078124,-0.02196089850418452,-0.3954121769202565,-0.02411376796175948,-0.19442888416539847,-0.004493401632741421,-0.4227841332092097,-2.1622828244515966,-1.805734920927927,0.0014723871084605141,0.022832766353747883,-0.014774401848417804,0.023789811885159322,-0.4064831789035467,-0.004520203711205852,-0.01873602194502639,-0.39264746602145745,0.02343339687388495,-0.02725976427406884,-0.058857842662258054,0.07668502619900396,-0.029927919331772367,-0.07956334274458801,-0.08127694818810129,0.5742615581353255,-0.5554031072364046,0.003411933090847595,-1.5677226435911662,-0.0016779167536927343,-0.0062173212981295155,-0.6614078750210503,-0.06217381681251771,0.013685890043172713,-0.004858483235344194,0.024023174613217676,-0.010062655791752756,-0.054961621025652045,-0.00534263304104512,0.0033469776329812686,0.0025989672290660415,0.0006304735549545308,-1.566487837102524,-0.00396024881088995,-0.0035025844767988304,-0.16774143849256856,-1.2806707662699812,-0.02532598102718602,-0.00277526425000651,-0.0076263005185425396,0.002941696508555588,-0.012302193045882533,0.0017211027211398336,0.0008887302133847408,0.001031392381217551,-0.0002547916641988874,0.01553801884062292,0.016883844059955567,-0.004818357455174287,-0.0024918199665392533,0.004980830731802136,0.0014291283588470827,0.0030836514604959,-6.86476446042928e-05,0.33771250101704314,nan,nan,nan,nan,nan,nan
133,0.6700000000000005,Standing,0.15407463533800522,0.502487784261258,1.5727400862534955,-1.7364268077647886,0.004250412561577495,-0.4117796828725892,-1.4873427747102248,1.5852128421078988,0.01937117727112136,0.02637198016784757,0.014352668338944403,0.02817877776341405,-0.3510001914668175,0.011504242083819437,-0.021941978872349263,-0.3953974637201075,-0.02411018665107502,-0.2035503750614023,-0.004502713896663179,-0.4227946652474835,-2.1626794499742084,-1.8107531973046265,0.001356768716175489,0.022819313904473205,-0.014787118923107245,0.023805442206076333,-0.40650856570971344,-0.004516257137635622,-0.018734082181933037,-0.39264427462567764,0.023432624442584857,-0.027179278745582753,-0.05877138260394446,0.07666015534122604,-0.029945383714598532,-0.07953099113916309,-0.08126773187872158,0.6100429629911783,-0.4615096284371032,0.00969049373028532,-1.617390460031354,-0.001918027180021031,-0.005618088113341034,-0.7482996636133439,-0.5376850284813945,0.012857773396183589,-0.0049893297132868894,0.02023698478639104,-0.00923503452089241,-0.06210524758206109,-0.00626123065173735,0.0037839263670515063,0.002942640029806548,0.0007162621368916794,-1.8242981792007662,-0.0018624527843515842,-0.002106407654761268,-0.07932510452236767,-1.0036552753399177,-0.023123678457005015,-0.002690489854935134,-0.0025434149378880666,0.0031260641834022353,-0.005077361233354743,0.000789314714046047,0.0003879526186705483,0.0006382791559650315,-0.00015448626001847738,0.016097105697217205,0.017292011662719212,-0.0049741715555819,-0.003492876565232908,0.006470321084982896,0.0018432618759413818,0.005379324304120769,-6.807768853239393e-05,0.3349183903331721,nan,nan,nan,nan,nan,nan
134,0.6750000000000005,Standing,0.15731008949185346,0.5006319987756148,1.5727978888839302,-1.7447108801558655,0.004238909046936427,-0.41181426738306093,-1.4916381324425663,1.579289064066302,0.019428190844136224,0.026346282080798016,0.014434134634584537,0.028135933579250802,-0.35135711478000586,0.011467091838426709,-0.021920303811898575,-0.3953805395293547,-0.0241060507802499,-0.21384567170260668,-0.004502599299628938,-0.42279876181510373,-2.1626810466499897,-1.8143641721604353,0.0012483257904032897,0.022806349727039283,-0.01477627919061765,0.023821008970680662,-0.40650156759533174,-0.004516603777902172,-0.01873423792142181,-0.39264289681494585,0.0234323096229844,-0.027096140491857202,-0.058683931335089735,0.07663474137717412,-0.029968323869662833,-0.07949068728243099,-0.08125630568377765,0.647090830769646,-0.3711570971286368,0.011560526086967856,-1.6568144782153544,-0.002300702928213527,-0.00691690209434649,-0.8590715464683144,-1.1847556083193533,0.011402714602972647,-0.005139617409910777,0.016293259128026972,-0.008568836832649626,-0.07138466263767439,-0.007430049078545785,0.004335012090137364,0.003384838150550359,0.0008271741650238605,-2.059059328240873,2.2919406848130857e-05,-0.0008193135240447884,-0.00031933515628095044,-0.7221949711617657,-0.02168858515443986,-0.002592835486784567,0.002167946497919236,0.0031133529208657806,0.001399622876345109,-6.932805330991726e-05,-3.1147897755034624e-05,0.0002755621463573467,-6.29639200916255e-05,0.016627650745110415,0.017490253770944406,-0.00508279281038595,-0.004588031012860384,0.008060771346422076,0.0022852389887872003,0.007822801215926881,-6.759435648516612e-05,0.3325506268687955,nan,nan,nan,nan,nan,nan
135,0.6800000000000005,Standing,0.1607264661589768,0.49915172989983847,1.5728407705434593,-1.753203834833062,0.00422635343570763,-0.4118561764926663,-1.495965536439219,1.5706311082923174,0.019479691014792938,0.02632082274928648,0.01450056292881149,0.02809590878468477,-0.351721006252076,0.011428787554559144,-0.021898721413571742,-0.39536331431993543,-0.024101828088458423,-0.22476496846563804,-0.004497730429014982,-0.42279989122670114,-2.16251857934719,-1.8169394529107425,0.0011342539141081325,0.022793376365248905,-0.014753687495781785,0.023834334737397954,-0.4064803287601154,-0.004519150822960893,-0.018735080733460974,-0.39264254669331033,0.02343223742982274,-0.027010355317810736,-0.058595522833518675,0.07660876521182465,-0.029997472309977995,-0.07944281919834674,-0.08124274223030464,0.6832753334246664,-0.29605377515527354,0.008576331905809033,-1.698590935439318,-0.002511122245759351,-0.008381821921072022,-0.8654807993305742,-1.731591154796904,0.010300034131342955,-0.005091866302306766,0.013285658845390335,-0.00800495891320602,-0.07277829441401992,-0.0076608567735129045,0.004316479665366313,0.003445041883848833,0.0008445383582953951,-2.1838593526062713,0.00097377412279131,-0.00022588231947792735,0.032493460559937834,-0.515056150061447,-0.02281437525903143,-0.002594672358075968,0.004518338967172983,0.0026651533434586426,0.00424776704326186,-0.0005094090117443754,-0.00016856240783233296,7.00243271056157e-05,-1.4438632331069633e-05,0.017157034809293568,0.017681700314211832,-0.00519523306989427,-0.005829688063032702,0.009573616816849885,0.0027126906946018984,0.010419840583390924,-6.719560976615257e-05,0.33059925959058656,nan,nan,nan,nan,nan,nan
136,0.6850000000000005,Standing,0.16430619695933923,0.4979587585367723,1.5728544411754626,-1.7619189311735142,0.004214396939010311,-0.4119001892454186,-1.4996895964591321,1.5601736279928713,0.019533001000126695,0.02629644704967872,0.014559723021975316,0.028058434697913904,-0.35204089773090014,0.0113953877061343,-0.02188052428536792,-0.39534819135900234,-0.024098121714382942,-0.2361639394068134,-0.0044899522240721785,-0.42279823937403804,-2.1622455412302615,-1.8185122135626774,0.0010117558606175935,0.022780485742020597,-0.014723455028039996,0.023844823480861616,-0.40645024269981045,-0.0045232439116448175,-0.01873633807449626,-0.39264297989801566,0.02343233954276348,-0.026921863603207287,-0.05850611943789875,0.07658219800127426,-0.03003304985429185,-0.07938727136587231,-0.08122701817488666,0.7159461600724868,-0.238594272613235,0.002734126400652354,-1.7430192680904277,-0.0023912993394637904,-0.008802550550462106,-0.7448120039826098,-2.0914960598892334,0.010661997066751399,-0.00487513992155204,0.011832018632765113,-0.007494817354173439,-0.06397829576482911,-0.006679969684968781,0.0036394256407647524,0.0030245921866123462,0.0007412748150964368,-2.2797941882350723,0.0015556409885605883,0.00033037053261694,0.054607623385702166,-0.3145521303869585,-0.024499610698107806,-0.0025781246456614937,0.006046493548357889,0.0020977486927322474,0.006017212060994129,-0.0008186177367848015,-0.0002514682070577941,-8.664094106991082e-05,2.0422588147739524e-05,0.017698342920689617,0.017880679123985967,-0.005313442110076829,-0.007115508862771419,0.01110956649488569,0.003144811083595809,0.013170209929594848,-6.687004637513645e-05,0.32900745923932856,nan,nan,nan,nan,nan,nan
137,0.6900000000000005,Standing,0.16803082810980888,0.4969746527641398,1.5728351019350482,-1.7708731097564743,0.004205006728789637,-0.41193788197576453,-1.5022361129766042,1.548869751473093,0.01959790013517007,0.026273805975247692,0.014619437602446645,0.02802364756247051,-0.35226855985958105,0.01137261173581156,-0.021868561626669066,-0.3953374590820235,-0.02409550211380693,-0.2479182895955695,-0.004480717308211167,-0.42279447349300026,-2.1619093957272866,-1.819197656123788,0.0008801095745711162,0.022767776129909642,-0.0146886860597115,0.02385229032480082,-0.4064158289931369,-0.004528302003748351,-0.0187377856483569,-0.3926439642101358,0.023432556226027947,-0.026830584476815668,-0.05841561661327603,0.07655500067552486,-0.030075017823932897,-0.07932408414960576,-0.08120917119567667,0.7449262300939261,-0.19682115452649743,-0.003867848082869601,-1.7908357165920197,-0.0018780420441347448,-0.007538546069183324,-0.509303303494421,-2.26077530395566,0.012979827008675145,-0.004528214886205195,0.011942916094265864,-0.006957427088678982,-0.045532425736182866,-0.004555194064547846,0.0023925317397703477,0.0021464553957674408,0.0005239201152022797,-2.350870037751219,0.0018469831722023689,0.0007531762075601785,0.06722910059501819,-0.13708851222211074,-0.02632925720929546,-0.002541922422190778,0.006953793665699082,0.001493368787840964,0.006882741334711427,-0.0010116184207067012,-0.0002895147721274523,-0.00019686242402657805,4.3336652893346225e-05,0.01825582527832375,0.018100564924543875,-0.005439465149881951,-0.008393593928209306,0.012637443253311375,0.003569395841998574,0.01605491929526339,-6.659986780163393e-05,0.32768698287428893,nan,nan,nan,nan,nan,nan
138,0.6950000000000005,Standing,0.17188300070800852,0.4961362434845047,1.5727858426903067,-1.7800749628558667,0.004200011832201123,-0.41196054050682235,-1.503174935428824,1.5375444301027954,0.0196848681227948,0.026253269150492267,0.014688885805002938,0.0279918531252663,-0.3523660302494922,0.011364978303196955,-0.02186485913135162,-0.3953329264302634,-0.02409441812649189,-0.2599389054621181,-0.004470989079383581,-0.4227892982260074,-2.1615422776643394,-1.8191301743884387,0.0007428933635580459,0.022755531723010466,-0.014651872890315807,0.023856908746678018,-0.40638003841854015,-0.00453388599829767,-0.01873929052945391,-0.3926453127670033,0.023432843924178992,-0.02673644349365512,-0.058324081656688564,0.07652717759741572,-0.030123109991721905,-0.07925339316144231,-0.08118928031611541,0.7704345196399276,-0.16768185592702417,-0.009851848948299713,-1.840370619878514,-0.0009989793177028064,-0.004531706211567576,-0.18776449044396581,-2.2650642740595153,0.017393597524946035,-0.004107364951085161,0.013889640511258516,-0.006358887440841561,-0.019494077982223985,-0.001526686522921034,0.0007404990634885993,0.0009065303520162829,0.00021679746300855908,-2.4041231733097193,0.0019456457655171444,0.0010350533985648233,0.07342361258948275,0.01349634706986294,-0.027443242202614068,-0.0024488813798353073,0.0073626338791388975,0.0009236843754397627,0.007158114919342483,-0.001116798909863784,-0.0003009762194018169,-0.00026971137349899964,5.7539630209029824e-05,0.018828196632110078,0.018306991317492822,-0.005564615621828629,-0.009618433557801802,0.014138197632691432,0.003978175912251561,0.01905534431152807,-6.636907570746992e-05,0.32655848908873175,nan,nan,nan,nan,nan,nan
139,0.7000000000000005,Standing,0.17584746982142618,0.49539630916736316,1.5727133159944084,-1.7895174444813162,0.004200737081476347,-0.4119610590852447,-1.5022522695010447,1.5268054371132143,0.019803254963080275,0.02623494652333501,0.014778380683756764,0.027963376555732777,-0.3523091321911681,0.011375397715517106,-0.021870505292756363,-0.3953357510976451,-0.024095155487060198,-0.2721696619694189,-0.0044612672462541305,-0.4227832394012654,-2.1611609805236873,-1.8184337448361294,0.0006046797186988904,0.02274404158042843,-0.014614463007066964,0.023859133163447392,-0.4063443824306217,-0.0045397130359965876,-0.0187408017221838,-0.39264689168757194,0.023433175403584985,-0.026639409613102506,-0.058231895000219476,0.07649880737853072,-0.030176885582921947,-0.07917539347170195,-0.08116745111722123,0.7928938226835303,-0.1479868634283069,-0.014505339179654856,-1.888496325089903,0.0001450498550447485,-0.00010371568446999272,0.18453318555585935,-2.14779859791621,0.023677368057094812,-0.00366452543145151,0.017898975750765184,-0.005695313906704629,0.011379611664821043,0.002083882464030295,-0.0011292322809481553,-0.0005649334763391299,-0.0001474721136617419,-2.446151301460154,0.0019443666258901144,0.00121176494840015,0.07625942813037874,0.1392859104618507,-0.027642728971831093,-0.0022980285164074677,0.007481976649768345,0.00044488335387495297,0.007131197583687251,-0.001165407539783546,-0.0003022385459783857,-0.0003157841137217242,6.629588119899256e-05,0.01940677611052298,0.018437331293817527,-0.0056740437769976166,-0.01075511824000852,0.015599937948070507,0.004365839778835441,0.022155029081479354,-6.616465874789487e-05,0.32555747219097003,nan,nan,nan,nan,nan,nan
140,0.7050000000000005,Standing,0.1799117850480566,0.49472242060595195,1.5726254053608473,-1.7991822283355772,0.004208007876714519,-0.4119337903921692,-1.4993371501949821,1.5174982792373228,0.019960517790913058,0.026218760335165018,0.014895787815101386,0.027938642788041798,-0.35208400210941687,0.011405540055392772,-0.021885982724628814,-0.39534660047007647,-0.024097877975177387,-0.284581573646126,-0.004451671202746054,-0.4227765970419835,-2.1607694229605903,-1.817208788929507,0.0004695273565414577,0.02273352431400791,-0.014577047167447146,0.023859566347026122,-0.4063091861047498,-0.004545641941994403,-0.018742330232537404,-0.39264862253264615,0.0234335376567707,-0.026539513415387253,-0.05813965628189333,0.07647001867735864,-0.030235790441806045,-0.07909031124088892,-0.08114380208910903,0.812863045326084,-0.13477771228223917,-0.017582126712219415,-1.932956770852169,0.0014541590476343927,0.005453738615106586,0.5830238612125331,-1.8614315751783057,0.03145256556655652,-0.003237237633998247,0.02348142626892445,-0.004946753538195861,0.04502601635024563,0.006028467975133116,-0.0030954863744902545,-0.0021698744862731633,-0.0005444976234380075,-2.4823823353414296,0.0019192087016153133,0.0013284718563758599,0.07831151261944198,0.24499118132450315,-0.02703047243148654,-0.0021034532841037014,0.007483167923963856,8.663671574559708e-05,0.007039265174385424,-0.0011857811995630177,-0.00030570207072072353,-0.00034616901484507234,7.245063714331573e-05,0.019979239543050687,0.01844774366522854,-0.005757740234415134,-0.011780971776819464,0.017016446162606738,0.004729805622441809,0.02534059900620803,-6.597684797204869e-05,0.3246355631314169,nan,nan,nan,nan,nan,nan
141,0.7100000000000005,Standing,0.18406753370117365,0.4941008968310791,1.5725309741856015,-1.8089781278495678,0.004221394274767262,-0.4118779451091746,-1.4946008435392106,1.5093971454030422,0.020159497169469135,0.02620434716220523,0.015044549937254374,0.027918104503202673,-0.3517014073291983,0.011454149898465566,-0.021910212788055588,-0.3953649712353225,-0.024102457981932154,-0.29717928775962604,-0.004441859270739915,-0.42276934977304204,-2.160353883926399,-1.815514410592678,0.00034039394808058694,0.02272410757402822,-0.014539116261482231,0.023858901782087102,-0.4062732788823877,-0.004551721478544957,-0.018743975542965714,-0.392650488384136,0.023433936174148694,-0.026437100519877292,-0.05804920012963929,0.07644124208460921,-0.030299197615595668,-0.07899832406362854,-0.0811184440146649,0.8311497306234099,-0.12430475497456782,-0.018886235049166814,-1.959179902798135,0.0026772796105484654,0.011169056598925963,0.9472613311543023,-1.6202267668561456,0.03979587571121559,-0.002882634591957623,0.029752424430597637,-0.004107656967824809,0.0765189560437154,0.009721968614558811,-0.004846012685354753,-0.003674153049206935,-0.0009160013509537219,-2.5195428227000027,0.0019623864012277407,0.0014494537882968714,0.0831078068382461,0.33887566736579555,-0.02582668169217416,-0.001883347995938304,0.007586181192982788,-0.00013291298780372616,0.007181444472422745,-0.0012159073101107338,-0.0003290620856621602,-0.00037317029797727874,7.970347559853314e-05,0.02048257910199204,0.018091230450809175,-0.0057553185498849255,-0.012681434757924747,0.01839743545207625,0.005071614888823726,0.028602167699715946,-6.579896011727409e-05,0.32375971401761044,nan,nan,nan,nan,nan,nan
142,0.7150000000000005,Standing,0.18830938793756358,0.4935271342358129,1.5724369075712108,-1.8188204545556887,0.004239821568160657,-0.4117951339547539,-1.4883116364000286,1.5022508219124697,0.020398740165240025,0.026191339690113866,0.015224836765961406,0.027902041781190143,-0.35118148732930365,0.01151885249556156,-0.021941719600879504,-0.3953899093383897,-0.024108657254782877,-0.30997704354710787,-0.004431349340447403,-0.42276133623885426,-2.1598961637521543,-1.8133834456607103,0.00021862766892178634,0.022715813349813634,-0.014499711808643949,0.023857765224640354,-0.4062350540569722,-0.004558076352573835,-0.01874584571798702,-0.3926525107679181,0.023434383196132003,-0.02633266904924381,-0.057962087378101296,0.07641285142684305,-0.030366483816848845,-0.07889959153431633,-0.08109147909611875,0.8483708472779876,-0.11475251905324489,-0.01881332287812999,-1.9684653412241735,0.0036854586786789624,0.016562230884135432,1.2578414278363843,-1.4292646981145019,0.04784859915417779,-0.002601494418273243,0.03605736574140646,-0.0032125444025061507,0.10398399997892929,0.012940519419198854,-0.006301362564783513,-0.004987620613436892,-0.001239854570144865,-2.559551157496362,0.002101986058502394,0.001602706837551767,0.09154403484894372,0.426192986393516,-0.024353255831760123,-0.0016588448429173022,0.007880890567656382,-0.00022731148934920241,0.007644965083102556,-0.0012709748057755533,-0.0003740350042612451,-0.0004044767564128436,8.940439666189482e-05,0.020886294126696587,0.01742255030759849,-0.0056781315532332685,-0.013457240250635157,0.01974650586244259,0.005392983709231327,0.03193683351891579,-6.562799328941982e-05,0.3229153031839991,nan,nan,nan,nan,nan,nan
143,0.7200000000000005,Standing,0.19263456428979464,0.49300865056895216,1.5723494264510591,-1.8286413878869727,0.004261988877192625,-0.41168819069402324,-1.4807126126014707,1.495871884739003,0.020674549074853544,0.026179465360188933,0.01543486902208322,0.027890561759296228,-0.350543977471346,0.011597322304216708,-0.021979261309046923,-0.39542052437942854,-0.024116243149280563,-0.3225658266983589,-0.00442403440296706,-0.422755023263013,-2.159629646447839,-1.8107685924417498,9.312503235453377e-05,0.02270803022810179,-0.014469523542279705,0.023855150456723498,-0.4062124891790974,-0.004562540565917413,-0.01874661131558591,-0.3926538262591517,0.02343466079453661,-0.026226899030105652,-0.05787929354614325,0.07638509422761482,-0.03043739199632434,-0.07879551870865892,-0.08106330427976145,0.8650352704462155,-0.10369673337214688,-0.017496224030340474,-1.9641866662568046,0.004433461806393688,0.021388652146136795,1.5198047597115834,-1.2757874346933653,0.05516178192270403,-0.0023748659849866854,0.04200645122436273,-0.002296004378783135,0.1275019715915287,0.015693961731029427,-0.007508341633484069,-0.0061230082077746145,-0.001517178899536935,-2.5177566302502163,0.0014629874960685328,0.00126259516824868,0.05330346086304618,0.522970643792093,-0.025100527313450513,-0.0015566243423684536,0.006037653272848621,-0.0005229535833712264,0.00451297557495694,-0.0008928426687157012,-0.00015311951977780354,-0.00026309824672593224,5.551968092169045e-05,0.02115400382763188,0.016558766391610063,-0.005551439845645995,-0.014181635895098816,0.02081456513148158,0.005634963271459148,0.035344150917910426,-6.546302779843693e-05,0.32209809100827436,nan,nan,nan,nan,nan,nan
144,0.7250000000000005,Standing,0.19703530536742472,0.49254381696281246,1.5722694767499308,-1.8383707042797197,0.004286399087567805,-0.411561298845875,-1.4720928150045167,1.4900899003234656,0.02098129446564479,0.026168386886944995,0.015671203943607985,0.02788352425501586,-0.3498129133077175,0.011686715796403955,-0.02202139160544945,-0.39545562677927937,-0.02412493115217663,-0.33508644372319596,-0.0044182241958744106,-0.42274908279281054,-2.1594336953587026,-1.8076741626620232,-3.170004401872978e-05,0.0227008258002251,-0.014444272724356885,0.023852073829928377,-0.406196645302154,-0.0045661021836523735,-0.018747033237143416,-0.39265480097590494,0.02343486722804,-0.026120530490042024,-0.05780154640705156,0.07635817897539286,-0.03051105192517497,-0.0786862036228505,-0.08103400016889549,0.8801482155260155,-0.09296672122793327,-0.015989940225655874,-1.9458632785494117,0.004882042075036001,0.025378369629643578,1.7239595193908153,-1.156396883107481,0.061349078158249165,-0.002215694648787801,0.04726698430495282,-0.0014075008560740874,0.14621283272569613,0.017878698437449513,-0.008426059280504869,-0.007020479970168412,-0.0017376005792137602,-2.504123404967402,0.0011620414185299665,0.0011880940404947102,0.03919021782732617,0.6188859559453057,-0.024965015274652707,-0.0014408855753382868,0.00505016358456431,-0.0006153253590240838,0.003168775388689632,-0.0007123235469920558,-8.438431150054167e-05,-0.00019494335065353124,4.128670067808415e-05,0.021273708012725972,0.015549427818337031,-0.005383050444389824,-0.014731985770126008,0.021863017161682055,0.005860822173191905,0.03883427645887663,-6.530914998470133e-05,0.3213330949318133,nan,nan,nan,nan,nan,nan
145,0.7300000000000005,Standing,0.20150492173513893,0.49212959263321926,1.572196813499904,-1.8479482150862008,0.004311588528709185,-0.41141917180728316,-1.4627410865728798,1.4847430689794447,0.02131199166956223,0.026157817214171014,0.015929370567363075,0.02788059966056857,-0.3490129937807932,0.011784116389022591,-0.02206670815827535,-0.3954940200128127,-0.024134429303814535,-0.34762832724010545,-0.004412671281073408,-0.4227427548375452,-2.1592364820791934,-1.8041189010834326,-0.0001535740898083841,0.022694152432982298,-0.014420057878667375,0.02384933870325625,-0.4061817259990174,-0.004569420667822279,-0.018747522889533918,-0.3926556843582967,0.023435066481077012,-0.026014384922118633,-0.0577291750226233,0.07633223526943203,-0.030586659279098382,-0.07857185277744831,-0.0810036665371723,0.8939232735428383,-0.08284486591864353,-0.014532650005335337,-1.9155021612962098,0.005037888228275862,0.028425407718369204,1.870345686327394,-1.0693662688041479,0.06613944078348796,-0.002113934554795974,0.05163332475101828,-0.0005849188894574717,0.15998390538486665,0.019480118523726983,-0.009063310565180109,-0.007678646706665518,-0.001899630327580903,-2.508376703381897,0.0011105829602003725,0.0012655910530631096,0.03944265590182908,0.7110523157181241,-0.024374809157930867,-0.0013346734485601911,0.0048429691379018895,-0.0005470253344258569,0.0029838606273166614,-0.0006636968339811012,-9.793047810070183e-05,-0.00017667647834450389,3.9850607402289266e-05,0.021229113584678185,0.014474276885653023,-0.005188741192165536,-0.01512147078468292,0.022870169080437187,0.006066726344639784,0.042400988878142476,-6.516506373356356e-05,0.32061441478268976,nan,nan,nan,nan,nan,nan
146,0.7350000000000005,Standing,0.206037475851641,0.49176195577717813,1.5721306990185915,-1.8573225158662894,0.004336238590878043,-0.4112667634173129,-1.452943897916631,1.4796729911493545,0.021659037642561677,0.026147495151199147,0.01620426312793353,0.027881308967257667,-0.34816910929108896,0.011886588426853717,-0.022113844439498535,-0.39553450987486954,-0.024144443567719526,-0.36024485547785345,-0.004406500046905812,-0.4227356385759543,-2.1589952787851447,-1.8001281256328083,-0.0002694375656601642,0.022688067851650753,-0.014394494905047113,0.023847420718931617,-0.40616393646245325,-0.004572929183005562,-0.018748296749892628,-0.39265664646529386,0.02343530019034669,-0.025909290951526588,-0.05766222272401418,0.07630733759210946,-0.03066355009154021,-0.07845267932862354,-0.08097239597668167,0.906510823300415,-0.07352737120822479,-0.013222896262511295,-1.874860156017721,0.00493001243377154,0.03048167799405673,1.9594377312497828,-1.0140155660180354,0.06940919459988887,-0.002064412594373147,0.054978512114090744,0.00014186133781930147,0.16877689794085052,0.02049440756622514,-0.009427256244637623,-0.00809797241136941,-0.0020028527809978513,-2.5233056475496047,0.001234246833519216,0.001423252318181548,0.04824065880974697,0.7981550901248493,-0.023172695170356014,-0.001216916266308852,0.005112594724052348,-0.0003835968649268651,0.003557907312836616,-0.0007017030366566836,-0.0001547720717422308,-0.00019242139943707252,4.674185393534662e-05,0.02101879411840918,0.013390459721824243,-0.0049795354645143074,-0.015378162488365429,0.023834689764952493,0.006254112098125048,0.04603911765448034,-6.50297659709322e-05,0.3199375710844413,nan,nan,nan,nan,nan,nan
147,0.7400000000000005,Standing,0.21062753111560745,0.4914363803001572,1.57207028347513,-1.8664478360014205,0.004359288509207604,-0.4111089068514137,-1.4429750263484387,1.4748259690977539,0.02201474496396613,0.026137184970177186,0.01649051285988203,0.027885061300711486,-0.34730533459406304,0.011991294202870866,-0.022161511987773306,-0.3955759458969187,-0.024154689637054163,-0.37296476996312783,-0.004399143287399114,-0.4227275216934675,-2.1586868533284527,-1.7957272897488894,-0.00037759235557030904,0.022682613118267393,-0.01436599412844964,0.023846531537777358,-0.4061410637139626,-0.0045769004585902735,-0.0187494533467568,-0.39265779593761757,0.023435593405472275,-0.025806032923959926,-0.05760060454089285,0.07628353868931212,-0.0307412132991236,-0.07832886218127459,-0.08094026447960863,0.9180110527932873,-0.06511509540419397,-0.012083108692329748,-1.8250640270262373,0.0046099836659123285,0.031571313179834276,1.9937743136384722,-0.9694044103201265,0.07114146428089031,-0.00206203620439204,0.057249946389700095,0.0007504666907638194,0.17275493940518713,0.02094115520342955,-0.009533509654953884,-0.008287204409831782,-0.002049213866927398,-2.5439828970548723,0.0014713519013395766,0.0016233764973659858,0.06168509133841328,0.8801671767837924,-0.02163095798202897,-0.0010909466766719192,0.005700155319494421,-0.0001778362308514159,0.004574549698131477,-0.0007942551169422471,-0.00023131937283461085,-0.00022989446474636725,5.864302511694601e-05,0.0206516055133325,0.012323636624265706,-0.004759780559467608,-0.015532641516678302,0.02476342946979119,0.006426299414608624,0.04974429413948546,-6.49024342922411e-05,0.3192989520937401,nan,nan,nan,nan,nan,nan
148,0.7450000000000006,Standing,0.21527004627150398,0.49114821212388504,1.5720147974994338,-1.875282142126958,0.004379969853349451,-0.41095014809523606,-1.4330894750022891,1.4702507711340072,0.022371707337360318,0.026126694565241707,0.016782725762470165,0.02789121663298723,-0.34644430005134397,0.012095566500488202,-0.022208522554401856,-0.3956172479925253,-0.02416490031049396,-0.3858006218225016,-0.004390272583325508,-0.4227183005338208,-2.1583005562033963,-1.7909395573948401,-0.000477581771388917,0.022677807041562234,-0.014333687396726524,0.023846668371378627,-0.40611200940975145,-0.00458149289825266,-0.018751023470376757,-0.3926591964242233,0.02343595947579901,-0.025705319452679985,-0.057544216488274944,0.07626089181879622,-0.03081927156481169,-0.07820053654653376,-0.08090733065637785,0.9285030311793074,-0.057633635254425615,-0.011097195139196192,-1.7668612251075015,0.004136268828369429,0.03175175123552755,1.977110269229911,-0.9150395927493407,0.07139247467883778,-0.002098080987095817,0.058442580517626956,0.0012310664551483854,0.17220690854382045,0.020854459523467293,-0.009402113325710237,-0.00826041912131533,-0.002042134687959218,-2.567170371874753,0.001774140814721294,0.0018442319293410258,0.07725942501125062,0.9575464708098607,-0.019997883163721596,-0.0009612153410316674,0.006461346344623144,2.7366720253887397e-05,0.005810860842222331,-0.0009184879324774171,-0.0003140247239914582,-0.0002800973211443401,7.321406534735878e-05,0.020142694255988244,0.011277610523581273,-0.0045293741031795995,-0.015611653137617414,0.025665126948165543,0.006586764646154823,0.053512802341506974,-6.478238287669766e-05,0.31869558502575995,nan,nan,nan,nan,nan,nan
149,0.7500000000000006,Standing,0.2199543170866899,0.4909057624294832,1.571966592297042,-1.8835407707664416,0.004397922018639148,-0.4107974245077772,-1.4236795238137132,1.4661478670332597,0.022721771396468263,0.026115615581146688,0.017074495624993927,0.02789903463322163,-0.3456192530179092,0.012195483949217944,-0.022252911651649415,-0.39565687766966073,-0.024174683135345786,-0.3984854444805516,-0.004384012744927413,-0.42270943716875353,-2.158080452166676,-1.7853245223576615,-0.0005803219643240024,0.02267323423334138,-0.014308113508122305,0.023846408028521705,-0.4060959878638223,-0.004584470864018036,-0.018751616437744388,-0.3926599551132655,0.02343617205915749,-0.025608748809239756,-0.05749740199865031,0.07624053443547994,-0.030897697770609085,-0.07806878730219935,-0.08087388178559426,0.9368541630371834,-0.048489938880371924,-0.009641040478363798,-1.651725727896694,0.0035904330579393743,0.030544717491772535,1.881990237715192,-0.8205808201495053,0.07001281182158882,-0.002215796819003427,0.058353972504752466,0.001563600046880597,0.16500940668695152,0.01998348974594853,-0.008877819449511656,-0.00792593542708512,-0.0019565649703648354,-2.5369645316100096,0.0012519676796191675,0.0017726730134611157,0.04402080734404512,1.123007007435719,-0.02054803858701709,-0.0009145616441707464,0.005114777720843628,-5.206857138469804e-05,0.0032043091858322084,-0.0005955931530751178,-0.00011859347352646796,-0.0001517378084406949,4.2516671695596026e-05,0.01931412868804592,0.009362897924925749,-0.0040714766632552555,-0.015685241159479158,0.02634984886688307,0.006689774156718332,0.05734145697713987,-6.46690259979909e-05,0.3181249503079693,nan,nan,nan,nan,nan,nan
150,0.7550000000000006,Standing,0.22467416968695647,0.4907095773248953,1.5719248997778021,-1.8911757451505582,0.004412699020275039,-0.41065493680774023,-1.4149730507049196,1.462404157564287,0.023056160194292415,0.02610419944639131,0.017359830560456764,0.027908035168020304,-0.34485107140468624,0.012288574490041717,-0.022293669712128674,-0.3956938014203875,-0.024183791318682965,-0.4110643931382882,-0.004379328944400529,-0.42270093410877424,-2.1579413461613837,-1.7790415465553135,-0.0006835531073738235,0.022668835560483647,-0.01428713408835502,0.023845994178492858,-0.4060867311571498,-0.004586565720960229,-0.018751783887057238,-0.3926603573238088,0.02343630324387376,-0.025517282338611325,-0.057459513393070205,0.0762224467283766,-0.030976067713609483,-0.0779337838302227,-0.08083997487588104,0.9439705200533153,-0.03923702091757905,-0.008338503847960019,-1.5269948768233454,0.0029554003271783985,0.028497540007391173,1.7412946217587209,-0.7487418937945332,0.06687775956483057,-0.002283226951075258,0.05706698709256778,0.0018001069597342815,0.15363632264459282,0.018618108164754815,-0.00815161209585187,-0.007384750145351914,-0.0018216366674361727,-2.515789731547314,0.0009367601053766766,0.0017006119958622545,0.027821201058494952,1.256595160469586,-0.020646228609964228,-0.0008797345715469711,0.004195883953457323,-8.277000576955243e-05,0.0018513413344914667,-0.00041897138843864016,-3.348986257010497e-05,-8.044210865434649e-05,2.6236943254123064e-05,0.01829329412568623,0.007577721116021265,-0.003617541420669904,-0.015673988600079767,0.027000694395329462,0.006781381942644502,0.06123912096231995,-6.45656390629371e-05,0.3176032253179114,nan,nan,nan,nan,nan,nan
151,0.7600000000000006,Standing,0.2294240659335189,0.49055496012545446,1.5718881854842655,-1.898148282517778,0.004424202304500804,-0.41052649551762577,-1.4071780598798274,1.4588554032457264,0.02336786285091652,0.026092608949971025,0.017633164126476024,0.02791778744175028,-0.34415867979447046,0.012372595167351206,-0.022329862846471926,-0.3957270845414547,-0.024192001144912448,-0.42366380613929483,-0.004374036951987128,-0.422691929900322,-2.157753192449487,-1.7722714859722586,-0.0007823757583251791,0.022664711508061507,-0.01426485014492997,0.023846185318526537,-0.40607400939460064,-0.004588988558852945,-0.018752275000233045,-0.39266088160024454,0.023436473070554128,-0.025431906124906093,-0.0574291742513969,0.0762064607915048,-0.03105387851712976,-0.07779536896062782,-0.08080558390147802,0.9499792493124871,-0.030923439888158794,-0.007342858707359238,-1.394507473443948,0.002300656845152948,0.025688258022894497,1.5589981650184588,-0.7097508637121206,0.062340531324821355,-0.002318099284056966,0.0546667132038521,0.0019504547459955706,0.13847832204315452,0.016804135461897882,-0.007238626868650335,-0.006656624213446227,-0.0016419652458967045,-2.5198826002013246,0.0010583984826803533,0.0018008416904447511,0.03763074237933606,1.3540121166110128,-0.019764530190271114,-0.000824810484428468,0.004456788685010068,3.82280067356788e-05,0.0025443525098370148,-0.00048456757854332835,-9.822263516161975e-05,-0.0001048552871567672,3.396533607366241e-05,0.01707524274104666,0.006067828334660509,-0.003197187374360464,-0.01556216070405535,0.02768297391897615,0.00687819488060407,0.06520158070423943,-6.447199822737526e-05,0.31712972495202985,nan,nan,nan,nan,nan,nan
152,0.7650000000000006,Standing,0.23420027521946588,0.4904368666081289,1.5718555766514786,-1.904432956716028,0.004432598596178583,-0.41041512162497656,-1.4004559191013668,1.4553249239455208,0.02365076830715468,0.02608109714768577,0.017889558242142965,0.027927937255946143,-0.34355703572412416,0.01244577239583068,-0.022360782860861024,-0.39575600687581514,-0.02419913607046674,-0.4363343973294726,-0.0043669877165198965,-0.4226819830039704,-2.157462213590375,-1.7651271525641374,-0.0008735594413056718,0.022660994129400792,-0.014238198515429621,0.023847313970119976,-0.4060531858304551,-0.004592300005436631,-0.0187533607809613,-0.3926617607819099,0.023436737007340013,-0.025353469774262446,-0.05740478265793594,0.0761923517292464,-0.031130806238938328,-0.07765354109999258,-0.08077071667620898,0.9552418571893917,-0.023618703465109105,-0.006521766557388757,-1.2569348396500006,0.0016792583355557506,0.022274778529836187,1.3444281556921232,-0.7060958600411174,0.056581091247631374,-0.002302360457050973,0.05127882313338794,0.0020299628391719587,0.12032881406925733,0.01463544569589474,-0.00618400287781953,-0.005784466872086548,-0.0014269851108581549,-2.5341182380355542,0.0014098470934461804,0.0019893792703150545,0.05819577182244197,1.4288666816242488,-0.01823673659609855,-0.0007434757321430966,0.005330325900069571,0.00022573031868758473,0.00416471282910788,-0.0006622893167370423,-0.00021715614565098604,-0.00017583633307026653,5.27873571773774e-05,0.015687270128729492,0.004878318692192506,-0.002821812451677972,-0.015385544361713606,0.028365572127048017,0.006973445053807831,0.06922239879488883,-6.438620650044851e-05,0.3166955888419194,nan,nan,nan,nan,nan,nan
153,0.7700000000000006,Standing,0.23900018929470299,0.49034975922332763,1.5718264659549621,-1.9100159140803508,0.00443822156498357,-0.4103230151303061,-1.3949221320465621,1.451660145984171,0.023899918036753863,0.02606995549878355,0.018124799301641844,0.027938202894184333,-0.3430571028743667,0.0125068035780727,-0.022385938270098535,-0.3957800458750366,-0.024205066816899937,-0.44909839055593664,-0.004357523939059444,-0.42267076430474165,-2.157044149145108,-1.7576844023267206,-0.000955312249587403,0.02265782223942846,-0.014205485577920268,0.02384943782720771,-0.40602202858249314,-0.004596791090074052,-0.01875514192279293,-0.3926631221758161,0.02343712364981717,-0.02528256698047493,-0.057384978059135706,0.07617992771255912,-0.03120666009822534,-0.07750830205091071,-0.08073537907747398,0.9599828150474229,-0.017421476960252286,-0.0058221393033037324,-1.1165914728645363,0.0011245937609973737,0.018421298934087782,1.1067574109609148,-0.7329555922699776,0.049829945919836555,-0.0022283297804439797,0.04704821189977588,0.002053127647637953,0.09998656995149133,0.012206236448404077,-0.005031081847501902,-0.004807799844295722,-0.001186149286639767,-2.552798645292808,0.0018927554920903948,0.002243739845757288,0.08361288905339061,1.4885500474833753,-0.01635056165634623,-0.0006343779944663316,0.006542587501870886,0.00042477141754680936,0.006231449592385037,-0.0008982169274841652,-0.00035622836632589447,-0.000272278781244671,7.732849543126374e-05,0.014180558757503113,0.003960919760047374,-0.002484803337457631,-0.01517077185740255,0.029047809816372873,0.007067519747001018,0.07329770859190822,-6.430694130319262e-05,0.31629464899065657,nan,nan,nan,nan,nan,nan
154,0.7750000000000006,Standing,0.24382211969846362,0.49028781439208446,1.5718004074380623,-1.9148958722550304,0.004441486132689458,-0.4102515379932557,-1.3906452671521328,1.447751218369747,0.024111532802051496,0.02605949675487983,0.018335464646216878,0.02794836937895989,-0.34266573238058545,0.01255487141936682,-0.02240505875122048,-0.39579887719116297,-0.02420971271398364,-0.4619618240807102,-0.004345334416537649,-0.4226580622144315,-2.1564914915470066,-1.749995758646789,-0.0010270997404145737,0.022655317372393412,-0.014165881781795658,0.02385242227847732,-0.405979805036069,-0.00460258880287358,-0.018757633722592815,-0.39266502607782694,0.02343764507574731,-0.02521949284323065,-0.05736882225905715,0.07616906153574207,-0.03128134408848951,-0.07735964304563647,-0.08069957281079064,0.9643860807521292,-0.012388966248628262,-0.0052117033799734345,-0.9759916349359246,0.0006529135411775393,0.014295427410083163,0.8553729788858835,-0.7817855228847974,0.04232295305952671,-0.0020917487807441773,0.04213306891500646,0.002033296955111125,0.07827409875624891,0.009613568258824107,-0.003824096224389224,-0.0037662632252731623,-0.0009291794167408065,-2.5726867049547026,0.002437904504359089,0.002540418062030613,0.11053151962026801,1.5377287359863296,-0.014357498165434138,-0.0005009734070096084,0.00792075922492182,0.000596890253921731,0.00844470928482868,-0.0011595425599055618,-0.0004983599599770787,-0.0003807804021599147,0.00010428518602850428,0.012614827448855608,0.0032311600157113023,-0.002173235363409987,-0.014936798052834243,0.02973180105484668,0.007161253336667407,0.07742474250192834,-6.423299937567238e-05,0.3159212252325683,nan,nan,nan,nan,nan,nan
155,0.7800000000000006,Standing,0.24866088805939648,0.49025498340972506,1.5717794854654066,-1.9190685490109316,0.004442808219637802,-0.41020122788375807,-1.3876442837807472,1.4435249086165827,0.024283052691467116,0.026050041662523733,0.018518980495212223,0.027958281462699557,-0.34238545722112207,0.01258967122120001,-0.022418106827803378,-0.39581240136147644,-0.02421304432597047,-0.4747897623701909,-0.004332223730207855,-0.42264423457976097,-2.155918347681033,-1.7418880094385945,-0.0010941281423184766,0.022653375569000194,-0.014124114220703352,0.023855434757940348,-0.40593558008465896,-0.004608665237157481,-0.01876017951221961,-0.3926670771283726,0.02343819786405706,-0.02516434631381508,-0.057356063338217224,0.07615975265232144,-0.03135496144237651,-0.07720813653173886,-0.08066344007792232,0.9677536721865714,-0.0065661964718846735,-0.004184394531151471,-0.8345353511802119,0.0002644173896689043,0.010062021899521698,0.6001966742770897,-0.8452619506328756,0.03430397788312373,-0.0018910184712194957,0.03670316979906887,0.00198241674793367,0.05605503189268175,0.006959960366638101,-0.0026096153165794675,-0.002704834062689383,-0.0006663223973658115,-2.565587657896137,0.002622137265958888,0.0027655269340997025,0.11462877319469486,1.6215498416388963,-0.013405680380780572,-0.0003883606786438443,0.008353512218461232,0.000602495892605814,0.00884499028200474,-0.0012152868567801922,-0.0005091579253591276,-0.00041021010913482974,0.0001105576619498633,0.011029305883114567,0.0025517841679846636,-0.0018617766841251765,-0.014723470777400244,0.030301302779523552,0.007226546573661949,0.08160139974970206,-6.416323609329791e-05,0.3155698340206511,nan,nan,nan,nan,nan,nan
156,0.7850000000000006,Standing,0.2535157719889238,0.49024578906854793,1.571762275547133,-1.9225624927816427,0.004442598716256894,-0.4101714862556675,-1.385882564219717,1.4389728928144423,0.02440942041991739,0.026042445056225917,0.0186737312746907,0.027967823754135358,-0.34221395716633746,0.012611468817197113,-0.02242531316126065,-0.39582071056351964,-0.024215089109940583,-0.48763908883182727,-0.004317304197029505,-0.42262916461857747,-2.155260354630445,-1.7335042094519613,-0.0011545376012774536,0.022652101975682553,-0.014077917542240059,0.023858581480905045,-0.405884607314909,-0.004615601236849176,-0.01876318019094356,-0.3926695066555247,0.02343884057409129,-0.025116923518175602,-0.057346244697444884,0.07615192113325335,-0.03142734092874118,-0.07705363017333572,-0.08062694452537142,0.9709767859054593,-0.0018388682354221154,-0.0034419836547097695,-0.6987887541422074,-4.19006761815773e-05,0.005948325618107397,0.3523439122060349,-0.9104031604280663,0.025273545690054654,-0.001519321259563099,0.03095015589569506,0.0019084582871604166,0.03430001095692237,0.00435951919942071,-0.0014412666914539393,-0.0016618404086359152,-0.0004089567940230332,-2.5698652923272722,0.002983906635670014,0.0030139922367030635,0.1315986101175351,1.676759997326637,-0.012081891791795396,-0.0002547186635282128,0.00923933569265863,0.0006293445929393206,0.010194553949989157,-0.0013871999383390692,-0.0006001357447900218,-0.0004859054304119479,0.00012854200684633444,0.009484559127894981,0.0019637281544686155,-0.0015663038136183893,-0.014475897272933797,0.03090127168062766,0.007299110510180397,0.08582609936340861,-6.409942922066008e-05,0.31524913418820216,nan,nan,nan,nan,nan,nan
157,0.7900000000000006,Standing,0.2583870035911137,0.4902542723951365,1.5717476951638576,-1.9254215416142526,0.004441199328342735,-0.4101610169656511,-1.385281260858181,1.4341202155775565,0.024487313313331774,0.026037452162003025,0.018799029262873617,0.027976904811478895,-0.3421451238200403,0.012620981695834801,-0.022427102822970578,-0.3958240910809963,-0.024215919416836186,-0.5005384027080585,-0.0043000697365863354,-0.42261272609329237,-2.154488293995733,-1.724936130411796,-0.0012075745987490233,0.022651576748303964,-0.014025843471492161,0.023861908050708803,-0.4058246433291894,-0.004623682950010183,-0.018766807880526426,-0.39267243399051904,0.02343960240498428,-0.0250768662757355,-0.05733889638326213,0.07614545674280358,-0.0314983467463349,-0.07689606518964151,-0.0805900718960594,0.974246320437984,0.0016966653177207468,-0.002916076655088638,-0.5718097665219706,-0.000279877582831843,0.002093858003278843,0.1202606723072108,-0.970535447377151,0.015578578682876473,-0.0009985788445786093,0.025059597636583487,0.0018162114687074443,0.013766669259433442,0.001902575727537686,-0.00035793234198565143,-0.0006761034953353866,-0.0001660613791203115,-2.579862775246243,0.0034468920886339444,0.003287705057023603,0.15441212694244058,1.713615808033045,-0.01060739949431395,-0.00010504547571769468,0.010414814149579683,0.0006653139607513903,0.011992797143919548,-0.0016163426322013904,-0.0007255379165730171,-0.0005854669988726135,0.00015236617859768322,0.008011448488020401,0.0014696628365504262,-0.0012928780899526828,-0.01420116351874356,0.031512996738840664,0.007374525862401647,0.09009520170842501,-6.40400047532878e-05,0.3149514424312727,nan,nan,nan,nan,nan,nan
158,0.7950000000000006,Standing,0.26327530407910105,0.49027429443653875,1.5717349628926138,-1.9276988525393852,0.004438869187919462,-0.4101681064699197,-1.3857352518535693,1.4290106305220251,0.02451641618426642,0.02603546565195378,0.018894992662733357,0.027985444275731516,-0.3421703384559515,0.012619227192264038,-0.022424011517194812,-0.3958229550949244,-0.024215637284582595,-0.513499334255493,-0.004280326981981653,-0.42259486402629737,-2.153593682137867,-1.716243690014914,-0.0012525738049572533,0.0226519041357361,-0.013967399750724774,0.023865362471301485,-0.40575500710746565,-0.004633006468513779,-0.018771110401490595,-0.3926759042367354,0.023440493966868647,-0.025043698406512677,-0.05733358872671918,0.07614023420146002,-0.03156788295445885,-0.07673542440342979,-0.08055281808273212,0.9776600975974645,0.004004408280442434,-0.0025464542487326786,-0.4554621850265093,-0.0004660280846545824,-0.0014179008537132435,-0.09079819907763167,-1.0219170111062883,0.005820574186929247,-0.0003973020098490043,0.019192679971947905,0.0017078928505242323,-0.005042927182242821,-0.00035090071415268525,0.0006182611551531661,0.0002271972143901359,5.642645071820572e-05,-2.5921863094869075,0.003948550920936534,0.0035724133990010574,0.17892237157321267,1.7384880793764137,-0.008999841241645988,6.547748642726412e-05,0.011688744153477459,0.0006908841185364688,0.013927244344746856,-0.001864703700719234,-0.000860504192834076,-0.0006940492432663325,0.0001783123768735842,0.0066335738445646945,0.0010615313085896407,-0.0010445082687135527,-0.013907241624789676,0.03212815724234611,0.007450762665455546,0.09440588106754787,-6.398356735777915e-05,0.3146698661554555,nan,nan,nan,nan,nan,nan
159,0.8000000000000006,Standing,0.2681814226976968,0.4902996624541169,1.5717235155967855,-1.9294510723580103,0.004435785574972974,-0.4101908876102763,-1.387128744920075,1.4236951415599537,0.024499801412187786,0.02603644149092169,0.018962384915580263,0.027993363297204272,-0.34227977789080927,0.01260736762996043,-0.02241660759275526,-0.395817774684005,-0.024214358953397113,-0.5265231780204426,-0.004258077695418694,-0.42257556410951624,-2.1525788141640088,-1.7074613995785803,-0.0012893820501281475,0.022653173110722128,-0.01390259285528816,0.023868841242964855,-0.4056759079509887,-0.004643561824484625,-0.01877607640124097,-0.3926799181483845,0.023441515362053557,-0.025016862502857073,-0.05732999633792842,0.07613613272562517,-0.03163588263910691,-0.07657171422588978,-0.08051518502833135,0.9812237237191479,0.005073603515630139,-0.0022894591656928125,-0.3504439637250018,-0.0006167225892975744,-0.004556228071316599,-0.2786986133011761,-1.0630977924143077,-0.0033229544157268344,0.00019516779358205727,0.013478450569381193,0.0015838042945513135,-0.021887886971552705,-0.002371912460721516,0.001480784887910536,0.0010360821838796522,0.0002556662370962998,-2.60476875298992,0.004449857312591918,0.0038599833562262026,0.20297359477159452,1.7564580872667268,-0.007361649034178835,0.0002537949972053169,0.012961379087322932,0.0006957543326739309,0.01581983129539173,-0.00211107119416917,-0.0009931999500747593,-0.0008027823298282194,0.00020427903698160864,0.005367180731121248,0.0007184777581522163,-0.000820295166968962,-0.013599936929611277,0.032742035508001206,0.00752661088015532,0.09875576813175033,-6.392884862006783e-05,0.31439807777030443,nan,nan,nan,nan,nan,nan
160,0.8050000000000006,Standing,0.27310590393409345,0.49032430506876074,1.5717129760172104,-1.9307349588625928,0.004432055345380488,-0.4102274758509936,-1.3893443159710481,1.4182256161823148,0.024443009130228757,0.026039987723708146,0.019002464470107335,0.028000580312617932,-0.34246324091095254,0.012586612320293478,-0.022405451528164533,-0.3958090407834767,-0.024212205089725665,-0.5396048376957729,-0.004233468257458411,-0.422554863436484,-2.1514525551151475,-1.6986080538228894,-0.001318280401866592,0.02265544665620955,-0.01383181264324035,0.023872213155646926,-0.40558811411377094,-0.0046552698078607775,-0.0187816624652159,-0.39268444663457786,0.023442659881522873,-0.02499575554807706,-0.05732789968603841,0.07613304267172565,-0.031702294052917565,-0.07640496233620538,-0.0804771800462727,0.9848962472793354,0.00492852292876681,-0.0021079159150098107,-0.2567773009164982,-0.0007460459184972653,-0.0073176481434711355,-0.4431142101946018,-1.093905075527797,-0.011358456391805539,0.0007092465572911245,0.008015910905414224,0.0014434030827320014,-0.036692604028650565,-0.004151061933390413,0.0022312129181456426,0.0017467801056605258,0.0004307727342894347,-2.6163319350660847,0.004921887592056545,0.004140134606447158,0.22525180977227652,1.7706691511381851,-0.005779670347688941,0.00045470909748495194,0.014156042409561736,0.0006743825364144427,0.017558767443546387,-0.0023415966752305902,-0.0011172127949863628,-0.0009056972386733674,0.00022890389386294682,0.004221390956002157,0.00041933037800349026,-0.0006180107799033193,-0.013282282762131604,0.033350377936881614,0.007600996411729842,0.10314265722956902,-6.387466248977122e-05,0.3141301226995138,nan,nan,nan,nan,nan,nan
161,0.8100000000000006,Standing,0.27804896593654815,0.49034243179523,1.5717031283532445,-1.931605689584871,0.004427731421479237,-0.4102760253269762,-1.3922673927428657,1.4126519643924151,0.02435274683602331,0.026045531694185595,0.019016859400226502,0.028007009993150846,-0.3427106108307419,0.01255816262659342,-0.022391079327475232,-0.3957972402942697,-0.024209295325804233,-0.5527352850101236,-0.004206746349466995,-0.42253284573067473,-2.150227774369919,-1.689692367168863,-0.001339885054695142,0.022658756901415063,-0.013755708464556461,0.023875345829525052,-0.4054927366657507,-0.004668005888461551,-0.01878780803977738,-0.3926894408996794,0.02344391641616134,-0.024979762432636173,-0.05732714239709971,0.07613086237541097,-0.031767068214180905,-0.07623522071998004,-0.08043881621163308,0.9886124004909458,0.003625345293854678,-0.001969532793173018,-0.17414614445565385,-0.0008647847802502148,-0.00970989519652016,-0.5846153543635273,-1.1147303579799344,-0.01805245884108886,0.0011087940954896591,0.002878986023833286,0.0012859361065826274,-0.04947398395786522,-0.005689938740011381,0.0028744401378598444,0.0023600978413874734,0.0005819527842865773,-2.626089462870131,0.005344381598283231,0.004403541161852546,0.2449561490457084,1.7831373308052707,-0.0043209305657099795,0.0006620490411023167,0.015220835736777844,0.0006265347756252924,0.019075489604052892,-0.0025472161201547444,-0.001229114912295328,-0.0009988530203091516,0.0002513069276931394,0.0031986230881774847,0.00015145778773934925,-0.0004360592629336044,-0.012954832252668483,0.033948323245067705,0.007672766927924687,0.10756435149650997,-6.381990426588715e-05,0.31386043034228156,nan,nan,nan,nan,nan,nan
162,0.8150000000000006,Standing,0.2830104611102301,0.49034868172130636,1.5716938954419795,-1.9321161743906639,0.004422830738500693,-0.41033474193564096,-1.3957880198876929,1.40702123814766,0.024235721591052677,0.02605247832632475,0.01900746907758748,0.028012564279399292,-0.3430120806666995,0.012523185094983347,-0.02237399884638363,-0.3957828449995492,-0.024205745609762335,-0.5659026059819361,-0.00417823136626641,-0.42250963755163196,-2.148919975237255,-1.6807171275028008,-0.001354999958566359,0.022663106802199164,-0.013675111763104205,0.023878123719201186,-0.40539110214663426,-0.004681613954625273,-0.0187944424539372,-0.39269483879714717,0.023445270867426326,-0.024968282389180006,-0.05732757974802438,0.07612949176689669,-0.03183015061053028,-0.0760625721076504,-0.08040011348463769,0.9922990347363827,0.0012499852152724322,-0.0018465822530230572,-0.10209696115856812,-0.000980136595708779,-0.011743321732943658,-0.704125428965449,-1.1261452489510617,-0.023405048994127098,0.001389326427830574,-0.0018780645278042712,0.0011108572496890871,-0.060293967191531746,-0.006995506322014877,0.003416096218320657,0.002879058944110116,0.0007099432083794009,-2.6334641943624972,0.00570299664011703,0.004641635808553494,0.26155982653276044,1.795047933212453,-0.003022980774243418,0.0008699801568200344,0.016119340290451062,0.0005555779352268159,0.020326903823290107,-0.0027216132327443727,-0.0013268828319639356,-0.001079579493552497,0.0002708902529968949,0.0022960086912335144,-8.747018493426398e-05,-0.00027412170285650954,-0.012616479269875192,0.034529722465929766,0.007740545399078969,0.1120185646862948,-6.376355910976079e-05,0.31358386629824353,nan,nan,nan,nan,nan,nan
163,0.8200000000000006,Standing,0.2879868959095391,0.49034223005576927,1.5716864075916634,-1.9323065273174767,0.004417343846444673,-0.410401962380632,-1.3998058675275713,1.4013734556617212,0.024097904992608526,0.026060301738739203,0.018976356326105562,0.02801715373941419,-0.3433586070010555,0.012482757955115036,-0.02235466516648331,-0.39576629438988625,-0.024201662894046096,-0.579061109290276,-0.004148729345878166,-0.422485346822911,-2.147573446852747,-1.671641079788599,-0.0013656227521450686,0.02266842197719464,-0.013592155013580418,0.023880314412027866,-0.4052868054826611,-0.004695662988261727,-0.018801337457165276,-0.3927004699208203,0.023446681807528992,-0.024960789079129176,-0.05732923790911171,0.0761288748267128,-0.031891516915468876,-0.07588730631164183,-0.08036114121175807,0.9952869598618006,-0.0012903331074199578,-0.0014975700632076797,-0.038070585362546636,-0.0010973784112039426,-0.013444088998203957,-0.8035695279757069,-1.1295564971877234,-0.027563319688830204,0.0015646824828910145,-0.006222550296383559,0.0009178920029791742,-0.06930526687120228,-0.00808542797366207,0.003866735980064078,0.00331012193259,0.0008165431432474259,-2.631700661667975,0.005900404077648739,0.004858145744189351,0.26930567690157076,1.8152095428403565,-0.002124558715741917,0.0010630349990950261,0.016591349904757288,0.00043813856533581004,0.020859332794634807,-0.0028098067272908723,-0.0013790006456152768,-0.0011262247346293956,0.0002821880205331373,0.0014986620101657125,-0.0003316322174657687,-0.00012338803677858866,-0.01227326098771949,0.03505315920171481,0.007794454575923902,0.11650288990363762,-6.370471992207462e-05,0.31329582631337544,nan,nan,nan,nan,nan,nan
164,0.8250000000000006,Standing,0.2929760817842496,0.4903208465846466,1.5716807045431755,-1.9322196467973587,0.004411260425274139,-0.4104760319206515,-1.4042227665869236,1.395748736789096,0.023944237399577243,0.026068605011846158,0.01892572664712909,0.028020692897706166,-0.3437413721699671,0.012437933142993431,-0.022333527468430873,-0.39574800947922895,-0.024197151383940015,-0.5921935783665924,-0.004118584705623123,-0.4224601284978239,-2.146201739643158,-1.6624176421060142,-0.0013723819179090038,0.022674660895617125,-0.013507653093369916,0.023881920509672923,-0.40518110989145695,-0.004709987643842533,-0.018808447698819446,-0.3927062675408608,0.02344813476006527,-0.02495678736994138,-0.05733196194692469,0.07612891944153094,-0.031951073061564535,-0.07570962749962895,-0.08032194519382761,0.9978371749421064,-0.004276694224533214,-0.0011406096975747663,0.017376104023573508,-0.0012166842341068314,-0.01481390800390258,-0.8833798118704723,-1.1249437745250777,-0.0307335186062567,0.0016606546213907103,-0.010125935795294127,0.0007078316583957028,-0.07655303378231265,-0.008964962424320922,0.004227539610487423,0.003656982131465967,0.0009023020212158948,-2.626493815263265,0.006028928051008567,0.0050436650174265196,0.27434144191788806,1.844687536516958,-0.0013518331527870415,0.00124778368449734,0.016900384042100616,0.000321219529011333,0.02113911824082903,-0.0028649311161611413,-0.0014220483308339045,-0.0011595240080988344,0.00029059050725586564,0.0008003418375592289,-0.0005448075625965234,8.922963629482788e-06,-0.011911229219131928,0.03553576240257399,0.007839203586091576,0.12101337004568802,-6.364356309284834e-05,0.31299700378871786,nan,nan,nan,nan,nan,nan
165,0.8300000000000006,Standing,0.2979748607421053,0.4902834594997555,1.571676945985643,-1.9318937605388522,0.004404572277020693,-0.4105554051120608,-1.4089481364639467,1.3901835996045315,0.02377878227603296,0.026077089038576296,0.018857856078063017,0.028023102389845664,-0.34415221510005645,0.012389685875368891,-0.02231099838134118,-0.3957283804239309,-0.024192307527438128,-0.605282843819767,-0.004088092103586681,-0.4224340502675343,-2.144817715118756,-1.6529700833431953,-0.0013757608388093583,0.02268176532922537,-0.013422334125931844,0.023883004550457946,-0.4050751458350078,-0.004724430588375998,-0.01881572940251119,-0.392712169623091,0.023449616367164396,-0.02495583777016372,-0.05733558328632035,0.07612953621060041,-0.032008703118343224,-0.07552978194169226,-0.08028257888919349,0.9997557915711357,-0.007477416978217476,-0.0007517115064917982,0.06517725170128444,-0.0013376296506892522,-0.015874638281849377,-0.9450739754046239,-1.1130274369128643,-0.03309102470885679,0.0016968053460276467,-0.01357411381321436,0.0004818984278997312,-0.0821685860178676,-0.009649453524908102,0.004505817417938581,0.003925811059615992,0.0009687713003776091,-2.617853090634945,0.006098520407288412,0.0052156460579224455,0.27680490488040654,1.8895117525637644,-0.0006757841800709051,0.0014208867216489562,0.017063793487614328,0.00021680815700448174,0.02119281128982265,-0.0028885889066930606,-0.0014563407383493025,-0.0011804164460413502,0.0002963214198251807,0.00018991995553256896,-0.0007242678791316553,0.00012335381389281616,-0.011526011355737609,0.03596911158734009,0.007873260926825571,0.12554636234387315,-6.357977718264301e-05,0.31268573508321923,nan,nan,nan,nan,nan,nan
166,0.8350000000000006,Standing,0.30297979143433795,0.49022927779363723,1.5716750915470714,-1.931364604440072,0.004397281697247926,-0.4106386463758614,-1.4138984899138622,1.3847117884857036,0.023604851194015945,0.02608553831798605,0.018775048825567284,0.02802431354709506,-0.34458361120469666,0.012338916554694379,-0.022287458432893467,-0.39570776641315775,-0.024187220245571912,-0.6183167136986504,-0.0040574645553461105,-0.4224072676100442,-2.143428363493447,-1.6432610043118965,-0.0013760788427128613,0.02268965604145596,-0.013336685203115883,0.023883675462804437,-0.40496947311831394,-0.0047388990413447015,-0.01882317425429688,-0.39271814066173966,0.023451119972078292,-0.0249575364691703,-0.05733992020141374,0.0761306363521729,-0.03206427238216587,-0.07534802161385344,-0.08024309446603303,1.0009861384465315,-0.010836341223650634,-0.0003708877143093129,0.10583121975601598,-0.0014581159545532458,-0.01664825276012026,-0.990070689983098,-1.094362223765583,-0.034786216403402626,0.001689855881950434,-0.01656145049914639,0.0002422314498787708,-0.08627922092803812,-0.010153864134902327,0.004707989689542159,0.0041228021546255945,0.0010174563732429853,-2.6067739757766764,0.006125509648113964,0.005356531498007791,0.2778703250617706,1.9418158062597772,-6.360078070060803e-05,0.0015781424461177485,0.01712978456319236,0.0001341824692982242,0.02113454333877534,-0.002893690593740696,-0.0014889703571380046,-0.0011942077297289616,0.000300720982779156,-0.00033973980131608156,-0.0008673830186782763,0.00022002831449804042,-0.011113852764530266,0.03635206556776197,0.007896884632092281,0.130097527621868,-6.35132579410959e-05,0.31236138524759877,nan,nan,nan,nan,nan,nan
167,0.8400000000000006,Standing,0.3079875774535197,0.4901574205545146,1.5716748804887541,-1.9306664614390459,0.004389405243555784,-0.4107244472880597,-1.4189977882048233,1.3793635999344622,0.02342531373529351,0.026093779263912115,0.01867959630587862,0.028024272723718248,-0.34502870794276225,0.012286446279026381,-0.022263254765724043,-0.39568649454605487,-0.024181970519234555,-0.6312864418013686,-0.004026867799239491,-0.42238003598377594,-2.142037329899063,-1.6333106141200893,-0.0013735842662593383,0.0226982397840589,-0.013251081838507525,0.023884053789352766,-0.40486428785584,-0.00475334311916548,-0.01883079359714309,-0.3927241631012748,0.023452643377032484,-0.02496150149236221,-0.05734479045941049,0.07613213298972854,-0.03211764050567406,-0.0751645988657386,-0.08020354173215585,1.0015572038363465,-0.014371447824518803,-4.221166346719796e-05,0.13962860020523174,-0.0015752907384284792,-0.017160182439661546,-1.0198596581921913,-1.0696377102482686,-0.03590749174448712,0.0016481891852132059,-0.01909050393773292,-8.164675362144015e-06,-0.08901934761312114,-0.01049405513359967,0.004840733433884623,0.004254373420575759,0.0010499452674712906,-2.593945620543646,0.006119351221323866,0.005446325253657999,0.2782067188768608,1.9900780383614316,0.0004989152907046095,0.0017167485205881621,0.01712067292167136,7.566530966548758e-05,0.021037052494792558,-0.002888815564155673,-0.0015238685692422547,-0.0012044879070218061,0.00030468099083864403,-0.000793004638382546,-0.0009740515993492161,0.0002993275111287343,-0.01067362470163819,0.03668454962296794,0.007910546775436376,0.1346622185571652,-6.344392790407779e-05,0.3120234680974841,nan,nan,nan,nan,nan,nan
168,0.8450000000000006,Standing,0.31300206997498414,0.4900667024355941,1.5716756838541068,-1.9298512634130744,0.004381004711929889,-0.410811241880824,-1.4241501929244784,1.3741625439766172,0.023242981520991204,0.02610170174668366,0.018573937801810304,0.02802295918995451,-0.3454792130388585,0.012233266960408355,-0.022238849631100715,-0.39566496367489734,-0.024176656432861973,-0.6442234959423625,-0.0039970490129055194,-0.42235256506707236,-2.140695189704594,-1.6225637655228227,-0.0013696113622183067,0.02270745972442022,-0.013167063755962535,0.023884172904190513,-0.40476392995828736,-0.0047672258345829955,-0.018838325243569758,-0.3927300270396316,0.023454135636025532,-0.024967294296130156,-0.057349675007223835,0.07613385848035194,-0.03216862842176015,-0.07497953204601361,-0.08016391157599378,1.0028985042928882,-0.018143623784107214,0.00016067307054123703,0.16303960519427435,-0.0016801063251789589,-0.017358918552864425,-1.0304809439310232,-1.040211191569005,-0.0364664428604611,0.0015844965543094214,-0.021131700813663085,-0.00026270675274760636,-0.09010101921924757,-0.010635863723605402,0.004881026924665266,0.004306174231509276,0.0010628172745165143,-2.5874108281987884,0.005963757266794326,0.005494183340712146,0.26842803889385736,2.14936971945334,0.0007945808082063166,0.0018439880722639628,0.01680361650899809,2.3822967549170357e-05,0.02007157951053154,-0.0027765430835030823,-0.0015063292853334993,-0.001172787671362368,0.0002984517986096807,-0.0011585607535893087,-0.0009769095626692267,0.00034509812467881394,-0.010197583217218163,0.037013363944998566,0.007926031232413361,0.13923587987101893,-6.337169218273714e-05,0.31167142664033654,nan,nan,nan,nan,nan,nan
169,0.8500000000000006,Standing,0.3180282198680825,0.48995601228360003,1.5716770024896087,-1.9289833113386112,0.004372350691450303,-0.41089618037681763,-1.4291905350732201,1.3696025993846748,0.023061605965676277,0.026109172255820046,0.018461285934772618,0.028020292374980358,-0.3459213969224715,0.012181013520080719,-0.02221507463278934,-0.39564382759699646,-0.02417144039030062,-0.6571617258623719,-0.003968749461945371,-0.42232567638512497,-2.1394356120965172,-1.6107156690069402,-0.001365787276724037,0.02271712849475102,-0.013086678650715371,0.02388396414305102,-0.4046710650310128,-0.004780200356327036,-0.01884564455165694,-0.3927356050174028,0.02345556626277277,-0.02497438644095004,-0.057353930610843144,0.07613560672999031,-0.03221708502586953,-0.07479277541428075,-0.08012417806831533,1.0052299786196734,-0.022138030398812986,0.0002637271003797467,0.17359041489265284,-0.0017308040959172072,-0.016987699198721857,-1.0080684297483584,-0.9119889183885045,-0.036275111062985664,0.0014941018272771468,-0.02253037340753714,-0.0005333629948306613,-0.08843677672260257,-0.010450688065527316,0.004754999662275286,0.0042272155801804925,0.0010432085122706897,-2.587645984001873,0.005659910192029565,0.005377736389475934,0.251915521615333,2.3696193031765125,0.0007648170988539532,0.0019337540661603474,0.016077021049432812,-4.175222789878172e-05,0.01857298545490911,-0.002594904348808002,-0.0014638616174364881,-0.0011155955542388606,0.0002861253494473113,-0.0014184289639773038,-0.0008511207238613349,0.0003496499276752689,-0.009691320821875219,0.03735132634657028,0.007946701535690428,0.14381844034269037,-6.329630592213101e-05,0.3113038877496874,nan,nan,nan,nan,nan,nan
170,0.8550000000000006,Standing,0.32307121274087813,0.48982333682591256,1.5716781948144287,-1.928106151637088,0.004363500817163845,-0.4109783360519211,-1.4340595429792236,1.3655441535029433,0.022884471425126025,0.026116050911582978,0.018344105750035485,0.028016384013101806,-0.3463495342433166,0.012130373093991974,-0.022192175497926552,-0.3956233604281307,-0.024166389977424672,-0.6701202155843917,-0.003942494402751777,-0.42230035493155144,-2.1382742571720925,-1.5977197801254601,-0.0013634959070257559,0.02272699748297769,-0.013011555130712015,0.023883385419854502,-0.4045867005659171,-0.004792116939564347,-0.01885275067161296,-0.392740838465244,0.023456925620684816,-0.024982248189831593,-0.05735749043012431,0.07613730070743319,-0.03226291479899582,-0.07460429560353578,-0.08008432202493247,1.0085985745591326,-0.026535091537493227,0.0002384649640026889,0.17543194030460696,-0.0017699748572917145,-0.01643113502068762,-0.9738015812006816,-0.8116891763462926,-0.035426908110050774,0.0013757311525862128,-0.02343603694742664,-0.0007816723757106466,-0.0856274641690268,-0.010128085217749076,0.004579826972557151,0.0040934337731543,0.001010082575189298,-2.59169794440398,0.0052510118387188755,0.005064290714709974,0.2322709848849182,2.599177776296033,0.0004582739396562291,0.001973797645333785,0.015024704000671395,-0.00011574463930318225,0.016872893019141275,-0.0023833166474623905,-0.0014212239912041746,-0.0010466895682394294,0.0002718715824091962,-0.0015723497763103342,-0.0007119638562327018,0.00033879548857338447,-0.009165954625258483,0.0376959621489947,0.007971208676571548,0.148410631309731,-6.321752055842566e-05,0.3109194059239805,nan,nan,nan,nan,nan,nan
171,0.8600000000000007,Standing,0.3281356425525824,0.4896644865556474,1.5716783435992812,-1.9272567657207242,0.004354558893731279,-0.4110569563360521,-1.4387137162730101,1.3618882578375109,0.022714358805090006,0.026122189240288512,0.018224753755229448,0.028011324739537376,-0.3467593698942205,0.012081857865541975,-0.022170329449689025,-0.39560376200671743,-0.024161555377051763,-0.6831241946184354,-0.00391809711350437,-0.4222771591717674,-2.137187008624878,-1.583748772318045,-0.0013625652266429237,0.022736872800790224,-0.012941616527188301,0.02388259182933246,-0.40450859924502325,-0.004803212374522344,-0.018859870000198353,-0.3927458257494249,0.023458243895130945,-0.02499036340935066,-0.0573604495248419,0.07613889983826636,-0.03230605025433492,-0.07441396650425039,-0.0800443031885472,1.0128859623408526,-0.03177005405302943,2.975697050466153e-05,0.1698771832727694,-0.0017883846865131602,-0.015724056826205316,-0.9308346587573036,-0.7311791330864843,-0.034022524007204,0.0012276657411065242,-0.02387039896120757,-0.0010118547128857205,-0.08196713018078104,-0.009703045689999995,0.004369209647505417,0.003919684282654777,0.0009669200745822334,-2.600795806808735,0.004879457849481385,0.00463915195680852,0.21744970944289996,2.7942015614830034,0.00018613607656643716,0.0019750635625062855,0.013987720704742876,-0.00015871810440899547,0.01562026417877185,-0.0022190869915993516,-0.0014238657170780056,-0.000997456836177395,0.0002636548892259181,-0.0016230439038132946,-0.0005918189435177079,0.00031982616663435464,-0.008627091067820454,0.03806581985707745,0.008003767277054279,0.1530146726933294,-6.313501379709804e-05,0.31051630041466644,nan,nan,nan,nan,nan,nan
172,0.8650000000000007,Standing,0.3332254694773853,0.4894735276495293,1.5716765903150258,-1.9264663290855966,0.004345632946801771,-0.41113157257485305,-1.4431276569124254,1.3585631732348635,0.022554006018015438,0.026127375696442866,0.01810533319327241,0.02800520470344484,-0.3471482804511133,0.012035786197261214,-0.02214963132668969,-0.3955851550835232,-0.0241569675077452,-0.6962017645230969,-0.003895005713033438,-0.42225618308382684,-2.1361363801926707,-1.5690635256260963,-0.0013619797669109906,0.02274663702336885,-0.012875689341662512,0.02388182828490022,-0.4044334319589461,-0.004813864191910002,-0.018867288573727145,-0.39275072568128533,0.023459566083508875,-0.024998286926533414,-0.05736288886574551,0.0761403680423217,-0.03234645372154384,-0.0742215871938938,-0.08000406545783852,1.0179653849605854,-0.03819178122362686,-0.0003506568510475353,0.15808732702553266,-0.0017851893859015143,-0.014923247760192347,-0.8827881278830386,-0.665016920529478,-0.0320705574149138,0.001037291230870992,-0.023884112391407506,-0.0012240072185072542,-0.07778211137855515,-0.009214333656151943,0.004139624599867199,0.0037213846388478053,0.0009175738613125249,-2.615513980932296,0.004618280094186337,0.004195217588112812,0.2101256864414929,2.9370493383897482,0.00011709194638659882,0.0019528445157252065,0.01318543710515806,-0.00015270888644811596,0.015033457215434911,-0.002130363477531624,-0.0014837147057583356,-0.0009799863720875057,0.00026443767558596165,-0.0015847034365511856,-0.0004878681807228041,0.0002936408110687033,-0.008080693441785537,0.03847586207131887,0.008047546141737595,0.1576324755138126,-6.304793628097917e-05,0.3100903648167526,nan,nan,nan,nan,nan,nan
173,0.8700000000000007,Standing,0.33834415185495653,0.4892433453991631,1.57167234467763,-1.9257625216762866,0.0043368212417630135,-0.41120193499229535,-1.447289376281984,1.355520711019128,0.022405407430090746,0.026131450822296103,0.01798762809189306,0.027998124062623524,-0.3475149007959553,0.01199232684244614,-0.022130118052936514,-0.3955676046034797,-0.024152642459580344,-0.7093790008863876,-0.0038725753961285,-0.4222371723827022,-2.1350876426030148,-1.5539189234169886,-0.0013604695885716805,0.022756248195635674,-0.01281222743284487,0.023881317290148616,-0.4043581367422402,-0.004824431532376533,-0.018875255197916295,-0.3927556956082143,0.023460935980551878,-0.025005661152262968,-0.057364765445279325,0.07614165205105586,-0.0323841183928708,-0.07402691609619672,-0.07996354565028252,1.0237364755142502,-0.046036450073239546,-0.000849127479180705,0.14076148186200235,-0.0017623410077515695,-0.014072483488462873,-0.8323438739117311,-0.6084924431470699,-0.029719717584937997,0.0008150251706475239,-0.02354102027586983,-0.001416128164263023,-0.07332406896840603,-0.008691870963014764,0.003902654750634856,0.0035100960086957306,0.0008650096329711129,-2.635447272658143,0.004486063380987617,0.003802140224930805,0.20974751793119584,3.0289204418215605,0.0003020356678619979,0.0019222344533647727,0.0126923817635285,-0.00010219895032082614,0.015059043341176291,-0.002113468093306267,-0.0015933248378300403,-0.0009939853857842806,0.0002739794086009712,-0.0014748451459110077,-0.0003753159067628414,0.0002568017468322453,-0.00753293426539126,0.03893421953941559,0.008103961511200786,0.16226554868721918,-6.295507566018725e-05,0.3096356494335301,nan,nan,nan,nan,nan,nan
174,0.8750000000000007,Standing,0.3434947313885155,0.48896614183717735,1.5716653408408787,-1.9251706038296414,0.004328203656568095,-0.4112679749840101,-1.4511974538394499,1.3527302920554156,0.02226973569732007,0.026134328887213273,0.017873067940964354,0.027990195872153092,-0.3478588747257798,0.011951528372510714,-0.022111781854002067,-0.39555112929606934,-0.024148584437343093,-0.7226775731551363,-0.003850232665321821,-0.4222196810813953,-2.1340156454594426,-1.5385125363461922,-0.0013568736911009581,0.022765724078718547,-0.012749742707469343,0.02388119884681343,-0.4042805215873794,-0.004835183789214723,-0.01888394419405815,-0.39276086325629556,0.023462389029836012,-0.02501220149864777,-0.057365922700955134,0.07614268262009631,-0.032419061848475844,-0.07382969670187679,-0.07992267981642233,1.0301159067117982,-0.055440712397149615,-0.0014007673502372422,0.11838356932901366,-0.0017235170389836322,-0.013207998342946274,-0.7816155114931664,-0.5580837927424714,-0.027134346554135248,0.0005756129834337136,-0.02291203018574148,-0.0015856380940866039,-0.06879478596490228,-0.00815969398708523,0.00366723978688939,0.0032950614820792296,0.0008116044474505614,-2.659714453749735,0.0044685461613357645,0.0034982602613863162,0.21439942871442408,3.0812774141592523,0.0007191794941444846,0.001895176616574725,0.012496945075105403,-2.368866703714021e-05,0.015523030972157716,-0.002150451367638018,-0.001737799228370941,-0.0010335296162574292,0.00029060985682678796,-0.001308069276960122,-0.00023145113516176037,0.00020611380808936513,-0.006988691121008785,0.03944387886398434,0.008173166772038592,0.16691514386576653,-6.285502018856639e-05,0.30914524329549864,nan,nan,nan,nan,nan,nan
175,0.8800000000000007,Standing,0.3486799032885383,0.4886338241197689,1.5716556023111679,-1.9247140260913396,0.004319838174404097,-0.41132976796966736,-1.4548586650890727,1.3501730987136165,0.022147372871597317,0.02613600124473361,0.017762721703242515,0.027981544294734786,-0.3481806382661789,0.011913344743021232,-0.02209458077549668,-0.3955357111292846,-0.024144788309353866,-0.7361142750566321,-0.00382755646509245,-0.42220321559888135,-2.132906198096782,-1.5229691461142647,-0.0013503277362465218,0.022775119377363574,-0.012687063712894832,0.02388151154516071,-0.4041993863677354,-0.004846282825331148,-0.018893451518388803,-0.39276632032344644,0.023463950790803757,-0.025017667104687013,-0.05736615585796429,0.07614338576924196,-0.03245131479361155,-0.0736296754633047,-0.07988140723534418,1.0370343800045676,-0.06646354348169009,-0.0019477059421929347,0.09131554766039353,-0.001673096432799598,-0.012358597131453295,-0.7322422499245801,-0.5114386683598114,-0.024472565144550377,0.000334471504067325,-0.02206924754436792,-0.0017303154836609237,-0.06435270807981557,-0.007636725897896559,0.003440215701077574,0.003083633356952396,0.0007592255978452572,-2.6873403802991582,0.004535240045874175,0.0032930965027832305,0.22188947253215896,3.108678046385514,0.0013091909708872534,0.0018790597290058062,0.012535798914902418,6.253966945538627e-05,0.016227043928805276,-0.002219807223285049,-0.001901464866130046,-0.001091413430180026,0.00031235219354919285,-0.0010931212078484796,-4.66314018321717e-05,0.00014062982912824956,-0.006450589027142069,0.04000424771441645,0.00825451621563127,0.1715823641693109,-6.274627508081483e-05,0.30861183356047955,nan,nan,nan,nan,nan,nan
176,0.8850000000000007,Standing,0.35390207501024373,0.4882382798783486,1.571643365106166,-1.9244147719321274,0.004311760581908276,-0.4113874995310655,-1.458286004227862,1.3478371267904146,0.022038000313017288,0.026136529399422414,0.01765731410900797,0.02797230011364612,-0.3484812342514595,0.011877657209908632,-0.02207844719758373,-0.3955213033096983,-0.024141241786771437,-0.7497016411176881,-0.003804301467531606,-0.42218733721175133,-2.131754710192563,-1.5073483855351133,-0.0013403247212421332,0.022784503538370617,-0.012623441032066113,0.02388220454166391,-0.4041143933907935,-0.004857793642885846,-0.018903806142668497,-0.3927721281108546,0.023465638468985847,-0.025021834872741084,-0.05736527538507981,0.07614369361972027,-0.03248090844861603,-0.07342661337941811,-0.07983967259026381,1.0444343443410777,-0.07910884828406067,-0.002447441000363253,0.05985083184242009,-0.0016155184991642523,-0.01154631227962697,-0.6854678277578665,-0.46719438464037566,-0.021874511716005983,0.00010563093776040796,-0.021081518846908755,-0.0018488362177332492,-0.06011919705611661,-0.007137506622519941,0.0032267155825899713,0.002881563917255443,0.0007093045164856975,-2.7174732122112135,0.004650999512168831,0.0031756774260019815,0.2302975808437997,3.1241521158302765,0.0020006030008777125,0.0018768322014086334,0.012724536165743672,0.00013859930063985263,0.016998595388369783,-0.002302163510939458,-0.0020709248559391946,-0.0011615574816305108,0.00033753563641801657,-0.0008335536108141971,0.00017609457689649115,6.157009566258508e-05,-0.005918731000894444,0.040612416777318174,0.00834692901607376,0.17626822725036567,-6.262733900024455e-05,0.30802807460010917,nan,nan,nan,nan,nan,nan
177,0.8900000000000007,Standing,0.3591633911665212,0.48777155291252683,1.5716289894098356,-1.9242931016129763,0.004303982694319802,-0.41144146208653654,-1.4614982584574412,1.3457124548884365,0.021940944722722337,0.026135998559569825,0.017557247763767683,0.027962594541607027,-0.3487622503942543,0.011844281681353206,-0.02206328825483127,-0.39550783268434936,-0.024137926144616777,-0.7634489535168855,-0.0037803850063240713,-0.4221717211957111,-2.1305637689802457,-1.491662623381141,-0.0013266910276996074,0.022793943690349792,-0.01255854643438349,0.02388316610657318,-0.4040258391301964,-0.004869706654626615,-0.01891498543407144,-0.3927783284706228,0.023467463760282407,-0.02502448751657264,-0.057363147756812456,0.07614355166873031,-0.03250786335528589,-0.0732202929351667,-0.07979742690863388,1.0522632312554954,-0.09334539316436222,-0.0028751392660968512,0.024334063830229354,-0.0015555775176949076,-0.010792511094207334,-0.6424508459158476,-0.42493438039559533,-0.019411118058990214,-0.00010616797051759235,-0.02001326904805722,-0.0019411144078184213,-0.056203228558958984,-0.006675105711085245,0.0030317885504920435,0.0026941250697855097,0.0006631284309319189,-2.749462479839476,0.004783292241506897,0.003123203208039967,0.23818824246344136,3.1371524307944822,0.0027267387085051767,0.0018880303958351006,0.012978919536524658,0.00019231298185447035,0.017710852119420223,-0.0023826023481537764,-0.002235858280588502,-0.0012400719536368144,0.00036505825931203596,-0.0005305287663113199,0.0004255256534700564,-2.8390197992070524e-05,-0.005390981333972307,0.04126408885028139,0.008449136325986631,0.1809736929312358,-6.249675046241624e-05,0.3073868131714503,nan,nan,nan,nan,nan,nan
178,0.8950000000000007,Standing,0.36446575827334016,0.4872259452125104,1.5716128851718183,-1.9243673832096044,0.004296492416796041,-0.4114920448357362,-1.464519422708148,1.343787935378142,0.021855351546200767,0.026134494818168597,0.017462632705987607,0.02795255309843554,-0.3490257535581624,0.011812976558228903,-0.022048987710466046,-0.39549520257269477,-0.024134816992487602,-0.7773633219298618,-0.003755852884419264,-0.4221561713297156,-2.129340574508533,-1.4758958398408941,-0.0013095139379037367,0.022803494042430907,-0.012492405071259665,0.023884256704255556,-0.4039344156278629,-0.004881962078799541,-0.018926927584623582,-0.3927849562998485,0.023469435938261327,-0.025025413962931054,-0.05735969897030838,0.07614291927003249,-0.032532181125962074,-0.07301052115424404,-0.07975462754949987,1.060473421363793,-0.10912154000328328,-0.0032208476034528925,-0.01485631932565118,-0.001498055504752098,-0.01011654983993806,-0.6042328501413335,-0.3849039020589409,-0.01711863530431389,-0.0003007482802454849,-0.018923011556014748,-0.0020082886342973083,-0.05270063278161652,-0.006261024624860531,0.0028601088730447464,0.002526022330917213,0.0006218304258349707,-2.7828736825952585,0.0049064243809614945,0.0031099731990986423,0.24463889434253058,3.153356708049365,0.0034354179591741386,0.0019100704162229895,0.013228272624764817,0.0002181195364752068,0.018284700466694965,-0.0024510848345852443,-0.0023884301104284177,-0.0013255658451488883,0.00039443559578410857,-0.00018528927168304438,0.000689757300814688,-0.0001264797395638771,-0.004863554135237718,0.041954356184530514,0.008559871826801116,0.18569966936618124,-6.23531127366353e-05,0.30668121159652884,nan,nan,nan,nan,nan,nan
179,0.9000000000000007,Standing,0.36981086685374776,0.48659406644771735,1.5715954571110404,-1.9246539734026853,0.004289254760318596,-0.41153972207396233,-1.4673780883768295,1.342048967543426,0.021780279916533907,0.026132093093204155,0.017373318942535413,0.027942290154912557,-0.3492742271280412,0.0117834502288775,-0.022035408315442637,-0.39548329566448537,-0.02413188501206001,-0.7914506213608619,-0.0037308377547339436,-0.4221406050083832,-2.128094719793034,-1.4600188245758194,-0.0012890510795548452,0.02281319096224145,-0.012425294753322139,0.023885338221311662,-0.40384100781267607,-0.00489447152603212,-0.01893953554589519,-0.3927920511985213,0.023471564509824468,-0.025024416699945498,-0.057354897016671715,0.0761417663835996,-0.03255383961242088,-0.07279712972421194,-0.07971123757699361,1.069021716081521,-0.12637575295860834,-0.0034856121555770963,-0.05731803861617988,-0.0014475312954889694,-0.009535447645231346,-0.5717331337363272,-0.347793566943183,-0.015014325933372215,-0.000480344992888286,-0.01786275269043874,-0.0020525887045964504,-0.04969471397575823,-0.005905265870280906,0.0027158790046821054,0.002381381641882237,0.0005863960855184375,-2.817459886200007,0.0050030259370640855,0.0031132642664875605,0.2491709430998071,3.175403053014915,0.004092571669778278,0.001939383962108465,0.013422063587505178,0.00021630341122099865,0.018681563037366185,-0.0025018894465157955,-0.0025215922543214107,-0.0014189797345558186,0.0004257143126284278,0.00019945259711095636,0.0009603907273330288,-0.00023057728657710296,-0.0043316972917606745,0.042678286006420575,0.0086779945012511,0.19044700943013215,-6.219510400052355e-05,0.305904799549057,nan,nan,nan,nan,nan,nan
180,0.9050000000000007,Standing,0.3752002118273404,0.4858688493104534,1.5715770694740838,-1.925167163305082,0.004282213579538947,-0.41158504001455737,-1.470106769945667,1.3404761655906743,0.021714745059151913,0.026128852561069886,0.017288929842301397,0.027931904494776186,-0.34951050688115903,0.011755368748522156,-0.02202239471614577,-0.3954719771311072,-0.024129096714569163,-0.8057162166433385,-0.003705519463450855,-0.42212502425210624,-2.1268365020446756,-1.4439993438002579,-0.0012656434895291623,0.022823052179804796,-0.012357641471073382,0.023886294767177272,-0.4037465424097536,-0.004907134860431268,-0.018952671962529956,-0.3927996666836924,0.023473860931283688,-0.02502131974631847,-0.05734873100233812,0.07614006978007994,-0.03257279121222146,-0.07257997299676192,-0.07966722476836763,1.0778689947185394,-0.1450434274527926,-0.003677527391342968,-0.10263798047934733,-0.0014082361559297927,-0.009063588119002094,-0.5457363137674864,-0.31456039055034185,-0.013106971476398954,-0.0006481064268540034,-0.01687782004680294,-0.0020771320272744472,-0.04725595062356824,-0.005616296071068727,0.002602719859373856,0.002263706675631348,0.0005576594981692751,-2.8531190564953186,0.005063658256617743,0.003116151255389005,0.25164354967170594,3.203896155112334,0.004681518005136556,0.001972243512668887,0.013530656449751365,0.00019130917312171352,0.018893080584493425,-0.0025326668798296486,-0.0026272833269533323,-0.0015230970342202423,0.00045928429184414376,0.0006193907254057908,0.001233202866717807,-0.0003393207039316318,-0.0037903199601159667,0.04343134549000555,0.008802561725195142,0.19521650481554093,-6.20214782000199e-05,0.30505148034717966,nan,nan,nan,nan,nan,nan
181,0.9100000000000007,Standing,0.38063511060840355,0.48504354455171556,1.571558027327063,-1.9259191721992819,0.0042752936946312105,-0.4116286031430786,-1.4727412034852474,1.3390447251998918,0.021657732413934108,0.02612481628865328,0.017208894880170595,0.02792147599642608,-0.3497377166530789,0.011728363541067906,-0.022009776633224173,-0.39546109782287603,-0.02412641520190399,-0.8201654731139862,-0.0036800925360186802,-0.422109484107712,-2.1255757725827187,-1.4278077558745073,-0.0012396444558210142,0.02283307857788423,-0.012289928757722718,0.023887044004215208,-0.4036518852323142,-0.004919852186040757,-0.018966141289650247,-0.39280787493159286,0.02347633873706455,-0.025015973491401212,-0.057341198285082454,0.07613781073080006,-0.03258896361163828,-0.07235892460314801,-0.07962256045131404,1.086979756212622,-0.16506095174756724,-0.0038084294041678263,-0.1504017788399695,-0.0013839769815473144,-0.008712625704246336,-0.5268867079160791,-0.28628807815648943,-0.011402529043561009,-0.0008072544833210911,-0.016006992426160438,-0.0020856996700210004,-0.045441954383976135,-0.005401041490850115,0.002523616584319088,0.002175861646236322,0.0005363025330349556,-2.889851294129554,0.005085385486434948,0.0031080288788531813,0.2521458923913457,3.2383175851501185,0.005199806741629618,0.0020052796158868554,0.01354254267013293,0.0001498474075869131,0.018931435487877443,-0.0025434651218977015,-0.0026938654240581694,-0.001641649580095732,0.0004955611561725223,0.0010692509834516575,0.001506543451133718,-0.0004518098559757632,-0.0032344798833639945,0.04420967872278017,0.008932863410719322,0.20000888166955086,-6.183106071044349e-05,0.30411551118763813,nan,nan,nan,nan,nan,nan
182,0.9150000000000007,Standing,0.38611668997783954,0.4841117104298235,1.5715385620247162,-1.9269196359694927,0.004268400223127191,-0.41167107253561375,-1.475320425076409,1.3377241703620597,0.02160819224328349,0.02612001162887378,0.017132474521664873,0.027911062915333837,-0.3499592658933249,0.01170203176829209,-0.02199736787269813,-0.3954504945671364,-0.024123800195553803,-0.8348040078816531,-0.0036547427546318504,-0.42209406537123084,-2.1243212476910798,-1.411419348339217,-0.0012113688446022976,0.02284325733713892,-0.012222629444642688,0.023887540118201857,-0.40355778048307256,-0.004932531629394019,-0.018979656206105425,-0.39281676266619975,0.02347901086138187,-0.025008257835907235,-0.057332312038218446,0.07613497702372422,-0.03260226222516572,-0.0721338739053744,-0.0795772184667422,1.0963158738872028,-0.18636682437841362,-0.0038930604693674957,-0.20009275404214474,-0.0013786943008039225,-0.008493878507033429,-0.5158443182322965,-0.2641109675664351,-0.009908034130123575,-0.0009609319558996716,-0.015284071701144685,-0.0020826162184487537,-0.04430984804919355,-0.00526635455516347,0.0024817521052088536,0.002120651147935374,0.0005230012700368426,-2.9277069535333737,0.005069956277365995,0.003083747296228549,0.2509049783278132,3.277681507058061,0.005655122243743338,0.002035751850938163,0.01345986261600621,9.922279732983134e-05,0.018820949848332654,-0.002535888670652417,-0.002702983291035882,-0.0017775469213823338,0.000534424863464083,0.0015431310987950766,0.0017772493728011982,-0.0005667414151667439,-0.002659722705487551,0.04501013955472106,0.009068396914366101,0.20482479896886477,-6.162274160099338e-05,0.30309147092030253,nan,nan,nan,nan,nan,nan
183,0.9200000000000007,Standing,0.39164589426049445,0.48306719221055827,1.5715188351769889,-1.9281756303267696,0.004261420441754877,-0.4117131556208413,-1.4778861977776132,1.3364787551849708,0.021565027024363293,0.02611445337445142,0.017058785462215308,0.027900700422107155,-0.3501788005127886,0.011675942221415617,-0.02198496916073398,-0.3954399926470616,-0.024121208619050764,-0.8496378663591123,-0.0036296325269972608,-0.4220788542715038,-2.123080171299841,-1.3948145096918312,-0.0011810619725029468,0.02285356559448318,-0.012156160989632818,0.023887770674434535,-0.40346483669399896,-0.0049450938325756935,-0.018992786833491926,-0.3928264090408733,0.023481881673899137,-0.024998082099336724,-0.05732210338442059,0.07613156340565137,-0.03261257336353917,-0.07190472197467822,-0.07953117411493539,1.1058408565309787,-0.20890364385303767,-0.003945369545474589,-0.2511988714554001,-0.001395956274462753,-0.00841661704551855,-0.5131545402408705,-0.24908303541778326,-0.008633043784038933,-0.0011116508844724122,-0.014737811889913199,-0.0020724986453363034,-0.04390692389273926,-0.005217909375294438,0.0024797423928292804,0.002100384014954949,0.0005183153006077838,-2.96677169549185,0.00502204552691791,0.0030422199454061805,0.24821527824779208,3.320967729477146,0.006061374419870154,0.0020616514688521076,0.01329369100197412,4.6111246535435566e-05,0.01858875781471649,-0.002512440636334859,-0.002626125477299953,-0.0019292749347135697,0.0005741625034535996,0.0020351473141023103,0.0020417307595706276,-0.0006827236145699361,-0.002062227674690518,0.04583038613923745,0.009208870361362868,0.20966484815393305,-6.139546846350778e-05,0.3019742258215889,nan,nan,nan,nan,nan,nan
184,0.9250000000000007,Standing,0.397223545843986,0.4819041823655333,1.5714989808866942,-1.9296923205920746,0.004254228734216999,-0.4117555815240935,-1.4804814389019485,1.3352680999996802,0.02152709392384857,0.026108148000092788,0.016986831366171216,0.02789040058968852,-0.3504000758483633,0.011649650422585608,-0.021972376353478654,-0.39542941194428594,-0.024118596101977918,-0.8646758323772963,-0.00360490495785891,-0.42206392466046905,-2.1218589763639457,-1.3779713402051113,-0.0011489056862906348,0.02286397257153378,-0.012090884722248034,0.02388774659697697,-0.4033735852483151,-0.004957466349113955,-0.01900489599149346,-0.39283682399923386,0.023484928170572263,-0.02498538200205583,-0.05731061292826483,0.07612756935531,-0.03261976372579747,-0.07167135969510444,-0.07948439883615302,1.115530316698305,-0.23260196900500107,-0.003970858058947636,-0.30333805306101286,-0.001438341507575535,-0.00848518065043341,-0.5190482248670361,-0.24213103705812244,-0.007586620102944682,-0.001261074871726165,-0.014390819208818592,-0.002059966483727403,-0.044255067114942606,-0.005258359766001587,0.00251856145106523,0.00211614055513318,0.000522503414569356,-3.0075932036367865,0.004945513827670137,0.00298592220696036,0.24423898717904377,3.368633897343993,0.006431257242462417,0.0020813954101194794,0.013055253476956918,-4.815491513186678e-06,0.018250289136771944,-0.002474503307652427,-0.0024218316003070126,-0.0020829916721089273,0.000609299334624865,0.0025400194561787104,0.0022980912311521113,-0.0007988100682749773,-0.0014380724516595582,0.0466724559147565,0.009355055756473152,0.2145295539064465,-6.114823920441588e-05,0.30075889499048725,nan,nan,nan,nan,nan,nan
185,0.9300000000000007,Standing,0.4028506764617569,0.48061817492060305,1.5714793977909685,-1.9314737341012618,0.004246695871795551,-0.4117990403031269,-1.4831460919190236,1.3340464081501338,0.02149324483824541,0.026101101070859205,0.016915555527266105,0.027880155215855906,-0.35062662691197666,0.011622737704717738,-0.021959401813353638,-0.3954185826472274,-0.024115920881518094,-0.8799541811259194,-0.003580804664418903,-0.42204928214858695,-2.1206713971301494,-1.360791796526764,-0.001115239140557823,0.022874425108851945,-0.012027338503611491,0.023887456832347897,-0.4032851800358926,-0.004969502155037064,-0.019015063398910716,-0.3928477974261542,0.02348806045932533,-0.02497011489112724,-0.057297882412029294,0.07612299669179566,-0.03262364014020462,-0.0714334554227439,-0.07943680892159445,1.1254261235541796,-0.2572014889860477,-0.003916619145151913,-0.35628270183741,-0.0015065724842897637,-0.008691755806686545,-0.5329306034150089,-0.244338369909272,-0.006769817120632392,-0.001409385846716456,-0.014255167781022154,-0.0020490747665228458,-0.045310212722672744,-0.005382543573574086,0.002594908025003118,0.0021658594117033004,0.0005350440919650012,-3.0556697497246303,0.004820058688001417,0.00292850237642393,0.2375158467592206,3.435908735669467,0.006733309146562361,0.0020905074636330995,0.012709243727308459,-5.795292581457463e-05,0.017681042484506564,-0.0024071611846216206,-0.0020334814834506863,-0.002194685384071991,0.0006264577506131662,0.0030534221857180933,0.0025461032471070138,-0.0009145327028670272,-0.0007752828814311655,0.04758085447210689,0.009517982911713756,0.21941931217986643,-6.088010715070613e-05,0.2994408749341047,nan,nan,nan,nan,nan,nan
186,0.9350000000000007,Standing,0.4085281627120437,0.4792044518462813,1.571460133109557,-1.9335224842536658,0.004238682155726314,-0.411844235628121,-1.4859215036539493,1.3327649612779557,0.021462323712067976,0.026093306731684373,0.01684383749231298,0.027869932730157424,-0.3508620863284846,0.011594773579645733,-0.021945850095761284,-0.3954073298019871,-0.024113140031025177,-0.8955036260981365,-0.0035574257779683446,-0.4220349901148075,-2.1195209116480394,-1.3432154287436462,-0.0010801110162500945,0.022884880961223292,-0.011965771044861519,0.023886945718389983,-0.40319991791366394,-0.004981153653384925,-0.019022277815706853,-0.39285881215814067,0.02349110319348004,-0.02495225722057941,-0.057283970157604135,0.07611785266983541,-0.032624013756289746,-0.0711906852489396,-0.07938832362293317,1.1354972500573601,-0.2827446148643455,-0.003852936282306564,-0.40975003048078457,-0.0016027432138472496,-0.009039064998816092,-0.5550823469851421,-0.2562893744356104,-0.006184225235486496,-0.001558867834966659,-0.014343606990625368,-0.002044497139696243,-0.04709188330159007,-0.005592825014400987,0.0027103435184704823,0.0022505690480546237,0.0005561700985832382,-3.1098889944434194,0.004675777290111696,0.0028584067558903676,0.23009709642203174,3.515273556623536,0.0070256248615457075,0.002091170474269008,0.012313491749994326,-0.00010222279158308829,0.017052424445732635,-0.0023302996695721777,-0.0014428833592272016,-0.0022029463972905398,0.0006085468309420645,0.003571534109565897,0.002782450885031707,-0.0010288043920513093,-7.472321702468182e-05,0.048554034760861724,0.009697059732255972,0.224333669840963,-6.059030863458823e-05,0.29801644844133546,nan,nan,nan,nan,nan,nan
187,0.9400000000000007,Standing,0.41425668997271764,0.4776580137118632,1.5714410007785253,-1.9358401350330705,0.004230035627209333,-0.4118918854078918,-1.4888502045694434,1.3313725585131684,0.021433148420717373,0.02608475090918404,0.01677050539509363,0.027859679132749057,-0.35111017281281415,0.011565317228458038,-0.021931519330388366,-0.3953954743880694,-0.0241102096029102,-0.911351182125541,-0.003534739139052316,-0.42202109231458174,-2.118404214600806,-1.3252061054354916,-0.0010433002723099676,0.022895310823837556,-0.01190613146449281,0.02388629883612157,-0.40311751382700006,-0.004992442675750718,-0.01902570651416865,-0.3928689554564015,0.02349378448837285,-0.02493180205100119,-0.05726895035568253,0.07611214951790188,-0.03262069982506352,-0.07094272073842849,-0.0793388629615691,1.1457054521347956,-0.3092876268836125,-0.0038264662063549936,-0.463530155880931,-0.0017293057033962598,-0.009529955954153251,-0.5857401830988387,-0.2784805529574579,-0.005835058270120879,-0.001711164500066194,-0.014666419443869965,-0.002050719481673785,-0.04961729686590709,-0.005891270237539141,0.0028661530745835617,0.002371082783552082,0.0005860856229948647,-3.169511205480909,0.004537327783205707,0.002779560045146789,0.22333940944664885,3.601864661630927,0.007362148788025387,0.0020859725228525813,0.011927916073742037,-0.0001293764536823257,0.016480817332771836,-0.0022578044731586177,-0.0006857396923591784,-0.0020286596521694716,0.0005362589785617922,0.004091033915644669,0.0030039603843212306,-0.00114063038670729,0.0006627862452454055,0.049592902102221774,0.009892132272815532,0.22927229314001754,-6.027804527705952e-05,0.2964817548489516,nan,nan,nan,nan,nan,nan
188,0.9450000000000007,Standing,0.42003672277498905,0.4759735639605004,1.5714217003415663,-1.9384275325958316,0.004220590067783742,-0.41194272168839674,-1.4919757171874668,1.3298156359404971,0.02140451415666481,0.026075411455947165,0.016694343670382538,0.027849318816689828,-0.3513746793881001,0.011533918985914172,-0.021916202341340403,-0.395382834137764,-0.0241070847711886,-0.9275211982592082,-0.0035126301444676025,-0.42200759012607586,-2.1173140901486933,-1.3067422171096241,-0.0010043819958967478,0.022905699499150153,-0.01184815669901113,0.023885618104466048,-0.4030373381483564,-0.0050034338647971625,-0.019025112305426462,-0.39287714822429537,0.023495810252003167,-0.024908757341180976,-0.057252910105228344,0.07610590358544123,-0.032613512768749284,-0.07068922825127719,-0.07928834742997853,1.1560065604542809,-0.33688995027256396,-0.0038600873918318043,-0.5174795125522182,-0.0018891118851181957,-0.010167256100987104,-0.6251025236046753,-0.311384514534263,-0.005726852810513071,-0.0018678906473750829,-0.015232344942217984,-0.002072063211846001,-0.05290131505718089,-0.006279648508773197,0.0030633978095922446,0.002528050061077735,0.0006249663443201754,-3.234003226733432,0.004421798916942681,0.0027004377011718476,0.2180248904225593,3.6927776651734976,0.007783655282643971,0.002077735062519412,0.011594953096335809,-0.00013614633110465587,0.0160351357287287,-0.002198237809288951,0.00011884174843722068,-0.0016385535787716136,0.00040515272606342736,0.004608941964042461,0.0032080500908372414,-0.0012491864921297996,0.0014374112628474031,0.05069849743025979,0.010103106318112695,0.23423484643694595,-5.9942471191449624e-05,0.2948327241293164,nan,nan,nan,nan,nan,nan
189,0.9500000000000007,Standing,0.42586850973456974,0.47414557625981685,1.5714019140851123,-1.9412851478001734,0.004210163353430324,-0.411997486489401,-1.495342157578006,1.3280380120765087,0.02137519760223276,0.02606525867263463,0.01661409922825955,0.027838755355428922,-0.3516594440571247,0.01150012388746768,-0.021899688799275955,-0.39536922507812833,-0.024103720180223175,-0.9440355750184477,-0.0034909465977664973,-0.42199444931608293,-2.1162423168403524,-1.2878079046844892,-0.0009628265899475563,0.02291604414417763,-0.01179148039000553,0.02388499718111581,-0.4029586640700572,-0.0050142068627284115,-0.019021130731621764,-0.39288276270442346,0.023497029568684547,-0.02488314443334463,-0.05723594543615838,0.07609913430367733,-0.03260226035283994,-0.07042987701596004,-0.07923669932723022,1.1663573919161387,-0.3655975401367079,-0.003957251290771216,-0.5715230408683476,-0.0020853428706835847,-0.01095296020084796,-0.6732880781078407,-0.35552477279767175,-0.0058633108864097234,-0.0020305566625074475,-0.016048888424597212,-0.0021126922521811616,-0.0569529338049226,-0.006759019689298316,0.003302708412889556,0.0027218119271266708,0.0006729181930850346,-3.302875351847906,0.004336709340221048,0.0026281619985904577,0.21435466166818423,3.786862485026958,0.008311081189838317,0.002068929005495967,0.011335261801120355,-0.00012418467004709794,0.01573481565983712,-0.002154599586249804,0.0007963147609394795,-0.0011228960256185897,0.00024386333627592812,0.005122581567268953,0.003392933813993362,-0.0013538563527798221,0.002250483181869165,0.05187024706343017,0.010329620549663179,0.23922091920443123,-5.9582694383838155e-05,0.2930650695411709,nan,nan,nan,nan,nan,nan
190,0.9550000000000007,Standing,0.431851053131506,0.47227735560476375,1.5714151733676633,-1.9486870812206059,0.004227810585249528,-0.4119559547674943,-1.4923282333786134,1.3287253925235984,0.02140485418995315,0.02606510656688443,0.016585612520717673,0.027832095189354453,-0.3514497814198479,0.01152485659396718,-0.021917907450271886,-0.3953789757533498,-0.02410620843083838,-0.9612971221802523,-0.0034650689660046846,-0.4219795332626255,-2.1149650587054083,-1.2678445064446169,-0.0009083034703868016,0.022926830052267626,-0.01172557138602719,0.023885710203897847,-0.40286494717968657,-0.005026778860423671,-0.019016592707155777,-0.3928876088121687,0.02349781086867069,-0.024838251512875067,-0.057138597479921845,0.07607244384489048,-0.03258628910133599,-0.07016135236322049,-0.07918299884615108,1.1965086793872517,-0.3736441310106237,0.0026518565101943097,-1.4803866840864786,0.003529446363840682,0.008306344381337582,0.6027848398784894,0.13747608941795747,0.005931317544078673,-3.0421150040216022e-05,-0.0056973415083751994,-0.0013320332148935628,0.04193252745535471,0.004946541299899828,-0.0036437301991865023,-0.001950135044292492,-0.000497650123040837,-3.452309432360921,0.005175526352362554,0.0029832106914838737,0.25545162698883733,3.992679647974494,0.010904623912150923,0.002157181617999308,0.013181800795668004,0.00014260455640751994,0.01874337807412494,-0.0025143995390518575,0.000907604893197177,-0.000969221549055668,0.00015625999722870547,0.008978584093912606,0.019469591247307017,-0.005338091757371548,0.003194250300788606,0.05370493054790877,0.010740096215828478,0.2442300205207983,-5.9197800343387907e-05,0.2911743763418434,nan,nan,nan,nan,nan,nan
191,0.9600000000000007,Standing,0.4379363914240759,0.4703259103018447,1.5714277787232684,-1.9589351331376297,0.004259739447548435,-0.41184842740140376,-1.4853601019298235,1.329335864622147,0.021546600301685967,0.02606375762130591,0.016610637260931045,0.0278290804686349,-0.35090809354219876,0.011588871010336144,-0.0219557703715553,-0.39540456715373806,-0.024112622534570666,-0.9791125912824965,-0.0034368106308323605,-0.4219635720422893,-2.1135671541917618,-1.2470636566243802,-0.0008441715337650173,0.022938012297849596,-0.011653813673946837,0.023887239340007305,-0.40276117551845286,-0.005040536134933637,-0.0190118392069887,-0.3928914079236326,0.023498419407349397,-0.024772485908866895,-0.057022151949497286,0.07603915221405119,-0.032565569709959344,-0.0698843346875059,-0.07912755472998124,1.217067658513982,-0.39028906058381585,0.002521071121023394,-2.0496103834047434,0.006385772459781497,0.02150547321811018,1.3936262897579712,0.12209441970967504,0.02834922234656333,-0.0002697891157041396,0.005004948042674309,-0.000602944143910363,0.10833757552982322,0.012802883273792863,-0.007572584256682741,-0.005118280077656722,-0.0012828207464572034,-3.5630938204488483,0.005651667034464793,0.0031922440672417824,0.27958090272926894,4.156169964047331,0.012826387324356849,0.0022364491163942143,0.01435154241607062,0.0003058272218917417,0.02075433224674257,-0.0027514549019932834,0.0009507000334157091,-0.0007598222927726764,0.00012170773574182901,0.013153120801634367,0.023289106084911002,-0.006658326167856403,0.004143878275329542,0.055403535142915995,0.01108882323396743,0.24914836755353928,-5.881654033418121e-05,0.2892969739068438,nan,nan,nan,nan,nan,nan
192,0.9650000000000007,Standing,0.4440964016502979,0.46828466399664054,1.571434293962653,-1.9711156478955922,0.00429888861792683,-0.4116926635195051,-1.4756987816871208,1.3285183701226948,0.021789246416636165,0.026059811218849767,0.016692582866734654,0.027829572718983772,-0.3501261867983551,0.011681318227216917,-0.022005978743803858,-0.3954416965589696,-0.024121874699898193,-0.9974115686582617,-0.0034065896945092706,-0.4219466882441801,-2.1120686174957943,-1.2255108475609011,-0.0007709993254112602,0.02294967661696509,-0.011577222550224139,0.02388930168469469,-0.4026485946024256,-0.005055340396758751,-0.01900764951658825,-0.3928946639676327,0.023499175211479945,-0.02468810345549772,-0.05693219839080191,0.07600949357558662,-0.03253996420277713,-0.06959892120349903,-0.07907046126368189,1.2320020452443965,-0.40824926104082737,0.0013030478769314815,-2.4361029515925314,0.007829834075678957,0.031152776379730678,1.9322640485405431,-0.16349889989044003,0.048529222990039866,-0.0007892804912284077,0.016389121160721908,9.845006977423113e-05,0.15638134876873433,0.018489443376154418,-0.010041674449711806,-0.007425881046306135,-0.001850433065505612,-3.659795475153039,0.006044187264617999,0.0033767596218447164,0.2997073391934934,4.310561812695805,0.014634441670751421,0.002332863823098685,0.015318224744539494,0.00041246893747753075,0.022516183205451738,-0.002960852365022825,0.000837938080090358,-0.0006512088000204333,0.0001511608261096984,0.016876490673835193,0.01799071173907584,-0.005931727692916051,0.0051211014364417485,0.05708269680137577,0.011418693259870858,0.25400897449727544,-5.842846564387245e-05,0.2873820336425022,nan,nan,nan,nan,nan,nan
193,0.9700000000000008,Standing,0.45006706620103526,0.46645679928434186,1.571545400525062,-1.9835163880361248,0.004337679392809262,-0.4115166149429257,-1.4651067698862816,1.3254181048036275,0.022113210169871365,0.0260506387722639,0.016824068780557977,0.02783263751461546,-0.34924284346934215,0.011785823846000807,-0.02205896355315379,-0.3954839416519671,-0.024132323916978025,-1.0135838652198204,-0.003382118861362786,-0.4219103749392311,-2.1110865339814615,-1.2052892756714095,-0.0007168759480194289,0.022960657415842575,-0.011525218705251297,0.023888384116619955,-0.40257345718226323,-0.005065746300953322,-0.019000682690295603,-0.3928954926030426,0.023499107592320632,-0.024597765791138353,-0.056906714490443024,0.07599315423307144,-0.03251457688674677,-0.06932978373879958,-0.07901775471898598,1.1941329101474683,-0.3655729424597332,0.02222131248178854,-2.480148028106514,0.0077581549764864826,0.035209715315888984,2.118402360167815,-0.6200530638134364,0.0647927506470399,-0.0018344893171737772,0.026297182764664764,0.0006129591263381121,0.1766686658025905,0.020901123756778002,-0.010596961869986652,-0.00844901859950382,-0.002089843415966275,-3.234459312311739,0.0048941666292969,0.0072626609897974695,0.19641670286652038,4.0443143778983055,0.010824675478366269,0.0021961597754970945,0.010400768994568418,-0.00018351361494750769,0.015027484032474808,-0.0020811808389141736,0.0013933652585290104,-0.00016572708198238996,-1.3523831862846252e-05,0.018067532871873092,0.0050967800717762225,-0.003267868503035241,0.005077463206072295,0.05382749293989066,0.01054130893918278,0.25882864113751575,-5.803087454714898e-05,0.2854161717752748,nan,nan,nan,nan,nan,nan
194,0.9750000000000008,Standing,0.4558601089697267,0.46480799860901645,1.5716784738864362,-1.9957019238204496,0.004373513171992344,-0.411333281726281,-1.4543290309316703,1.3203689151386613,0.022489416474992727,0.026036984573106714,0.016997712798697186,0.027837500436390154,-0.34832421165004446,0.011894590768973767,-0.022111383830134855,-0.39552800759505885,-0.024143187457954435,-1.0282378799681795,-0.003362970528084542,-0.42186797619995015,-2.110397309333228,-1.1860737254824385,-0.00067069891992042,0.02297135849747181,-0.011477412830442464,0.023887034689473768,-0.40252267046235995,-0.005073390497459799,-0.019015044743074153,-0.39290815775692484,0.02350208504106746,-0.024508320828852986,-0.0569252794385618,0.07598624485873465,-0.03248778683125114,-0.06907456211231931,-0.07896861569666394,1.1586085537382784,-0.329760135065079,0.026614672274853902,-2.437107156864961,0.007166755836616288,0.036666643328937945,2.1555477909222587,-1.0098379329932612,0.07524126102427241,-0.002730839831437044,0.03472880362784207,0.000972584354938594,0.18372636385954283,0.021753384594592126,-0.010484055396212805,-0.0088131886183476,-0.0021727081952815732,-2.930802949671846,0.003829666655648793,0.008479747856189098,0.13784492964663653,3.8431100377942253,0.009235405619801788,0.00214021632584713,0.009561174961766592,-0.00026988542923763256,0.01015734398065971,-0.0015288393012953987,-0.0028724105557098225,-0.002533030776450367,0.0005954897493660215,0.017888992457073552,-0.003712989623755181,-0.0013818748673605308,0.005358011099125244,0.051044325296055355,0.009827804464408566,0.2635538131742926,-5.768165391985041e-05,0.28368456386635527,nan,nan,nan,nan,nan,nan
195,0.9800000000000008,Standing,0.4612339114109578,0.46383963867286987,1.571933422038785,-2.006226963843722,0.004403439285876545,-0.41115908048233124,-1.4442424712564887,1.3128888699700187,0.022891570266591502,0.026019155064367448,0.017200378575640572,0.027843561485783246,-0.3474470143200172,0.011998580220358684,-0.022158918120954108,-0.3955703295458979,-0.02415355958397531,-1.040579175070813,-0.003359865282277701,-0.42179473483053004,-2.1109184296160133,-1.1649797967952311,-0.0006646004422766744,0.022978978772242406,-0.011473085763403945,0.023880048834744823,-0.40257031539475757,-0.00506923342541237,-0.019010774594718585,-0.39287173329076464,0.023494643332580077,-0.024426901935775278,-0.056973227943243256,0.0759861570676212,-0.03246101488780535,-0.06884396201380079,-0.07892535092380853,1.074760488246225,-0.19367198722931364,0.050989630469764416,-2.1050080046544677,0.00598522277684015,0.03484024878994537,2.017311935036316,-1.496009033728504,0.0804307583197553,-0.0035659017478533346,0.04053315538867725,0.0012122098786186677,0.1754394660054505,0.02079789027698352,-0.00950685816385071,-0.00846439016780831,-0.0020744252041754487,-2.468259020526716,0.0006210491613682116,0.014648273884017021,-0.10422405655697309,4.218785737441491,0.0012196955287491207,0.0015240549541189244,0.0008654134077038071,-0.001397170945788721,-0.009528986479525626,0.0008314144094857575,0.0008540296711137263,0.007284893232036478,-0.0014883416974766724,0.016283778615541828,-0.00958970093629162,-1.7558222690860527e-05,0.005354388689157347,0.046120019703703635,0.008652954571080618,0.26817800415022935,-5.737306629578112e-05,0.282150313335075,nan,nan,nan,nan,nan,nan
196,0.9850000000000008,Standing,0.4661907003407562,0.46359786281975285,1.5722103968008543,-2.014726266097634,0.004426991984914943,-0.4110024392812373,-1.4352973461425014,1.3031479944225186,0.023290458097494946,0.02599896092152081,0.0174191148809047,0.0278502787235149,-0.3466548728235894,0.012092629622976378,-0.022199875433159783,-0.39560865394681904,-0.024162924063561336,-1.0513749337002316,-0.0033693130683462333,-0.42170897238911825,-2.1121663447050376,-1.141241642506746,-0.0006810899341760232,0.022984377550118826,-0.011483942302476017,0.023872461629823257,-0.40268224727872776,-0.005057256651739773,-0.019017657717857454,-0.39286204799020086,0.023492976605356822,-0.024355044712484075,-0.05701330416441854,0.07598495727759891,-0.032432487743373456,-0.06863389478567196,-0.07888657572111647,0.9913577859596745,-0.04835517062340319,0.05539495241384974,-1.6998604507824218,0.004710539807679576,0.03132824021878962,1.7890250227974576,-1.9481751095000273,0.07977756618068858,-0.004038828569327863,0.043747261052825406,0.0013434475463305132,0.1584282992855496,0.018809880523538627,-0.008191462441134983,-0.007664880184236925,-0.0018728959172048035,-2.1591517258837176,-0.0018895572137064861,0.017152488282359265,-0.24958301780483544,4.747630857697006,-0.003297898379869757,0.0010797555752841974,-0.002171307814414268,-0.0015174409843133646,-0.02238637679403619,0.002395354734519368,-0.0013766246277743112,0.0019370601127579445,-0.00033334544465121307,0.014371444658240919,-0.008015244235057962,-0.00023995800445913472,0.005705428886379733,0.042013445625765845,0.007755040538412607,0.27257472872608196,-5.719781780099801e-05,0.2812710935469764,nan,nan,nan,nan,nan,nan
197,0.9900000000000008,Standing,0.47081010712438714,0.46394147655044543,1.5724487405098089,-2.0214126904946315,0.004444779147808257,-0.41086722979614143,-1.4276755367136602,1.2915689084686126,0.02366531960679535,0.025978003573451564,0.017642086406327605,0.027857293946334804,-0.345968964246886,0.012174217189598168,-0.022233953435626216,-0.39564183202552594,-0.024171030509914093,-1.0612760382791107,-0.0033832122971715257,-0.4216329982482048,-2.1134373321862627,-1.116018555947967,-0.00069616106609861,0.02298929563637451,-0.011491571910983217,0.02386919964161336,-0.40280007774238424,-0.005043904634626267,-0.019032067912333413,-0.39286953787512974,0.023495061046259546,-0.02429395972613823,-0.057019737110083506,0.07597754352632438,-0.032400960109187485,-0.06843987116864814,-0.07885088360971637,0.9238813567261847,0.06872274613851394,0.04766874179092953,-1.337284879399495,0.0035574325786628704,0.02704189701918091,1.5243618857682384,-2.31581719078118,0.07497230186008097,-0.004191469613849054,0.04459430508458103,0.0014030445639805547,0.13718171534068668,0.016317513324358025,-0.0068156004932869736,-0.006635615741384074,-0.0016212892705515848,-1.980220915775821,-0.0027798457650584935,0.01519482818268482,-0.2541974962450378,5.044617311755824,-0.003014226384517382,0.0009836172511368884,-0.0015259217014400282,-0.0006523976419796524,-0.023566092731294064,0.00267040342270109,-0.002882038895191873,-0.0014979769857793347,0.00041688818054489405,0.012216997269169114,-0.001286589132993122,-0.0014827502549063947,0.006305526837194628,0.03880472340476448,0.007138422280019186,0.27671253877679564,-5.716334950737732e-05,0.2810833013786393,nan,nan,nan,nan,nan,nan
198,0.9950000000000008,Standing,0.4750843801180275,0.4647578944026134,1.5726289584263657,-2.024889620555471,0.0044504558110872025,-0.41079394659902213,-1.4239982508105857,1.2773822903180962,0.023981185196896054,0.025953884825322293,0.017839627060717927,0.02786347226722529,-0.34559814121553034,0.012218595462468273,-0.022247369666628138,-0.3956599280294264,-0.02417540719085833,-1.0703437233602684,-0.0033926700617817737,-0.421570233859365,-2.114170429733098,-1.091328804077457,-0.0006899299475834019,0.022995359293273055,-0.011480300610205219,0.023873768191307484,-0.40287427690636707,-0.005034834829835405,-0.019038691956135695,-0.39287849675001085,0.02349724812771923,-0.02425014863352623,-0.05703556579431815,0.07597449648491619,-0.0323666872856123,-0.06826172685185386,-0.07881810668114762,0.8548545987280763,0.16328357043359595,0.03604358331135715,-0.6953860121678748,0.0011353326557890153,0.01465663942385463,0.7354571806148826,-2.837323630103262,0.06317311802014074,-0.004823749625854158,0.03950813087806461,0.001235664178097157,0.07416460627113475,0.008875654574021029,-0.002683246200384227,-0.003619200780096728,-0.0008753361888471608,-1.8135370162315545,-0.0018915529220495581,0.012552877767964338,-0.14661950936709112,4.937950374102005,0.0012462237030416291,0.0012127313797092847,0.002254260155599587,0.0009137099388244935,-0.014839832796564534,0.0018139609581726197,-0.0013248087604564316,-0.0017917749762226334,0.0004374162919366905,0.008762218522399754,-0.0031657368469289156,-0.0006094082816380839,0.006854564715036291,0.0356288633588566,0.006555385713748766,0.28062434624350135,-5.7240903044009803e-05,0.28144773826233677,nan,nan,nan,nan,nan,nan
199,1.0000000000000007,Standing,0.4790814895583882,0.46593312913908774,1.5727438865539514,-2.025732023472223,0.0044473088139839675,-0.4107799327061639,-1.4238725893832218,1.261588045853602,0.02420911740786129,0.02593053026783502,0.017998091239348753,0.02786877816056017,-0.34552529042494395,0.012227754643261743,-0.022243262607242992,-0.39566371048233245,-0.024176259475469468,-1.078903971707314,-0.0033952776403032713,-0.42152388809549585,-2.114348794984995,-1.0671473882831803,-0.0006588199990143642,0.023002578575038225,-0.011447849322961029,0.023885511949938393,-0.40290080719264715,-0.0050307063855701386,-0.019033150136544833,-0.3928772200166299,0.023496879328355303,-0.024223176977668518,-0.05705366132059424,0.07597440981380736,-0.03232987100548521,-0.06809628106900803,-0.07878738290376,0.7994218880721395,0.2350469472948694,0.02298562551711379,-0.1684805833504236,-0.0006293994206469822,0.0028027785716392348,0.025132285472802773,-3.1588488928988623,0.04558644219304718,-0.004670911497454887,0.031692835726165075,0.0010611786669760164,0.014570158117277125,0.0018318361586939632,0.0008214118770292294,-0.0007564905812070082,-0.0001704569222277714,-1.712049669409113,-0.0005215157042995472,0.009269152773831214,-0.03567305037938677,4.83628315885531,0.006221989713807536,0.0014438563530340793,0.006490257448838003,0.0023487517261821826,-0.005306057256017209,0.0008256888530531181,0.0011083639181726028,0.00025534667618788394,-7.375987278558307e-05,0.005394331171542352,-0.003619105255217175,-1.7334221766274107e-05,0.007363256025417646,0.03308915656916733,0.006144755477524301,0.2843612119471769,-5.7402858608010906e-05,0.2822316911332179,nan,nan,nan,nan,nan,nan
200,1.0050000000000006,Standing,0.4828578526039032,0.4673693602457025,1.5727974990081663,-2.024512164830063,0.004437433382617777,-0.41082033791110123,-1.4268696152658369,1.244829079368655,0.024340327201423085,0.02590977382927655,0.01810646081023534,0.02787337986939212,-0.34572346705231055,0.012204829932401632,-0.022224423207599407,-0.39565445333278554,-0.0241739078253566,-1.0871483841092962,-0.0033902589669728912,-0.42149329585403916,-2.114016677139682,-1.0435531457356924,-0.000604311870222945,0.0230109329842981,-0.011399206708942169,0.023902345571883633,-0.402881663212136,-0.005031527432751719,-0.01902523484045721,-0.39287601337839767,0.023496309384845607,-0.024212699655110633,-0.0570643819288625,0.07597513092676192,-0.03229104186017361,-0.0679409946946873,-0.07875811435693204,0.7552726091029981,0.2872462213229543,0.010722490842986968,0.24397172843196224,-0.00197508627323815,-0.008081040987466717,-0.5994051765230008,-3.351793296989385,0.026241958712358966,-0.0041512877116931775,0.021673914177317045,0.0009203417663905505,-0.0396353254733242,-0.004584942172022343,0.003767879928716726,0.0018514299093830818,0.00047033002257341994,-1.648882480396432,0.0010037346660759932,0.006118448291331443,0.06642356906259139,4.718848509497613,0.010901625758283854,0.0016708818519749974,0.009728522803771945,0.0033667243890480696,0.003828796102232565,-0.00016420943631611454,0.0015830592175245571,0.00024132764644708456,-0.00011398870193897874,0.0020954645115770247,-0.002144121653652736,0.00014422259091263187,0.007765829062320637,0.031057274864145463,0.005853709365591781,0.2879508410501938,-5.762877050782464e-05,0.28333505257362246,nan,nan,nan,nan,nan,nan
201,1.0100000000000005,Standing,0.48646389089562747,0.4689844750693539,1.5727994483544407,-2.0218348094670544,0.0044223495587080355,-0.4109051083080059,-1.4323768769254597,1.227467207049403,0.02433936447184332,0.025897935160091094,0.018158203689835183,0.027877497249698163,-0.34614689281648964,0.012155187110636323,-0.02219427801187411,-0.39563434226041294,-0.024168894756863988,-1.0952014010409439,-0.003377886436070464,-0.42147602611261464,-2.113250077025441,-1.0205941576994972,-0.0005303498537535759,0.023020313799047135,-0.011338968150458989,0.023921825503066676,-0.4028228826326428,-0.005036927481905548,-0.019024907626108638,-0.3928847674933078,0.023498024443138196,-0.024216247023638053,-0.05706761549180596,0.07597619747239669,-0.03225083059899829,-0.06779365727415708,-0.07872985654630213,0.7212076583448622,0.3230229647302811,0.00038986925488286063,0.5354710726017573,-0.003016764781948334,-0.01695407938094261,-1.1014523319245662,-3.4723744638503886,-0.0001925459159530414,-0.0023677338370914286,0.01034857591996899,0.0008234760612084785,-0.08468515283581433,-0.009928564353062021,0.006029039145059012,0.004022214474518561,0.0010026136985222837,-1.6106033863295555,0.0024745061804854417,0.0034539482848996023,0.15332002284821428,4.591797607239024,0.014792403293873818,0.0018761629498070548,0.012047711696636036,0.003895986236608497,0.011756115898626846,-0.001080009830765772,6.544286971456293e-05,-0.0017508229820253733,0.000343011658517917,-0.0007094737054843345,-0.00064671258869254,0.00021330912695407465,0.008042252235065163,0.0294674841060425,0.005651562125982129,0.29141733267427644,-5.790177396735548e-05,0.2846745043780406,nan,nan,nan,nan,nan,nan
202,1.0150000000000003,Standing,0.4899406431849687,0.4707104443416067,1.5727607838972102,-2.0181907328522217,0.004402983182394833,-0.4110243842527105,-1.4398237920234458,1.2094769209057024,0.02419482873471354,0.025898096689293718,0.01815048642194909,0.02788118891056817,-0.34674948429183683,0.012084241316155112,-0.022155754856792328,-0.3956055897063018,-0.024161765680757938,-1.1031397285680875,-0.003358956863989886,-0.42146891871305997,-2.112137302178566,-0.9982719693707909,-0.00044188321987646384,0.023030542327788374,-0.011279662679371374,0.023940883375510487,-0.4027314789177489,-0.005046165276423468,-0.019019374802494753,-0.3928863800939802,0.023498177944314934,-0.024229627388597942,-0.05707171622245328,0.07597880438925038,-0.032209834660678144,-0.06765241266506698,-0.07870229674684524,0.6953504578682479,0.34519385445055123,-0.007732891446109983,0.728815322966554,-0.003873275262640606,-0.023855188940911327,-1.4893830195972093,-3.59805722874014,-0.02890714742595599,3.2305840525125896e-05,-0.0015434535772183393,0.0007383321740016074,-0.12051829506943756,-0.014189158896242157,0.007704631016356838,0.005750510822238446,0.001425815221209712,-1.58766550542871,0.0037859144161156745,0.001421479910934183,0.22255496937503172,4.464437665741282,0.017693326775422423,0.0020457057482481085,0.011861094217522843,0.003811574488762374,0.01828074297878693,-0.0018475589035840932,0.0011065647227771795,-0.0003225201344742761,3.070023534749387e-05,-0.0026760729919776236,-0.0008201461294645878,0.0005213833707383515,0.008199187664029196,0.02824892181802032,0.005511959891377175,0.29478079033621,-5.820808353483176e-05,0.28618128221135186,nan,nan,nan,nan,nan,nan
203,1.0200000000000002,Standing,0.4933238045686875,0.4724929775096637,1.5726924116465746,-2.0140005077412777,0.004380330949307456,-0.411164412844877,-1.4484919152182663,1.1908799062223383,0.023922281288787525,0.025910002746657078,0.018030586620493765,0.02789084001115111,-0.34747158980982984,0.011998359442355395,-0.022112421234977555,-0.3955710508029101,-0.024153225174419774,-1.1110179850256143,-0.0033345379847371094,-0.42146897158937235,-2.1107623823136814,-0.9765363193419645,-0.0003436534279445307,0.02304141257004772,-0.011228253146896374,0.02395722089143301,-0.40261508002199875,-0.005058447609080266,-0.01901491974319243,-0.3928890624341648,0.023498429943364464,-0.024249372571620968,-0.057079854191176796,0.07598318102519468,-0.032168534132940754,-0.06751567513483478,-0.07867520130227565,0.6766322767437566,0.3565066336113952,-0.013674450127101022,0.8380450221888269,-0.0045304466174753595,-0.028005718433302598,-1.733624638964087,-3.719402936672809,-0.05450948918520351,0.0023812114726717687,-0.02397996029106484,0.0019302201165879833,-0.14442110359860094,-0.0171763747599433,0.008666724362954459,0.006907780678331591,0.0017081012676330373,-1.5756512915053513,0.004883775850555307,-1.0575262472591485e-05,0.2749839729768921,4.347130005765284,0.019645958386386633,0.002174048451869704,0.010281906494999988,0.0032675031845044006,0.02327977915003447,-0.002456466531359576,0.0008910118604646592,-0.0005364680369308444,5.039980990621547e-05,-0.003949036604605208,-0.0016275937447034288,0.000875327188859649,0.008260105547478231,0.027347506046439776,0.005419088913918402,0.29805879154546916,-5.8535913138684595e-05,0.2877970534551762,nan,nan,nan,nan,nan,nan
204,1.0250000000000001,Standing,0.4966460251044909,0.4742901292130512,1.572604066618491,-2.009661629321562,0.004355935458410583,-0.4113066532407328,-1.457461688380944,1.171975608938604,0.023562182235670828,0.025930564881075542,0.017689401087980405,0.027918731235257413,-0.3482360881893159,0.011905280545122035,-0.02206880562174061,-0.39553440729824835,-0.02414418321590381,-1.1188814722319607,-0.0033058742255595466,-0.42147374328448334,-2.1092019250230662,-0.955287072916643,-0.00024049044487733023,0.023052690483444424,-0.011182282968210597,0.02396980295618181,-0.40248170923664206,-0.005073040192098867,-0.01901313642901163,-0.39289441623921095,0.023499694346676998,-0.0242731774764012,-0.05708785448497649,0.07598811472254467,-0.03212725223611894,-0.06738207938382017,-0.0786483838721303,0.6644441071606763,0.3594303406775066,-0.017669005616685468,0.8677756839431983,-0.004879098179374679,-0.028448079171159147,-1.7939546325355227,-3.780859456746869,-0.0720198106233396,0.00411242688369268,-0.06823710650267178,0.005578244821260476,-0.15289967589720765,-0.018615779446672184,0.008723122647388795,0.0073287009323494716,0.0018083917031930697,-1.5726974412692825,0.005732751835512583,-0.0009543390221939059,0.31209145812298905,4.249849285064282,0.020632596613440093,0.002255582679340174,0.009194035737155612,0.002516412949759867,0.026674157071341638,-0.002918516603720236,0.00035666283615971384,-0.0010707610092209091,0.0002528806625068728,-0.004760980956046097,-0.0016000587599394227,0.0009867394700004979,0.00825637936436358,0.02671915020292149,0.005363486029070791,0.3012668671760293,-5.88754236365931e-05,0.28947230383248324,nan,nan,nan,nan,nan,nan
205,1.03,Standing,0.4999277553383685,0.4760608818952706,1.5725019588202565,-2.0054854691629216,0.0043298081379644976,-0.4114495686755945,-1.4665734563149209,1.152377371897859,0.023158956955207505,0.025954559962844362,0.017180305273478944,0.02795744776306779,-0.3490233599954024,0.011807798383095947,-0.022025293470174914,-0.3954966268436067,-0.024134871562228388,-1.126745717545614,-0.0032744291073390245,-0.42148184574696335,-2.1075236831542905,-0.9344822721292021,-0.00013654992308373184,0.02306418901795005,-0.011131160781938184,0.02397889127978679,-0.40233915363021655,-0.005089345431844356,-0.019000977783770533,-0.39288022954608237,0.023494860447266126,-0.024298881388488916,-0.05709261352008252,0.07599263154271302,-0.03208615796908826,-0.06725066360594824,-0.07862175479216865,0.6563460467755136,0.3541505364438879,-0.020421559646932236,0.8352320317280889,-0.005225464089217134,-0.028583086972340934,-1.8223535867954044,-3.919647408148995,-0.08064505609266479,0.004799016353764035,-0.1018191629002918,0.0077433055620754485,-0.15745436121730028,-0.01949643240521748,0.008702430313139645,0.0075560909283281024,0.001862330735084323,-1.5728490627306364,0.006289023644104449,-0.0016204924960030848,0.33564837375513507,4.160960157488185,0.020788104358719677,0.002299706901124972,0.01022443725448247,0.0018176647209960125,0.028511121285097054,-0.0032610479490977487,0.002431729048219542,0.002837338625715101,-0.0009667798821742302,-0.005140782417543113,-0.000951807021206395,0.0009033640336702235,0.008218853406135528,0.026283155574385743,0.005325815992330663,0.3044180701636385,-5.9218475578155566e-05,0.29116602301663447,nan,nan,nan,nan,nan,nan
206,1.035,Standing,0.5031807741725314,0.4777656815883645,1.5723903875218885,-2.0014334023896585,0.004302057063882536,-0.4115963446492377,-1.4758330102819177,1.1320252738737797,0.022748361400884157,0.0259772832662926,0.016636133136695173,0.02799191944190266,-0.3498288278239561,0.01170779168464887,-0.021981457141484646,-0.39545796045318093,-0.024125345404669825,-1.1346188060930211,-0.0032410168066697278,-0.4214923526885572,-2.1057610860659777,-0.9141712091129274,-3.350004884736387e-05,0.023075855332379814,-0.011073074072764531,0.023984589164595102,-0.40219112960179365,-0.005106956961664066,-0.019085958220568962,-0.3929226150240423,0.023513625162362144,-0.02432519277116315,-0.05709961639691004,0.07599770023501248,-0.032045301249726925,-0.0671207234513363,-0.07859526157887962,0.6506037668325758,0.340959938618775,-0.022314259673588258,0.810413354652623,-0.005550214816392259,-0.029355194728641364,-1.8519107933993744,-4.070419604815863,-0.08211911086466955,0.004544660689647358,-0.10883442735675401,0.006894335766974217,-0.16109356571073694,-0.020001339689415542,0.008767265738053785,0.007733278085158352,0.0019052315117126376,-1.5746177094814524,0.006682460133859374,-0.002101388318781143,0.3525194176625798,4.062212603254936,0.020609974847273595,0.0023332628859526884,0.011617341834730528,0.0011395769616621661,0.029604805684577656,-0.0035223059639421374,-0.016996087359685566,-0.008477095591983973,0.003752943019203484,-0.005262276534846466,-0.0014005753655041424,0.0010137384598942957,0.008171343872266206,0.02598803092238758,0.0052986426578046746,0.3075194246595094,-5.955840525532675e-05,0.29284616521471746,nan,nan,nan,nan,nan,nan
207,1.0399999999999998,Standing,0.5064140625132464,0.479371922055055,1.5722737466063503,-1.9974801150458337,0.004272807069919355,-0.4117472995361248,-1.485195289711664,1.1111833891653717,0.02235109056175125,0.02599606258882124,0.016121823058247022,0.028015405465032027,-0.3506459113933484,0.011606657720874172,-0.021937297627438294,-0.3954187415945174,-0.02411568294525877,-1.1425063367005213,-0.0032068704989503074,-0.4215044863200374,-2.1039716760245284,-0.8943189533845206,6.733489293379435e-05,0.023087552912400437,-0.011009015805010059,0.02398700990268779,-0.4020427839578999,-0.005125244941207201,-0.019112133815503484,-0.39284286214749065,0.023494882458049086,-0.024351746945381295,-0.05710995177322077,0.07600348949317687,-0.03200465079706047,-0.06699176082226235,-0.07856886998163863,0.6466576681430073,0.32124809333810234,-0.02332818310765841,0.7906574687649464,-0.0058499987926362304,-0.03019097737742219,-1.872455885949278,-4.168376941681597,-0.07945416782658137,0.003755864505728048,-0.10286201568963027,0.004697204625873,-0.16341671387846438,-0.02022679275493939,0.00883190280927075,0.007843771732705297,0.0019324918822111823,-1.5775061215000168,0.006829261543884038,-0.0024267262960356046,0.35788200828986,3.9704511456813485,0.02016698835623164,0.002339516004124874,0.012811653550894326,0.0004841476185372353,0.029669128778750404,-0.0036575959086268908,-0.005235118986904463,0.015950575310326866,-0.0037485408626116426,-0.005310834843629308,-0.0020670752621464255,0.0011578516328769953,0.008130090533290689,0.025792525814787647,0.005278319448198935,0.31058444570722443,-5.988776471225606e-05,0.2944715504976869,nan,nan,nan,nan,nan,nan
208,1.0449999999999997,Standing,0.5096339025177806,0.48085759799375843,1.5721570073390345,-1.9936172327882091,0.004242185351307767,-0.4119010471965516,-1.4945749775493429,1.0901225298556556,0.021976380457692832,0.026009913957726973,0.01565976921587348,0.02802619925915833,-0.3514659482323681,0.011505634154455772,-0.021893118566547572,-0.39537939034653824,-0.024105986581165716,-1.1504127573608018,-0.0031726279317852543,-0.4215169948889857,-2.102188436839678,-0.8749035385686851,0.00016582755158360427,0.023099206692842128,-0.010941328624361714,0.023986440586140693,-0.4018969438519984,-0.0051437914703662165,-0.019112676312659827,-0.392789734577964,0.02348088818251019,-0.024378846570501482,-0.05712137225103844,0.07600956405041123,-0.031964109750174656,-0.06686343078841962,-0.07854255507518737,0.643968000906858,0.2971351877406863,-0.023347853463145975,0.7725764515248916,-0.006124343722317624,-0.030749532085355524,-1.8759375675357877,-4.212171861943238,-0.07494202081168358,0.002770273781146754,-0.09241076847470854,0.0021587588252601243,-0.16400736780393876,-0.020204713283680207,0.008835812178143995,0.00787024959582738,0.0019392728186111215,-1.581284132056118,0.006848513433010653,-0.0025017137896553403,0.3566478369700666,3.8830829631670984,0.019698531729961985,0.0023307560883384345,0.013537436129668939,-0.00011386330941947113,0.029168021180293612,-0.003709305831803117,-0.00010849943126870452,0.010625513905321913,-0.0027988551077796344,-0.005419925024037244,-0.002284095563533111,0.0012149114468722473,0.008108209377162027,0.025666006768546898,0.005262981290253164,0.31362373174750935,-6.0197992148603033e-05,0.2960083797809979,nan,nan,nan,nan,nan,nan
209,1.0499999999999996,Standing,0.5128436782657183,0.48220881945076005,1.5720446092317495,-1.989843386915866,0.004210295762059061,-0.4120558694957286,-1.5038870423832706,1.069030604871098,0.021626763107634065,0.02601882215545741,0.01525435747343066,0.028024752987134183,-0.35228081824459284,0.011405750740621364,-0.021849268505951903,-0.39534029874354626,-0.02409635219433483,-1.158330908566687,-0.0031388615847597937,-0.4215288801759207,-2.1004435231633294,-0.8559280548510947,0.000261568868557325,0.02311074143902609,-0.010872505021918633,0.023983297765913333,-0.4017561251974729,-0.005162200483469507,-0.019125021925556047,-0.3927885579603419,0.023481681179045782,-0.024406718052717557,-0.057132042650947054,0.07601557020821177,-0.031923569258044036,-0.06673561811996338,-0.07851632575656275,0.6419551495875371,0.2702442914003187,-0.022479621457001837,0.7547691744686253,-0.006377917849741112,-0.030964459835407132,-1.8624129667855478,-4.218384996911526,-0.06992347001175353,0.0017816395460879492,-0.08108234848856384,-0.00028925440482896773,-0.16297400244494425,-0.019976682766881446,0.008770012119133802,0.007818320598391404,0.00192687736617688,-1.5836302411770389,0.006753269405092122,-0.002377057387002624,0.3489827352697344,3.795096743518085,0.019148263394744156,0.0023069492367921596,0.0137647204886163,-0.0006285640454721689,0.028163730905110415,-0.003681802620658059,-0.002469122579243721,0.0002353235244192814,0.00015859930711864664,-0.005574296443214659,-0.0021340799817241023,0.0012012315601088145,0.008108098426124083,0.025562533691248404,0.005245863724921878,0.3166445334335188,-6.048550122520951e-05,0.2974329742002526,nan,nan,nan,nan,nan,nan
210,1.0549999999999995,Standing,0.5160447967011641,0.4834178299034409,1.5719399865824324,-1.9861617282321506,0.0041772667899442764,-0.41221009273265113,-1.5130552909768618,1.0480431332391047,0.021301181419506272,0.02602326874546165,0.014902502634479418,0.02801240960497741,-0.35308342410780325,0.011307864507366351,-0.021806078033692902,-0.3953018083130469,-0.024086863549967537,-1.1662445174638199,-0.0031061721873617597,-0.42153945070855836,-2.098768316979275,-0.8374007663611193,0.0003539880922823987,0.023122073904419584,-0.010804986045173931,0.02397804213533195,-0.4016226600392893,-0.005180085038897437,-0.019139537429006617,-0.3928126128764695,0.023489348926639904,-0.02443518431634188,-0.05714186425291578,0.0760214646237496,-0.03188292592946753,-0.0666083914692894,-0.07849021804858035,0.6402236870891637,0.24180209053617246,-0.020924529863430623,0.7363317367430753,-0.006605794422956895,-0.03084464738451264,-1.8336497187182146,-4.197494326398644,-0.06511633762555875,0.000889318000847971,-0.07037096779024854,-0.0024686764313545514,-0.1605211726420831,-0.019577246651002363,0.008638094451800485,0.007698086099874271,0.0018977288734590607,-1.5827217794265562,0.006537879479606761,-0.002114106527526081,0.33504123681090087,3.705457697995082,0.018483844745014733,0.0022664930786989415,0.013503795348940298,-0.001051126116277318,0.02669303163671429,-0.00357691108558615,-0.002903100690113607,-0.004810983225521939,0.0015335495188242181,-0.005693252724864148,-0.0019643203937453604,0.0011788831075677441,0.008128665715301625,0.0254453301347974,0.005221541596481159,0.3196512651663245,-6.074749888492298e-05,0.29873007959186665,nan,nan,nan,nan,nan,nan
211,1.0599999999999994,Standing,0.5192371904734892,0.48448149834212595,1.5718456332133675,-1.9825782542465635,0.004143264454099224,-0.41236225348162464,-1.522016095340375,1.02726408141327,0.020997087344094754,0.026023923978692305,0.014598522675951346,0.02799081010330884,-0.3538678933401782,0.011212668902586577,-0.021763830903638356,-0.39526420047956184,-0.024077589927643982,-1.1741296612637928,-0.003075054638302049,-0.421548330393694,-2.097186767948917,-0.8193640388934176,0.0004426040934984114,0.02313314290710381,-0.010740583606636694,0.023971197549701163,-0.40149824455017247,-0.00519713267669127,-0.01913840371013364,-0.3928287834030291,0.023493549174905332,-0.02446384855264013,-0.05715160431327094,0.07602735414939779,-0.03184209747106932,-0.06648197171670973,-0.07846429107693761,0.6384787544650093,0.21273368773701473,-0.0188706738130069,0.7166947971174045,-0.00680046716901042,-0.03043214979470463,-1.7921608727026328,-4.1558103651669445,-0.06081881508230404,0.00013104664613101588,-0.0607959917056143,-0.004319900333714566,-0.15689384647499383,-0.019039120955954957,0.008449426010909032,0.007521566697009301,0.001854724464710623,-1.5770287599946122,0.0062235098119420955,-0.0017759370271307655,0.31630980607158654,3.607345493540342,0.017723200243202546,0.0022138005368451444,0.012880487707447475,-0.0013689171261574752,0.02488309782336855,-0.003409527558766579,0.00022674377459486889,-0.0032341053119273096,0.0008400496530859627,-0.005732847259650331,-0.0019480120710314752,0.0011779051296374433,0.00816569167964179,0.025283950515932616,0.005185394328546899,0.32264639785104815,-6.0982014383620454e-05,0.29989097393322467,nan,nan,nan,nan,nan,nan
212,1.0649999999999993,Standing,0.5224199059113195,0.4854005248823564,1.5717637399119504,-1.9791058304598226,0.0041085353392590635,-0.4125109281422333,-1.53070923186141,1.0067889723629275,0.020709778805795012,0.026021735232345862,0.014336023528395064,0.027961645125232658,-0.3546288227180786,0.011120788505176886,-0.021722808488741002,-0.39522773263455674,-0.024068595064618264,-1.1819589965160644,-0.0030457970783771874,-0.4215552631425175,-2.0957134279040384,-0.801883322896176,0.0005271763633666662,0.023143905393739943,-0.01068269423890712,0.023963083748441073,-0.40138360395708594,-0.005213091806656779,-0.01912123292537426,-0.39282694695036574,0.023491559329368944,-0.024492351094846956,-0.057161672198262535,0.07603327406123775,-0.031801027996625486,-0.06635667245939911,-0.07843861558430136,0.6365430875660701,0.18380530804609305,-0.016378660283402794,0.6944847573482031,-0.006945822968032116,-0.029734932121729105,-1.7386273042069935,-4.095021810068526,-0.05746170765994865,-0.00043774926928871814,-0.052499829511256514,-0.005832995615236366,-0.15218587558008193,-0.01837607948193827,0.008204482979471154,0.007293569001025397,0.001798972605143862,-1.5658670504543288,0.005851511984972357,-0.001386549764699541,0.2946680089757334,3.4961431994483183,0.016914453973650954,0.0021524973272264818,0.011577873545915007,-0.001622760252018265,0.022928118617305576,-0.0031918259931018812,0.003434156951876745,0.00036729053267595384,-0.00039796910727770926,-0.005700508441364831,-0.002013576998318984,0.0011839823679910535,0.008213894888766778,0.025059851462123958,0.005135098527251253,0.32563099573098253,-6.118800567436432e-05,0.30091184876884247,nan,nan,nan,nan,nan,nan
213,1.0699999999999992,Standing,0.5255911161105762,0.4861790087785307,1.571696016967782,-1.975758167144555,0.0040733560253076034,-0.41265495563407867,-1.53908573418105,0.9867031726319353,0.02043596008722111,0.026017449772125025,0.014108676205429396,0.02792652952309234,-0.3553618212021976,0.011032715766322585,-0.021683241306776492,-0.3951926132691038,-0.024059930723051008,-1.189703424014182,-0.0030185898387600474,-0.4215601827299445,-2.09435601978997,-0.7850338978802561,0.0006076718483814408,0.023154325990335605,-0.01063050067033698,0.02395433481701205,-0.40127926148973075,-0.005227829027826411,-0.01910191976337913,-0.39282519584140346,0.02348938717959327,-0.024520466446816123,-0.05717194452650339,0.07603916723871218,-0.03175969338340023,-0.0662328663840475,-0.0784132689026596,0.6342420398513331,0.15569677923486283,-0.013544588833679365,0.6695326630535113,-0.007035862790292088,-0.028805498369075287,-1.675300463928026,-4.017159946198453,-0.05476374371478042,-0.0008570920441672628,-0.04546946459313338,-0.007023120428063534,-0.14659969682380308,-0.017614547770860144,0.007913436392902328,0.007023873090587611,0.0017328683134511453,-1.5488854996235277,0.005441447923427959,-0.0009839174853986691,0.271481622813684,3.3698850031839727,0.016099097002954938,0.0020841193191325352,0.010438713714027924,-0.0017497862858047832,0.020868493471037888,-0.002947444233926439,0.0038626323990256597,0.0003502217924540344,-0.00043442995513447245,-0.00562307039383358,-0.002054465648172022,0.001178635494885872,0.008266922645052405,0.02476121507032194,0.005069336328353402,0.32860505437353943,-6.136544963834333e-05,0.30179286262403665,nan,nan,nan,nan,nan,nan
214,1.074999999999999,Standing,0.5287482424669852,0.48682426534463624,1.571643683139388,-1.9725469780264402,0.004038007848621459,-0.412793470091868,-1.5471088515672597,0.9670823574525225,0.020174363392096835,0.026011534654365554,0.013910590571796338,0.027886938691535166,-0.3560635736823719,0.01094880480750785,-0.02164530212910062,-0.3951589997903981,-0.024051635944123722,-1.1973322502239265,-0.00299371407293073,-0.4215632547083394,-2.093121804478337,-0.7689948629832893,0.0006838660132429305,0.02316440922073312,-0.01058265107397263,0.023945579935976503,-0.4011856609041116,-0.005241248035727241,-0.019092422771551033,-0.39283781221792474,0.0234918814668581,-0.02454805020351194,-0.05718208839042561,0.07604494547100721,-0.031718106993512095,-0.06611097140786701,-0.078388334191882,0.6314252712817837,0.129051313221111,-0.010466765678781506,0.6422378236229505,-0.007069635337228776,-0.027702891557863932,-1.604623477241934,-3.9241630358825583,-0.05231933902485463,-0.0011830235518942374,-0.03961712672661175,-0.007918166311434594,-0.14035049603486144,-0.016782191762947034,0.007587835535173945,0.006722695741149951,0.001658955785457551,-1.5257652419489336,0.004975153165863459,-0.0006143956789802156,0.24684306232659511,3.207806979393365,0.015238832972297946,0.0020166460795027225,0.009569919272869784,-0.0017509762071093327,0.018720117123825587,-0.002683801580166053,0.0018993983656191028,-0.0025232753042606334,0.0004988574529654953,-0.005516751339162647,-0.0020287727844437646,0.0011556464590052064,0.008317277977626275,0.02437899523609915,0.004986942155517658,0.33156768323557967,-6.151527214435125e-05,0.30253766042576696,nan,nan,nan,nan,nan,nan
215,1.079999999999999,Standing,0.5318880204345019,0.4873468937899953,1.5716075328948544,-1.969479829067051,0.004002758687108939,-0.4129258856034568,-1.5547533256926662,0.9479915031307856,0.019925589902910424,0.026004200766236583,0.013736510743964463,0.0278441771796553,-0.35673178053705035,0.010869281087957018,-0.021609109119883077,-0.39512700139581697,-0.024043737767374562,-1.2048180156594517,-0.002971411337962275,-0.4215645962399664,-2.0920193475577693,-0.753947628101948,0.0007554797822508259,0.023174128838910953,-0.010538944970136823,0.023937201981222914,-0.40110328751496865,-0.005253241139212366,-0.019084243844381107,-0.39285134844645103,0.023494741452642607,-0.024574973270139598,-0.0571918938348236,0.07605054959831146,-0.03167631035041441,-0.06599138667123716,-0.07836388693324581,0.6279555935033391,0.10452568907180733,-0.007230048906740631,0.6134297918778472,-0.007049832302504091,-0.026483102317748794,-1.5288948250812908,-3.818170864347363,-0.049754697837282515,-0.0014667776257941364,-0.034815965566374875,-0.00855230237597375,-0.13364137093568576,-0.0159047439101665,0.007238601843508707,0.00639967891622951,0.001579635349831947,-1.4971530871050232,0.00446054699369098,-0.00026830632539947034,0.22049138411353697,3.00944697626826,0.014322753801579097,0.0019439236355664276,0.008741220767161552,-0.001675590950717484,0.01647467782859407,-0.0023986206970249527,0.0016357854339853104,-0.0027072457052620697,0.0005719971569012669,-0.0053846133255318045,-0.001961088879598728,0.0011208254608521826,0.008359328619536789,0.02391694732596993,0.004889451727238773,0.3345172850037826,-6.163906321028516e-05,0.3031533383608991,nan,nan,nan,nan,nan,nan
216,1.0849999999999989,Standing,0.5350065562185286,0.4877610476328945,1.5715879931615309,-1.966549260062568,0.003968107226401048,-0.41305109899226644,-1.561960133455222,0.9296013951219667,0.019691734896538658,0.025995539788806234,0.013582404207386994,0.027799352344759286,-0.3573616421044749,0.010794660581669458,-0.021574962930982843,-0.3950968454874834,-0.024036292840653586,-1.2121410119512517,-0.002951724426058111,-0.4215641431345986,-2.0910539018612213,-0.7399824617845517,0.0008224629511363647,0.02318340356066073,-0.010499247541810211,0.02392942102709474,-0.40103246291116496,-0.005263733405625345,-0.01906936280004402,-0.3928524919203081,0.023493722677108787,-0.024601149224347415,-0.05720154851109615,0.07605600973694542,-0.03163436228309627,-0.0658744317969873,-0.07833998141995636,0.6237071568053311,0.08283076857984137,-0.003907946664721865,0.5861138008966148,-0.006930292141578116,-0.025042677761933533,-1.4413615525111343,-3.6780216017637715,-0.0467710012743532,-0.0017321954860701407,-0.03082130731549399,-0.008964966979202163,-0.1259723134849133,-0.014924101257511983,0.006829237780047197,0.006031181666708314,0.0014889853441955095,-1.4645992583599814,0.00393738238083285,9.062107355334932e-05,0.19308913930957158,2.793033263479255,0.013396633777107753,0.0018549443499557123,0.007939485665322515,-0.0015561908256350168,0.014164920760741592,-0.002098453282595923,0.0029762088674172606,-0.00022869477141445986,-0.00020375510676392183,-0.005235190841563445,-0.0019309352545103294,0.0010920277267913955,0.008389613463629158,0.02339097484997139,0.004781102657889304,0.33745155834551827,-6.173883389858759e-05,0.3036503490612609,nan,nan,nan,nan,nan,nan
217,1.0899999999999987,Standing,0.5380994966962929,0.48808380640618787,1.5715848099487286,-1.9637560718704885,0.003934209722293913,-0.413169085706626,-1.56873072558821,0.9119175050956498,0.019474562947483873,0.025985610481866178,0.013444610296455274,0.027753462895572983,-0.35795297090654404,0.010724911621293621,-0.021542843535005476,-0.3950685403057282,-0.024029303212869422,-1.2192898783187507,-0.0029345724862352702,-0.4215617515424516,-2.0902258996564336,-0.7271395363851288,0.0008849243932072582,0.023192149961578454,-0.010463516995976172,0.023922363120623045,-0.4009731356333166,-0.005272703038452486,-0.019060567617045367,-0.3928604247807694,0.023495030589115822,-0.024626492232671722,-0.05721101369874532,0.07606130859427405,-0.03159232642890062,-0.0657603189916786,-0.07831664791843335,0.6185880955528723,0.06455175465867531,-0.0006366425604438504,0.5586376384159097,-0.0067795008214269715,-0.023597342871920654,-1.3541184265975965,-3.536778005263378,-0.04343438981095671,-0.001985861388011352,-0.027558782186343916,-0.009177889837260382,-0.11826576041382254,-0.01394979207516737,0.006423879195473443,0.0056610363510403135,0.001397925556832659,-1.4297732734997914,0.0034303879645681446,0.000478318429392894,0.16560044095752394,2.5685850798845884,0.012492288414178702,0.0017492801835445753,0.007146109166807919,-0.0014115812943387165,0.011865455569669094,-0.0017939265654281647,0.0017590365997309082,-0.0015865720922580233,0.00026158240140714836,-0.005068601664861516,-0.0018930375298327913,0.0010597714657283224,0.008407170839130148,0.022822561061741263,0.0046667003046034616,0.34036779605461187,-6.18170978425917e-05,0.3040415577998254,nan,nan,nan,nan,nan,nan
218,1.0949999999999986,Standing,0.5411623417552943,0.48833470212629865,1.5715969014629156,-1.9610984468272155,0.0039012664220373955,-0.4132797691921439,-1.5750638923122764,0.8949528986165929,0.019275206737307666,0.025974524065382868,0.013319704163375523,0.027707344533735648,-0.3585055711877892,0.010659997570731768,-0.02151275522796235,-0.39504209417845315,-0.02402277106890544,-1.226261369778765,-0.00291989468340355,-0.4215573493766067,-2.089535579243102,-0.7154184342428029,0.0009429457474079249,0.023200287514575244,-0.010431791935950596,0.023916083597784882,-0.4009252346231747,-0.005280140661415509,-0.019052785195801808,-0.39286763357421256,0.02349624754697222,-0.02465095178310626,-0.05722025113851042,0.0760664324149243,-0.031550270329979396,-0.06564915151089881,-0.07829389258665123,0.612569011800299,0.05017914402215297,0.00241830283739703,0.5315250086546002,-0.006588660051303496,-0.02213669710356842,-1.2666333448132998,-3.39292129581138,-0.0398712420352416,-0.002217283296662347,-0.024981226615950425,-0.009223672367467246,-0.11052005624903602,-0.01298281011237034,0.00601766140862551,0.005289225455008191,0.0013064287927964397,-1.394298292002869,0.0029355605663439997,0.0008804331689764174,0.13806408266628403,2.3442204284651895,0.011604270840133319,0.0016275105993577715,0.006345012005115308,-0.0012559045676327541,0.009580202028380363,-0.0014875245926046859,0.0015564842487114483,-0.0014417586886407623,0.00024339157127910388,-0.004891910086907822,-0.001847487953020471,0.0010247641300515848,0.008411219784244145,0.022233496155956108,0.004551066356421924,0.343262084072886,-6.187747298262625e-05,0.30434387097950355,nan,nan,nan,nan,nan,nan
219,1.0999999999999985,Standing,0.5441908347884145,0.48853463050705576,1.5716221611562677,-1.9585736699979277,0.003869514965422529,-0.4133829890938065,-1.580953561112397,0.8787212124348154,0.019094007316403223,0.025962479588228265,0.01320480867801514,0.02766168372742915,-0.3590189739975053,0.010599914115189997,-0.021484733668715433,-0.3950175279518651,-0.024016701854296767,-1.2330597090728437,-0.002907587681432052,-0.4215509529079886,-2.088979805285951,-0.704784082101782,0.0009966932446473621,0.0232077533175934,-0.010404048149375249,0.023910605658792657,-0.4008884252754371,-0.0052860746029836335,-0.019042194755264894,-0.3928683310507895,0.023495473777845437,-0.024674497139789406,-0.05722921976897575,0.07607136907261977,-0.03150825797015732,-0.06554092397199343,-0.07827169907630321,0.6056986066240202,0.039985676151425315,0.005051938670434066,0.5049553658575462,-0.006350291322973302,-0.02064398033251901,-1.1779337600241127,-3.2463372363555063,-0.03623988418088879,-0.002408895430920578,-0.02297909707207645,-0.00913216126129901,-0.1026805619432281,-0.012016691108354217,0.005604311849383061,0.004913245317600765,0.0012138429217343836,-1.3596678588157505,0.002461400394299584,0.001279293723626462,0.11115479143026363,2.1268704282041777,0.010749499447887462,0.0014931606036313954,0.0055487573150694875,-0.0010955877984450458,0.007361869547518612,-0.0011867883136248442,0.002118088107383006,-0.00013949531538757923,-0.00015475382535674656,-0.004709071336628664,-0.0017937260930662,0.0009873315390924195,0.008402471964415351,0.021645507781076906,0.004438702069602693,0.3461299755018313,-6.192382698643587e-05,0.3045766255989743,nan,nan,nan,nan,nan,nan
220,1.1049999999999984,Standing,0.547180918845205,0.4887040737225308,1.5716574084060906,-1.956180131706786,0.0038392271244660344,-0.413478560143927,-1.5863937647131927,0.8632886911789862,0.01893073770330857,0.02594970265902125,0.013098254515686057,0.027616993511291384,-0.3594927610938607,0.010544660095870247,-0.02145881586655944,-0.39499485982671634,-0.024011100446630965,-1.2396923340154855,-0.002898581959658028,-0.4215438201545201,-2.0885514960909863,-0.6960991582357129,0.0010451094356872068,0.02321498044398375,-0.010381447908091744,0.023906347978703724,-0.40086135322337896,-0.005290658925038525,-0.019043370313760546,-0.39288336276517555,0.023499568180950604,-0.024697101975626946,-0.057237857720113014,0.07607610298619473,-0.03146635125844254,-0.06543556847631911,-0.07825004086522422,0.5980168113581077,0.03388864309500163,0.0070494499645518275,0.47870765822833444,-0.006057568191298871,-0.01911421002409805,-1.088040720159152,-3.08650425116583,-0.03265392261893032,-0.002555385841403172,-0.021310832465816727,-0.008938043227553285,-0.09475741927107764,-0.011050803863949864,0.0051835604311979535,0.004533625029753522,0.0011202815331601713,-1.3265249885283554,0.0018011443548048432,0.001426550693706887,0.08566183899291621,1.7369847732138235,0.009683238207968927,0.0014454252780695814,0.004520048256700985,-0.0008515360177867471,0.0054144104116310805,-0.0009168644109783339,-0.00023511169913055996,-0.003006342877209108,0.0008188806210335684,-0.0045209671675078885,-0.0017275902274523456,0.0009467827149922245,0.008381342342955421,0.02107109913486461,0.004331642215799453,0.34896677461809056,-6.19603209009875e-05,0.3047605247084923,nan,nan,nan,nan,nan,nan
221,1.1099999999999983,Standing,0.5501299326146222,0.48886165164357515,1.5716987827707398,-1.9539232598621064,0.00381071246285995,-0.4135662966298955,-1.5913811682518957,0.8488489795343342,0.018784951089112493,0.025936374735342632,0.012999731143093746,0.02757360995428508,-0.3599267464549444,0.010494219456945758,-0.02143502651110573,-0.39497409764648433,-0.024005969023058397,-1.2461763236704828,-0.0028928889917343966,-0.4215362911922945,-2.0882481143824085,-0.6897645663463285,0.0010882380177858187,0.02322194835956627,-0.01036409983979636,0.02390327391717918,-0.4008436958175791,-0.0052939302601707015,-0.019017989633238447,-0.3928477172486665,0.02348781776816247,-0.02471871349543515,-0.05724599062850371,0.07608059136778722,-0.03142458771080475,-0.06533288081548227,-0.078228863568469,0.5898027538834362,0.031515584208868866,0.008274872929865278,0.45137436893591343,-0.005702932321216864,-0.017547297193707727,-0.9974807077406164,-2.8879423289303885,-0.029157322839215447,-0.0026655847357236508,-0.01970467451846213,-0.008676711401260933,-0.08679707221674193,-0.010088127784897618,0.004757871090741939,0.004152436046403215,0.0010262847145134496,-1.2967979309994728,0.0011385935847262351,0.0015057924451060945,0.060676341715553514,1.2669183778768691,0.00862571641972236,0.0013935831165036172,0.003469613659076665,-0.0006148123049091337,0.0035314811599732716,-0.0006542670264352152,0.005076136104419749,0.007129103301805422,-0.0023500825576273014,-0.004322303961640697,-0.0016265816781398331,0.000897676318498742,0.008352709527558297,0.020537532167365622,0.004235459351042419,0.35176707714835675,-6.199152262098828e-05,0.304917060598145,nan,nan,nan,nan,nan,nan
222,1.1149999999999982,Standing,0.5530368629830326,0.48902330273212324,1.5717424678426053,-1.9518110171686929,0.003784220509354079,-0.4136460550537211,-1.5959077959184127,0.8355341923372553,0.018656136450118942,0.025922743653173375,0.012909811829389556,0.027531854338874076,-0.36032038566667457,0.010448628515646942,-0.021413415796355483,-0.39495526377866197,-0.024001314008754108,-1.2525354919018947,-0.0028895529052699004,-0.421528197556061,-2.0880396854002314,-0.6859152654562185,0.0011275837166002634,0.023228553689838706,-0.01035060580535274,0.02390132837124603,-0.40083324612625065,-0.005296151847432319,-0.019127796580970764,-0.3929222335537886,0.023517583273898437,-0.024739246770444038,-0.05725347081190939,0.07608479338798048,-0.03138297669338227,-0.06523255239682137,-0.07820809252670013,0.5813860736820745,0.03233021770962163,0.00873701437307518,0.4224485386827128,-0.0052983907011742324,-0.015951684765118594,-0.9053255333033877,-2.662957439415789,-0.02576292779870976,-0.0027262164338516704,-0.017983862740838047,-0.008351123082200729,-0.07872784234604026,-0.009118188259763254,0.004322142950049171,0.003766773564468544,0.0009310028608582054,-1.271833646282392,0.0006672172928992731,0.001618727246701917,0.04168579643541355,0.7698601780220102,0.007869139762888942,0.0013210660544877549,0.0026988068887243166,-0.0003891091866294778,0.002089938265697185,-0.0004443174523233542,-0.021961389546463407,-0.014903261024409472,0.005953101147193548,-0.004106655001777291,-0.001496036681135164,0.0008404040386523259,0.008322203484496237,0.02006568373218107,0.004154208353773975,0.3545265383196061,-6.202086143839759e-05,0.3050659749553085,nan,nan,nan,nan,nan,nan
223,1.119999999999998,Standing,0.5559023096604487,0.48919942223505053,1.57178471496325,-1.9498570301035134,0.003759975059154233,-0.41371770398950425,-1.5999660043351653,0.8234534647478776,0.018543870456044238,0.025909050175189158,0.01282886623856505,0.027492013800310994,-0.36067314492262076,0.010407923266874721,-0.021394031866316658,-0.3949383855605419,-0.023997141775080506,-1.2587937257798842,-0.002888057118163749,-0.4215196023284273,-2.0879403660847617,-0.6840290999292558,0.0011638163013054663,0.0232343152211345,-0.010340389748685716,0.023899963573880537,-0.40083156383423324,-0.005297149793999187,-0.019147103682851423,-0.39278986912881253,0.023484370975118515,-0.024758575518654662,-0.057260124708438324,0.07608865710808996,-0.031341516761497656,-0.06513424977784685,-0.07818765252088525,0.5730893354832324,0.03522390058545471,0.00844942412893689,0.3907974130359057,-0.004849090039969125,-0.01432978715663319,-0.8116416833505221,-2.416145517875544,-0.022453198814941074,-0.0027386955968430847,-0.016189118164901303,-0.007968107712616763,-0.07055185118924208,-0.008141049754444109,0.0038767860077652786,0.0033756436240160084,0.0008344467347199561,-1.251646775597913,0.00029915742123025416,0.001719045526752489,0.019863863093947994,0.3772331053925488,0.007246516941040567,0.0011523062591588945,0.002043211333404733,-0.0002729594730984157,0.00033645840347865693,-0.00019958931337364525,-0.0038614203761320708,0.02647288499521541,-0.0066424597559842855,-0.0038657496421251793,-0.0013307793057870127,0.0007727440218954738,0.008291986376921861,0.01966052379490367,0.004088001162976926,0.3572420925097143,-6.205328328613824e-05,0.30522356197692324,nan,nan,nan,nan,nan,nan
224,1.124999999999998,Standing,0.55873379447904,0.4893984758542092,1.5718232022879,-1.948091239402739,0.0037383103650085567,-0.4137807419343345,-1.6035229789663956,0.8126869001196446,0.018448179945817374,0.025895563606689414,0.012757482967374886,0.027454371896196705,-0.3609825124790935,0.010372375765600671,-0.02137705660489647,-0.3949235780359083,-0.023993482046806104,-1.265030670643557,-0.0028836562499837855,-0.42150643414916494,-2.087949237605065,-0.6798979470553879,0.0012027579251800387,0.02323707068468398,-0.010328089906873908,0.023897186876542055,-0.4008415867574764,-0.005296580630737085,-0.01915775866393155,-0.39273466151643216,0.023470771942573635,-0.024776476291344343,-0.057265554755664846,0.07609207061139939,-0.03130003898334329,-0.06503695113315897,-0.07816730530010434,0.5662969637182523,0.03981072383173644,0.007697464930001868,0.353158140154888,-0.004332938829135328,-0.01260758896604856,-0.7113949262460741,-2.153312925646597,-0.01913810204537276,-0.002697313699948448,-0.014276654238032746,-0.007528380822857334,-0.06187351129455462,-0.007109500254810202,0.003395052284037128,0.0029615049267205044,0.0007319456548802025,-1.2473889727345446,0.0008801736359927356,0.0026336358524615593,-0.0017743040606731375,0.8262305747735765,0.007788324774914486,0.0005510927098961621,0.0024599683623615243,-0.0005553394676964456,-0.0020045846486248043,0.00011383265242027494,-0.0021309962160253717,0.011041522476072003,-0.002719806508975792,-0.003580154537935838,-0.001086009445304344,0.0006827006618864322,0.008295555630873348,0.019459728937575256,0.00406944415618188,0.35991255332660027,-6.208806071190403e-05,0.30540082877990526,nan,nan,nan,nan,nan,nan
225,1.129999999999998,Standing,0.5615370032962509,0.489622415296673,1.5718559198280158,-1.9465363983357153,0.003719470225712033,-0.4138348867445507,-1.6065626511140982,0.803283675068427,0.018369359423832138,0.025882475448318877,0.012696205664205054,0.02741917162432141,-0.36124716279302993,0.010342121702364555,-0.021362574189014074,-0.39491090376576904,-0.023990350546004447,-1.2712740028601521,-0.0028759278051950707,-0.42148993990347144,-2.0880447289717647,-0.6713501844216474,0.0012451650211490722,0.02323686093007879,-0.010313131565547452,0.023893038647102398,-0.4008615551391482,-0.005294659702633574,-0.019190338858622542,-0.39275436677615994,0.023479040157871795,-0.024792700588428307,-0.05726965374337208,0.07609498137564867,-0.03125846695651244,-0.06494020329259795,-0.07814695775079375,0.5606417634421819,0.044787888492759845,0.0065435080231546015,0.3109682134047076,-0.0037680278593046736,-0.010828962043243268,-0.607934429540532,-1.8806450102435275,-0.015764104397046966,-0.0026176316741072865,-0.012255460633966212,-0.007040054375059416,-0.05293006278728131,-0.006050812647223366,0.0028964831764796586,0.002534854027851258,0.0006263001603311333,-1.2486664433190093,0.0015456889577429886,0.0032988491386966804,-0.019098273339958532,1.709552526748092,0.008481419193806693,-4.1950921038596536e-05,0.002991668265290952,-0.0008296458879316031,-0.003993676334361028,0.0003841856207022362,-0.006516038938198882,-0.003941051945550743,0.0016536430596323154,-0.003244859416792442,-0.0008197975414477593,0.0005821528498572566,0.008314405366171137,0.019349568112202477,0.004069509862118062,0.3625428994121093,-6.212853579708461e-05,0.3056025385694353,nan,nan,nan,nan,nan,nan
226,1.1349999999999978,Standing,0.5643146897162673,0.48986814186806343,1.5718816234223632,-1.945196988013822,0.003704809782017791,-0.41387774028164714,-1.6089798496252872,0.7963417013190323,0.018309546488370052,0.02586954910928171,0.012647367180514358,0.027386163675600133,-0.3614589605691456,0.010318106515450102,-0.02135112949468453,-0.3949007490235358,-0.023987843619509633,-1.277512332524394,-0.0028671482172174198,-0.4214739725060669,-2.0881846627378,-0.65866084942691,0.0012887008798421094,0.023235178835972918,-0.010298343637531083,0.023888833214356028,-0.40088598415471666,-0.005292036463859401,-0.019208101085467527,-0.3927879403577494,0.023489661160007995,-0.024807054530639423,-0.0572727266897155,0.07609743093105963,-0.031216801880754024,-0.06484404301472836,-0.07812663761128719,0.5555372840032717,0.04914531427808199,0.005140718869484407,0.2678820643786769,-0.00293208873884839,-0.008570707419286873,-0.4834397022377974,-1.3883947498789522,-0.011962587092416824,-0.0025852678074331343,-0.009767696738139103,-0.00660158974425522,-0.04235955522314182,-0.004803037382890554,0.0022889388659088055,0.0020309484466529077,0.0005013852989631756,-1.2476659328483612,0.0017559175955301945,0.0031934794809143933,-0.0279867532069724,2.5378669989474902,0.008707171738607439,-0.00033641882117405985,0.00295758560327394,-0.0008410865492741453,-0.004885803113697833,0.0005246477548344984,-0.0035524453689969922,-0.006714716317892493,0.0021242004272397016,-0.002870788442223164,-0.0006145892686841331,0.000489911082191898,0.008333015151682603,0.019232055573917495,0.004064027901313601,0.3651375350673959,-6.21747136033495e-05,0.30582840869539774,nan,nan,nan,nan,nan,nan
227,1.1399999999999977,Standing,0.5670641266923178,0.49012833485275,1.571899717691811,-1.9440547729687696,0.003693454623798689,-0.4139111105773926,-1.6108546718269758,0.7914035250847857,0.018268035753721493,0.025857258776657115,0.012610316853104039,0.027355989785992553,-0.3616235688811315,0.010299645848375371,-0.0213422748866434,-0.3948928469191956,-0.02398589424323714,-1.2836894670051546,-0.0028618994295310065,-0.4214641884330179,-2.0883020805393953,-0.6456694212999466,0.0013285438238684456,0.0232349067352646,-0.01028879873428445,0.023887112032712512,-0.4009055836798412,-0.005289822416948839,-0.01919297812159388,-0.392791592955162,0.023489338189416408,-0.024819480850571982,-0.057275354913534526,0.0760995432502884,-0.03117514302921069,-0.06474908619344934,-0.07810651519642675,0.549887395210089,0.05203859693731172,0.003618853889568948,0.2284430090104961,-0.0022710316438204394,-0.006674059149089487,-0.37496444033773135,-0.9876352468493066,-0.008302146929711663,-0.0024580665249189634,-0.007410065482063821,-0.006034777921516218,-0.03292166239718341,-0.003692133414946112,0.0017709216082264063,0.0015804208680426138,0.0003898752544983433,-1.2354268961521035,0.0010497575372826304,0.0019568146097967854,-0.023483560319130986,2.5982856253926516,0.007968588805267272,-5.4420141663594766e-05,0.001908980649326923,-0.00034423632870334074,-0.003919905024906162,0.00044280938211251574,0.0030245927747293826,-0.0007305194825143494,-6.459411831712721e-05,-0.0024852639865120306,-0.000525644763805166,0.000422463845756831,0.008331770308666893,0.018991364255806196,0.004024482972088107,0.3676999792107039,-6.22250318166012e-05,0.3060734662584357,nan,nan,nan,nan,nan,nan
228,1.1449999999999976,Standing,0.5697844176630538,0.49039567879431384,1.5719106560877318,-1.943092736409754,0.0036848997188730017,-0.41393624466417456,-1.6122483859209382,0.788094049989401,0.01824341693951969,0.025845903814758348,0.012584478091813438,0.027328978982654274,-0.3617457766282027,0.0102861617952305,-0.021335690379362112,-0.39488697113219295,-0.023984445846290416,-1.2897885159935445,-0.002860602846624144,-0.421460989241091,-2.088366736275905,-0.6346341477720299,0.0013643689338744694,0.02323672515173736,-0.010284857592306526,0.023888288174310154,-0.40091692836638865,-0.005288459336589971,-0.019162670632002127,-0.39278213300693776,0.02348408252940384,-0.024830045174104122,-0.057277754822749896,0.07610137601881341,-0.031133512406304846,-0.06465554274768419,-0.07808665396278452,0.544058194147198,0.05346878831276982,0.002187679184183028,0.19240731180310408,-0.0017109809851374748,-0.00502681735639163,-0.27874281879247254,-0.6618950190769368,-0.004923762840360856,-0.002270992379753588,-0.005167752258120125,-0.005402160667655584,-0.024441549414229175,-0.0026968106289743552,0.0013169014562575583,0.0011751574005265056,0.00028967938934482937,-1.219809797677955,0.00025931658137250276,0.0006398383853800798,-0.012931147301933524,2.2070547055833476,0.007165022001204744,0.00036368329455187996,0.0007882283955845985,0.0002352283195282168,-0.002268937309487726,0.00027261607177350255,0.006061497918350646,0.001891989644841011,-0.0010511320025133497,-0.002112864706428179,-0.00047998184307370854,0.00036655370499958897,0.008326124581168472,0.018708689153030676,0.003972246728446449,0.37022773350801297,-6.227822315917373e-05,0.30633359578727704,nan,nan,nan,nan,nan,nan
229,1.1499999999999975,Standing,0.5724760367645615,0.4906634838057108,1.5719154407708391,-1.9422927132334709,0.003678775562564882,-0.4139541735014694,-1.613214019646614,0.7860408377828885,0.018234268550369793,0.025835644472085008,0.012569195628077573,0.027305280501394077,-0.36183000769734047,0.010277123331689248,-0.02133111281457582,-0.39488291232705486,-0.023983446226660016,-1.2958132640209583,-0.0028620501679521215,-0.4214626942888189,-2.0883724728771034,-0.626621172854548,0.0013976634247225214,0.02324024649023998,-0.010284759559256002,0.023891709061292305,-0.400920039083057,-0.005287998524705731,-0.0191443348728529,-0.3927938888195372,0.023485477270428618,-0.024838914254260325,-0.057279897603261805,0.0761029440826143,-0.031091895381800697,-0.06456338334139078,-0.07806705196230905,0.538323820301542,0.05356100227938876,0.0009569366214636959,0.16000463525666872,-0.0012248312616239456,-0.0035857674589721933,-0.1931267451351753,-0.4106424413025057,-0.0018296778299794177,-0.0020518685346677056,-0.0030564927471732634,-0.004739696252039318,-0.016846213827563072,-0.00180769270825031,0.0009155129572587979,0.0008117610276238687,0.0001999239260803116,-1.2049496054827589,-0.00028946426559551424,-0.0003410095455804944,-0.001147320239735055,1.6025949834963726,0.006658898169610416,0.0007042677005239303,1.9606610105079875e-05,0.0006841773964305752,-0.0006221433336713077,9.216237684811778e-05,0.003667151829845325,-0.0023511625198874707,0.0002789482049555161,-0.00177381603124068,-0.00042855610238126066,0.0003136127601772553,0.00832340490082971,0.01843188125868195,0.0039204000950960926,0.3727196846594298,-6.233337490680032e-05,0.30660361032124395,nan,nan,nan,nan,nan,nan
230,1.1549999999999974,Standing,0.5751404983574856,0.490925804601705,1.5719152435817487,-1.9416374395900313,0.0036747889984135034,-0.4139657826253574,-1.6138001316295465,0.7848940572139175,0.01823901421771662,0.025826550179267722,0.012563736295716173,0.027284900949692145,-0.36188047082069014,0.010272028355691243,-0.021328309116869896,-0.39488047132808407,-0.023982845749215484,-1.3017780370336487,-0.002864671306635478,-0.42146705651621613,-2.0883306402482624,-0.6217530205903846,0.001430249180087426,0.02324462608055123,-0.010287325262830268,0.023896161547167435,-0.4009169173831139,-0.005288230660191991,-0.019134829202910333,-0.3928182197850184,0.023491006734020055,-0.02484628975221435,-0.05728165098411666,0.07610424304213953,-0.03105025870424952,-0.06447243775742044,-0.0780476686929728,0.5328923185848282,0.05246415919883991,-3.9437818068302575e-05,0.13105472868792004,-0.0007973128302757239,-0.002321824777595389,-0.11722239658650191,-0.22935611379420237,0.0009491334693652381,-0.001818858563457032,-0.001091866472280089,-0.004075910340386266,-0.010092624669936049,-0.0010189951996009317,0.0005607395411850187,0.00048819979415811257,0.00012009548890667625,-1.1929546025380806,-0.0005242277366712528,-0.0008724454794492631,0.00836652576817687,0.9736304528326816,0.0065171510729809074,0.0008759180622499053,-0.0005131407148533661,0.0008904971750259743,0.000624339988620606,-4.642709725208519e-05,0.001901133988513582,-0.004866193096245037,0.001105892718287363,-0.0014750995908050803,-0.0003506761709712819,0.00025979190504703053,0.008327335510235298,0.018189116794068774,0.0038766538672478754,0.3751761196829387,-6.238967218667122e-05,0.306877960612921,nan,nan,nan,nan,nan,nan
231,1.1599999999999973,Standing,0.5777797449603052,0.4911774506647579,1.5719112288006258,-1.9411116780847062,0.0036726834281385415,-0.4139718786866587,-1.614053909394978,0.7843421350216181,0.01825597734520377,0.025818618019329966,0.012567283706071856,0.027267736688011482,-0.361901324101879,0.010270383549122882,-0.02132705622072511,-0.39487945075766373,-0.02398259537392152,-1.3076981075495526,-0.002867347804136464,-0.42147233658639516,-2.0882579263603898,-0.619724420367842,0.0014634197970007498,0.023249100557919237,-0.010290558862974275,0.02390066824628422,-0.4009100842739068,-0.005288904792161941,-0.019116092131728376,-0.39282712105255185,0.023491614906582012,-0.02485235450412974,-0.057282907593244795,0.07610527154362721,-0.031008566881071644,-0.0643825063717272,-0.07802845503917771,0.527849320563908,0.05032921261058306,-0.0008029562245987389,0.10515230106502689,-0.00042111405499241876,-0.001219212260257893,-0.050755553086286126,-0.11038443845986962,0.0033926254974303654,-0.0015864319875511677,0.0007094820711366768,-0.0034328523361330057,-0.004170656237769061,-0.00032896131367231383,0.00025057922895739115,0.0002041140840640523,5.007505879268467e-05,-1.1840141031807858,-0.0005352995001972233,-0.0010560140358095323,0.014542777574552062,0.40572004450851795,0.006634123382664728,0.0008948954736012015,-0.0006467200288013669,0.0009013398233566199,0.0013666218414214557,-0.00013482639398996495,0.0037474142363912426,-0.0017802535066843727,0.00012163451239112543,-0.0012129503830779678,-0.000251321825626441,0.0002057002975381588,0.008338364635575373,0.0179862771386478,0.0038427307590185446,0.3775985828914672,-6.244590781489983e-05,0.3071510995360184,nan,nan,nan,nan,nan,nan
232,1.1649999999999971,Standing,0.5803960673576699,0.49141416655485193,1.5719045026866156,-1.9407035108413353,0.0036722220223921595,-0.4139732122512427,-1.6140213198019386,0.7841214439490237,0.01828344347230767,0.025811792813409614,0.012578952002106656,0.02725360458378223,-0.36189665110929303,0.010271706470508566,-0.021327138653851427,-0.3948796557178705,-0.02398264692383648,-1.3135889719724674,-0.0028692656522547578,-0.4214772448043632,-2.0881680294763485,-0.6199352560038798,0.0014981123451828508,0.02325308029426087,-0.010292587767464442,0.02390453268194201,-0.4009016781685148,-0.005289807185509594,-0.019095818378886083,-0.3928309301068785,0.023490713155889617,-0.024857244973807608,-0.057283623032722025,0.07610603670463341,-0.030966778795529764,-0.06429337389257904,-0.07800935840420106,0.523264479472948,0.04734317801881252,-0.0013452228020409426,0.08163344867419532,-9.228114927640877e-05,-0.0002667129168016357,0.006517918607840796,-0.04413821451886825,0.005493225420779126,-0.0013650411840702003,0.002333659206959875,-0.002826420845850395,0.0009345985171862739,0.0002645842771370235,-1.6486625263584687e-05,-4.0992041354644755e-05,-1.0309982991318524e-05,-1.1781728845829618,-0.0003835696236587405,-0.000981643593615589,0.017979376808238398,-0.0421671272075404,0.006938509636420222,0.0007959472683268267,-0.00040578089803328083,0.0007728871315581276,0.0016812210783952249,-0.00018047866953072595,0.004054750568458818,-0.0007618108653239981,-0.00018035013847863353,-0.000978093935573075,-0.00014308789544588364,0.00015303220124024237,0.008357617108376266,0.01782649582963032,0.003819326995331266,0.3799892778900133,-6.25007716308994e-05,0.30741788021411665,nan,nan,nan,nan,nan,nan
233,1.169999999999997,Standing,0.5829922097019373,0.49163263852445627,1.5718960588944348,-1.9404052989639458,0.003673180695503127,-0.4139704860033763,-1.6137465319730637,0.7840201951699711,0.018319733650456558,0.0258059833895566,0.012597806430704734,0.02724226894601016,-0.3618703952027931,0.0102755327633537,-0.02132835059932517,-0.3948808975984541,-0.02398295386399815,-1.3194677684512317,-0.0028697124035122357,-0.42148075974449356,-2.0880741743986033,-0.6214189685047528,0.0015350763293842473,0.0232560634838068,-0.010292230368013957,0.02390719970504417,-0.4008936350994259,-0.005290725878449443,-0.019085860876138946,-0.3928460554631174,0.023493757820883334,-0.024861047385573008,-0.057283789804582055,0.07610654794243679,-0.03092484118643254,-0.06420479616388815,-0.07799032046250874,0.5192284688534937,0.043694393920869455,-0.0016887584361365087,0.05964237547792674,0.0001917346221935766,0.0005452495732646984,0.054957565774978484,-0.020249755810526796,0.0072580356297777555,-0.0011618847706025535,0.0037708857196154704,-0.002267127554414319,0.005251181299981022,0.000765258569026881,-0.00024238909474852456,-0.00024837611672298677,-6.138803233382566e-05,-1.1757592957528564,-8.935025149557239e-05,-0.0007029880260707291,0.018771015549045103,-0.2967425001746056,0.007392796840279275,0.0005966379091860678,7.147989009672533e-05,0.0005334046204321444,0.0016086138177825492,-0.00018373858796973287,0.00199150054942748,-0.0030250712477897074,0.0006089329987434921,-0.0007604823530803794,-3.335437200597093e-05,0.00010224756067618041,0.008387521819444722,0.017715545738177022,0.0038075883384644112,0.3823508529728903,-6.255343691193341e-05,0.3076737885419431,nan,nan,nan,nan,nan,nan
234,1.174999999999997,Standing,0.5855737762666312,0.49183098227689737,1.5718868024910992,-1.9402197755566013,0.003675401459671869,-0.4139642100394979,-1.6132612876247656,0.7838764147671876,0.018363383891569503,0.025801095867137497,0.012622999868876873,0.027233476633743973,-0.3618255189648854,0.010281515176154664,-0.021330552316612305,-0.39488303464762425,-0.023983481254922803,-1.3253783222577344,-0.0028663815420124877,-0.421480479025234,-2.0880080548656235,-0.6211661232534818,0.001576542649077758,0.023256653081746428,-0.010287213645365372,0.02390734902491849,-0.4008903848726786,-0.005291138803770617,-0.019072185157576797,-0.3928525307226059,0.023494218162481033,-0.024863781881077716,-0.0572832888463933,0.07610678256173115,-0.030882619294907515,-0.06411618535592573,-0.07797120120177058,0.5163133129387789,0.03966875048821618,-0.001851280667124766,0.03710468146890972,0.0004441528337483734,0.0012551927756822806,0.09704886965964281,-0.02875608055670233,0.008730048222589075,-0.0009775044838204149,0.005038687634427918,-0.0017584624532369056,0.008975247581540165,0.001196482560192607,-0.0004403434574275294,-0.00042740983403172206,-0.00010547818493082727,-1.1821107613005373,0.0006661722999496311,5.6143851915578806e-05,0.013223906595989215,0.050569050254203274,0.008293263938702106,0.00011791958792568488,0.0010033445297169283,2.9863974863851518e-05,0.0006500453494573537,-8.2585064234787e-05,0.0027351437124295093,-0.0012950518976981168,9.206831953977653e-05,-0.0005468991009417955,0.00010019163775103421,4.692385887128577e-05,0.00844437830500494,0.01772216159248405,0.0038238521476333187,0.38468643182027024,-6.260326715488815e-05,0.30791495536578095,nan,nan,nan,nan,nan,nan
235,1.1799999999999968,Standing,0.5881464051134166,0.49200783884044275,1.5718773992607893,-1.9401522241685885,0.003678723789878785,-0.4139548778325202,-1.6125974633433144,0.7835761357350518,0.018413152563575556,0.025797008608604698,0.012653689058576676,0.02722696071774734,-0.3617649268720248,0.010289313732569748,-0.021333599132546767,-0.3948859272650806,-0.02398419481094757,-1.331352980792192,-0.002858301769096146,-0.4214758305683527,-2.0879873202148582,-0.6163126449535307,0.0016232362645107047,0.02325428780523936,-0.01027703601254142,0.023904515492878062,-0.40089420493996364,-0.005290762801386168,-0.019059983873135202,-0.3928581760504215,0.023494579669087978,-0.0248654243040134,-0.057282046501636555,0.07610672224384668,-0.03083998286508796,-0.06402707488699715,-0.07795189313765864,0.514525769357092,0.03537131270907481,-0.001880646061999558,0.01351027760254652,0.0006644660413831503,0.001866441395535845,0.13276485629022883,-0.06005580642717136,0.009953734401210902,-0.0008174517065598517,0.0061378379399605835,-0.0013031831993266588,0.012118418572130585,0.0015597112830168707,-0.0006093631868924348,-0.00057852349126898,-0.0001427112049535722,-1.1949317068914918,0.0016159545832683808,0.0009296913762581679,0.004146930153033811,0.9706956599902266,0.009338723086589345,-0.00047305530141393505,0.002035526564790424,-0.0005667064080850235,-0.0007640134570093894,7.520047688963932e-05,0.002440256888318823,-0.0011290655631224211,7.23013213888908e-05,-0.0003284845871367702,0.0002484689513486268,-1.2063576893562566e-05,0.00852728596391047,0.017822093785716323,0.0038616128223855186,0.38700171687523954,-6.264924946898355e-05,0.30813727435597005,nan,nan,nan,nan,nan,nan
236,1.1849999999999967,Standing,0.5907101318596355,0.4921608470011022,1.5718681556796035,-1.940195891754677,0.0036828542321645365,-0.4139433148683952,-1.6118100231516697,0.7830535296511593,0.018467670419259834,0.025793542257830634,0.012688773442941228,0.02722242289153261,-0.36169326936176055,0.010298381852087977,-0.02133721883683137,-0.39488935265945324,-0.02398503955264492,-1.337357849959439,-0.002849107141727371,-0.421471033300652,-2.087984549898116,-0.6079590091752944,0.001671067640203202,0.02325108093293417,-0.010266099586895384,0.023900751126791624,-0.4009004057720445,-0.005290127145057137,-0.01905374488271327,-0.39286930353452504,0.023496944814760605,-0.024865970266516116,-0.057280290533646895,0.07610641625527574,-0.03079695633126285,-0.063937840847381,-0.07793249579957241,0.5127453492437704,0.030601632131891147,-0.001848716237159196,-0.008733517217717372,0.00082608845715034,0.002312592825003469,0.15748803832895786,-0.10452121677851195,0.0109035711368555,-0.0006932701548123364,0.007016876872910373,-0.0009075652429457617,0.014331502052847934,0.0018136239036459373,-0.0007239408569202704,-0.000685078874531648,-0.0001689483394700702,-1.2009738334493865,0.0018389254737549666,0.000959453540137828,0.0005540633484249816,1.6707271556472514,0.009566275138499426,-0.0006413744610380393,0.002187285129207493,-0.0007528732172879366,-0.0012401664161726922,0.00012713126580625762,0.0012477980843863823,-0.0022254968207025866,0.0004730291345253766,-0.00010919250054342564,0.00035119359793173036,-6.119771418716618e-05,0.008605306765022276,0.017846807923229215,0.0038794676172450174,0.3893026195951302,-6.269069499958871e-05,0.30833700606198194,nan,nan,nan,nan,nan,nan
237,1.1899999999999966,Standing,0.5932612358226848,0.4922875577636399,1.571859321384891,-1.9403364353872985,0.00368742646367323,-0.41393053354965753,-1.6109644561068948,0.7822863260503229,0.018525306029953184,0.02579051164482144,0.012726941225168277,0.027219549800438926,-0.3616160756237672,0.01030806898910208,-0.02134108577264431,-0.39489304670581726,-0.023985950099324912,-1.3433335141808327,-0.0028431131546495696,-0.4214703896144635,-2.0879621583590726,-0.5995430756327169,0.0017153566824844322,0.023249595197631437,-0.010259325084139197,0.02389849818703859,-0.4009028063053041,-0.0052899429272898375,-0.019036342745827235,-0.39286005564818083,0.023492879653493996,-0.024865464356778427,-0.057278341707874596,0.07610593975247994,-0.030753647096720585,-0.06384924152998349,-0.07791319927910638,0.5102207926098528,0.025342152507547153,-0.001766858942479852,-0.0281087265242984,0.000914446301738716,0.0025562637475273807,0.16911340895496674,-0.15344072016728466,0.011527122138670253,-0.0006061226018388176,0.007633556445409832,-0.0005746182187368134,0.015438747598676356,0.0019374274028205283,-0.0007733871625875115,-0.0007388092728030291,-0.00018210933599874604,-1.1951328442787492,0.0011987974155603389,0.0001287372377065866,0.004478307808668983,1.683186708515497,0.008857808456246044,-0.00029714706054717496,0.0013549005512372499,-0.0004505879506066871,-0.00048010665191867085,3.6843553459865285e-05,0.0034804273772071513,0.0018495772688448277,-0.0008130322533220454,0.00010118194753762591,0.00038976515445980815,-9.53005591597759e-05,0.00866184690845324,0.01771986347950182,0.003859304093205387,0.39159028428022363,-6.272732206418164e-05,0.3085126230843393,nan,nan,nan,nan,nan,nan
238,1.1949999999999965,Standing,0.5957981198513168,0.49238766509068593,1.5718514295912365,-1.9405656249006367,0.0036921664379609242,-0.4139173001761615,-1.610106921002595,0.7812864764303051,0.018584508676184983,0.02578778635310663,0.012766972988631,0.02721805028136067,-0.3615374482324766,0.010317893377144331,-0.021344982496499087,-0.39489681231038415,-0.02398687794877086,-1.3492646906349672,-0.0028404555477532854,-0.4214735372839332,-2.087905000175442,-0.5927835641064513,0.0017560492046534274,0.023250193085841402,-0.010256832820052499,0.023898131291879357,-0.40089969983440177,-0.005290409292982605,-0.019076844608092926,-0.392914890619347,0.023511147805427287,-0.024863978457795352,-0.05727625480555026,0.07610531325848004,-0.03071008219661173,-0.06376151961933248,-0.07789406260567919,0.5073768057264124,0.02002146540920704,-0.001578358730892404,-0.04583790266764122,0.0009479948575387852,0.0026466746991994647,0.1715070208599849,-0.19996992400355745,0.011840529246359952,-0.0005450583429619969,0.008006352692544572,-0.00029990381565071637,0.015725478258119218,0.0019648776084502818,-0.0007793447709558603,-0.0007531209133789627,-0.00018556988918967874,-1.1862352908269242,0.0005315213792568179,-0.000629533893949325,0.01143163672612665,1.3519023052531314,0.008138504433799055,0.00011957764199283481,0.0004984528173396736,-7.337903184675531e-05,0.0006212941804667543,-9.327313855345999e-05,-0.008100372453138101,-0.010966994233232509,0.00365363038665833,0.00029717979661455243,0.00041738046486835065,-0.000125298799980635,0.008712980021771153,0.0175443821302037,0.0038273346854389,0.39386218532927836,-6.275900560248301e-05,0.3086648879263505,nan,nan,nan,nan,nan,nan
239,1.1999999999999964,Standing,0.5983195211314659,0.4924613978677157,1.5718448153289053,-1.9408763330001462,0.003696862133441232,-0.4139042201833344,-1.6092726572256144,0.7800979739319307,0.018643965472655708,0.025785254341548283,0.01280774333972455,0.02721764949851428,-0.3614606079149863,0.010327477887898182,-0.02134874792085382,-0.39490049831723767,-0.02398778506383519,-1.3551450625766115,-0.0028410376290459584,-0.42147962501782815,-2.087840329223339,-0.588746319244135,0.0017930328507941217,0.02325252133963231,-0.010259261224289296,0.023899152608733383,-0.40089347917444157,-0.005291237074188007,-0.019050055151869003,-0.39270762829690403,0.023454006349971877,-0.024861613066969858,-0.057273967214446365,0.07610453486764564,-0.03066629435006728,-0.06367479343248277,-0.07787511061331925,0.5042802560298235,0.014746555405956352,-0.0013228524662320983,-0.06214161990190206,0.0009391390960615418,0.002615998565422517,0.16685275539610364,-0.23770049967487789,0.011891359294144995,-0.0005064023116696635,0.00815407021871029,-8.015656927887996e-05,0.015368063498055189,0.0019169021507701022,-0.0007530848709468567,-0.0007372013707079936,-0.0001814230128661638,-1.1760743883288594,-0.00011641625853461303,-0.0012175467789822803,0.012934190420531105,0.807448972463263,0.007396729228138873,0.00046565075818167593,-0.0004856808473595286,0.0002042633708054961,0.0012441319920372556,-0.00016555624108059475,0.005357891244784384,0.041452464488584674,-0.011428291091081658,0.00047307816509917623,0.00045751822077901147,-0.00015567816687933866,0.00875756930888977,0.017345237369941396,0.0037903984719864156,0.39611697382754957,-6.27868973046357e-05,0.308795527826994,nan,nan,nan,nan,nan,nan
240,1.2049999999999963,Standing,0.6008033574702372,0.49255150217357785,1.5718496120519116,-1.9411719414448632,0.0037011842834280646,-0.41389208018627294,-1.6085018478729423,0.7786800399686633,0.018702333304260084,0.02578285853099364,0.012848020703102002,0.02721813644566619,-0.36138906314279934,0.010336409632535693,-0.021352179355314832,-0.3949039280430189,-0.023988629847785433,-1.3608402694983153,-0.0028383944501554556,-0.42148081844326446,-2.0874683677143273,-0.588738017630678,0.0018381558866417205,0.02325719817307944,-0.010253927952137667,0.02390298519194691,-0.4008611422840345,-0.005295154394508376,-0.019221000758444233,-0.3927300621993787,0.023475822318773636,-0.02485881864370609,-0.0572730995093095,0.0761040071475944,-0.030622679759800476,-0.06359083956555843,-0.0778567642337065,0.49676726775424995,0.0180208611724242,0.0009593446012776366,-0.05912168894341329,0.0008644299973665324,0.0024279994122876503,0.15416187053444486,-0.28358679265348635,0.011673566320875477,-0.00047916211092835373,0.008055472675490248,9.738943038231727e-05,0.014308954437395917,0.0017863489275023632,-0.0006862868922021541,-0.0006859451562395006,-0.00016895679004815857,-1.1390413843407718,0.0005286357781005345,-0.00023868508726368,0.07439230180241037,0.0016603226913951552,0.009024607169519753,0.0009353666894260282,0.0010666544303256564,0.0007665166427054768,0.006467378081406306,-0.0007834640640737686,-0.03418912131504612,-0.004486780494935255,0.004363193760351823,0.0005588846527533405,0.00017354102737275628,-0.00010554401024932608,0.008722918053361044,0.016790773384866294,0.00366927592255103,0.3983537320051555,-6.280867397768567e-05,0.30890681256783964,nan,nan,nan,nan,nan,nan
241,1.2099999999999962,Standing,0.6032511873950047,0.49266036196898294,1.5718605507430032,-1.9414503350141066,0.0037051943425814573,-0.41388087419720043,-1.6077932407231188,0.7771361888792832,0.01875824022780573,0.025780608966779667,0.0128871600787542,0.027219265268358946,-0.3613231203461951,0.010344656572710855,-0.021355303577421415,-0.3949070997718838,-0.023989408816974984,-1.3664141518845796,-0.0028336592772713496,-0.4214766950739972,-2.087082324926982,-0.5895784780141969,0.001887892394504947,0.023260974502898945,-0.010240966332204768,0.02390604186724097,-0.400828220784609,-0.00529924328576655,-0.019316333284177877,-0.3927694407438191,0.02349510115964415,-0.02485588553545203,-0.057272934817678915,0.07610361511173618,-0.03057918623716496,-0.06350891505112476,-0.0778388350501595,0.4895659849535145,0.021771959081021624,0.0021877382183022667,-0.05567871384866711,0.0008020118306785815,0.002241197814497407,0.14172142996469686,-0.30877021787604186,0.011181384709129768,-0.000449912842794634,0.007827875130439563,0.00022576453855130716,0.013188559320840659,0.0016493880350323968,-0.0006248444213164999,-0.0006343457729823475,-0.00015579383791020456,-1.1147764772528619,0.0009470345768212217,0.0008246738534526546,0.07720855746908266,-0.1680920767037756,0.009947301572645263,0.000755265963900869,0.0025923239865796735,0.0006113350588116415,0.0065842998851014965,-0.0008177782516346366,-0.01906650514672859,-0.00787570888807716,0.003855768174102582,0.0005866216508117452,3.29383261161394e-05,-7.840717164556477e-05,0.008698704527103562,0.016384902886735855,0.0035858367093996864,0.4005604655673372,-6.283546501535037e-05,0.3090322440423213,nan,nan,nan,nan,nan,nan
242,1.214999999999996,Standing,0.6056645117199779,0.49278890755915217,1.571873939619147,-1.9417111769575977,0.0037089574357021546,-0.41387047544034633,-1.6071388794153187,0.7755755969761422,0.01881115902908193,0.02577848865339656,0.01292473767223543,0.02722084290069627,-0.3612623535266671,0.010352271222614323,-0.02135818116195276,-0.3949100298106122,-0.023990126975981498,-1.371892360847918,-0.002828182275572011,-0.4214699363366104,-2.086713971201811,-0.5911968420114486,0.0019398032210046412,0.02326421525152553,-0.01022457986914549,0.023908250532276118,-0.4007971580581821,-0.005303168467673462,-0.019325184369593667,-0.39274991932673814,0.023490774784072712,-0.024853071988687456,-0.057272739802819536,0.0761032302140637,-0.030535844898387753,-0.0634286798391678,-0.07782122812976576,0.4826648649946498,0.02570911803384475,0.0026777752287421856,-0.05216838869820484,0.0007526186241394526,0.0020797513708240727,0.13087226155999906,-0.31211838062819824,0.010583760255239555,-0.0004240626766209764,0.007515518696246113,0.00031552646746491584,0.012153363905612507,0.0015229299806934118,-0.0005755169062690651,-0.0005860077456700291,-0.00014363180130294343,-1.095641792667708,0.001095400339867751,0.001351747477359863,0.07367074503412752,-0.32367279945033617,0.010382165299938835,0.0006481497253171082,0.0032772926118557547,0.00044173300703000064,0.006212545285375564,-0.0007850363813825448,-0.0017702170831578184,0.0039042834161889754,-0.0008652751142876353,0.0005627093529149753,3.900297187641028e-05,-7.697953449437534e-05,0.008668267755441193,0.016047042391390366,0.0035213840787461956,0.4027383406757038,-6.286612018820871e-05,0.30917715487966696,nan,nan,nan,nan,nan,nan
243,1.219999999999996,Standing,0.608048934710398,0.49293634995856067,1.5718871409075845,-1.9419675239893912,0.0037126530243503063,-0.4138604161886233,-1.6065088750737238,0.7741098146113444,0.01886104119212389,0.02577653520317135,0.012960743934629078,0.027222743843422763,-0.36120448744162065,0.010359524213116825,-0.021360980802519358,-0.3949128223180769,-0.02399081119054428,-1.3773287628057567,-0.002820301967419274,-0.4214599092031795,-2.0863961487124,-0.5911854522112117,0.0019949265196419594,0.02326579367783899,-0.01020374637694699,0.023908545679609074,-0.4007723054018809,-0.005306413288320489,-0.019291004020418022,-0.3927106887051393,0.023477207930819727,-0.024850458562137603,-0.057271911733486114,0.07610273071920685,-0.030492586881461614,-0.06334939172618742,-0.0778037557972706,0.4768845980840232,0.029488479881704197,0.002640257687511867,-0.05126940635872576,0.0007391177296302952,0.002011850344604314,0.12600086831901983,-0.2931564729595476,0.009976432608392724,-0.0003906900450417359,0.007201252478729765,0.0003801885452985751,0.011573217009285385,0.0014505981005005124,-0.0005599281133194982,-0.000558501492946496,-0.0001368429125561467,-1.0872803915677098,0.0015760616305473887,0.002005426686181288,0.06356449788219208,0.002277960047400829,0.01102465972746364,0.0003156852626916663,0.004166698439699741,5.9029466591462455e-05,0.004970531260245193,-0.0006489641294054314,0.0068360698351292125,0.007846124319769186,-0.002713370650596907,0.0005226853099706932,0.00016561386668483574,-9.989897137087969e-05,0.008651603385227904,0.01585762259607732,0.003494466499031783,0.404887316346576,-6.290045343280522e-05,0.30934352846772306,nan,nan,nan,nan,nan,nan
244,1.2249999999999959,Standing,0.6104081308857976,0.49309856865901336,1.5718981347187584,-1.942228707959097,0.0037164069693415465,-0.4138503415502472,-1.6058826380611992,0.772841317510624,0.018908201660943487,0.025774756091330737,0.01299529291048244,0.027224879943264023,-0.3611477921474364,0.01036662090576961,-0.021363809231527704,-0.39491555674709217,-0.023991481852694174,-1.3827377220937886,-0.002810936580561955,-0.4214487499701568,-2.0861269106694853,-0.5889413633906067,0.00205173493851773,0.023266232349333806,-0.010180793808488547,0.02390743544165225,-0.40075311837459454,-0.00530901665632946,-0.01925538827581627,-0.3926986382976572,0.023470679634217367,-0.024847982563477058,-0.05727040528081288,0.07610209909749341,-0.030449405290618604,-0.0632707985058074,-0.07778635631397242,0.4718392350799257,0.032443740090532504,0.0021987622347677963,-0.052236793941139746,0.000750788998248064,0.002014927675214775,0.1252474025048934,-0.2536994201440917,0.009432093763919128,-0.0003558223681224946,0.006909795170672272,0.00042721996825222905,0.01133905883684299,0.0014193385305571917,-0.0005656858016693116,-0.0005468858030514159,-0.00013413242997909453,-1.0817918576064076,0.0018730773714638398,0.0022318466045399823,0.05384760858287125,0.44881776412099894,0.011361683775154157,8.773429896331351e-05,0.004590513691688753,-0.00022204759136458096,0.003837405457275708,-0.0005206736017942042,0.0071231489203503065,0.002410081496418524,-0.0013056593204720764,0.0004951997321086462,0.0003012905346456414,-0.00012632434268930126,0.008636318168602065,0.015718644076004436,0.0034798966596363053,0.4070112299563097,-6.293845932869989e-05,0.30952921407616896,nan,nan,nan,nan,nan,nan
245,1.2299999999999958,Standing,0.6127445896400212,0.49326955509294773,1.57190570108572,-1.942501024930208,0.0037202980476200792,-0.4138400008156935,-1.6052459280881537,0.7718521266354178,0.01895305352974362,0.02577315821600252,0.013028583545158434,0.027227200690520183,-0.36109096460007206,0.010373715676378304,-0.021366733738001444,-0.39491829382753146,-0.023992154308531004,-1.3881193167050898,-0.0028014165262121235,-0.42143863246137353,-2.085893884610403,-0.5847145329395042,0.002108364512703231,0.023266359829146283,-0.010158277200177195,0.023905765387551424,-0.4007376531111091,-0.005311185583205666,-0.019237466802999946,-0.3927242336783089,0.023475771059710004,-0.024845504093426247,-0.05726850948356274,0.07610138166615087,-0.030406301113474754,-0.06319285718187284,-0.0777690237172828,0.46729175084471813,0.03419728678687727,0.0015132733923465926,-0.05446339422219767,0.0007782156557065821,0.002068146910735249,0.12734199460909926,-0.19783817504123874,0.008970373760026731,-0.00031957506564407194,0.00665812693519891,0.0004641494512317421,0.01136550947287195,0.00141895412173886,-0.0005849012947476,-0.0005474160878550191,-0.00013449116736613873,-1.0763189222602434,0.0019040108699662425,0.002023501756652568,0.04660521181643841,0.8453660902204934,0.011325914837100262,2.5495962495732474e-05,0.004503321662270509,-0.00033401082016508996,0.003093052697092183,-0.0004337853752411433,0.0035842945632647873,-0.005119076130332951,0.0010182850985271648,0.0004956940101622877,0.000379159450028206,-0.00014348626850805763,0.008620835428769803,0.015588264786912122,0.003466519337925386,0.40911267722789096,-6.29796799458079e-05,0.30972966021520243,nan,nan,nan,nan,nan,nan
246,1.2349999999999957,Standing,0.6150579100243325,0.49344190671345656,1.5719092781714337,-1.9427825000199053,0.003724312469422956,-0.4138293817743379,-1.6045991667717117,0.7711981595179742,0.018995937837634456,0.02577172947620442,0.013060747684784171,0.027229674220229226,-0.3610338311875505,0.010380828961138056,-0.021369741070092377,-0.3949210417231096,-0.023992830548148065,-1.393448260180052,-0.0027943211079104312,-0.4214324269094025,-2.085671132784293,-0.5805896783253944,0.002161885376101637,0.02326770827253527,-0.010139627590980017,0.02390502182872092,-0.4007219376406408,-0.005313374130471133,-0.019225035431640145,-0.3927625123157293,0.023484740445120993,-0.02484291417058376,-0.05726666018548924,0.07610066055776656,-0.030363329820049294,-0.06311588858356819,-0.07775184253303147,0.4626640768622602,0.034470324101761776,0.0007154171427166191,-0.0562950179394479,0.0008028843605752832,0.0021238082711141234,0.12935226328840002,-0.1307934234887109,0.008576861578167136,-0.00028574795961975024,0.00643282792514761,0.0004947059418089131,0.01142668250431485,0.0014226569519503103,-0.0006014664181868861,-0.0005495791156243515,-0.00013524792341217782,-1.0657886949924185,0.0014190836603384378,0.0012411103941963844,0.04455036522207034,0.8249709228219342,0.010704172679681115,0.00026968867779734426,0.0037299218394355287,-0.0001487117661006752,0.0031430940936602596,-0.00043770945309344524,0.00248627427195994,-0.007655727484081663,0.0017938770821977288,0.0005179845684977305,0.0003698596147002344,-0.00014422167686207327,0.008594258685091758,0.015393719660929627,0.0034362368502648443,0.4111934218894096,-6.302305139527415e-05,0.3099390043247636,nan,nan,nan,nan,nan,nan
247,1.2399999999999956,Standing,0.6173400332239554,0.493644203390032,1.571916909259943,-1.943021044948727,0.0037284693285721147,-0.4138182663845775,-1.6039190527182652,0.7708103644339661,0.01903731562032506,0.025770573667115798,0.013092131499600012,0.02723237073790576,-0.36097442006893027,0.01038819372879538,-0.021372942607989318,-0.39492389039290104,-0.023993533833970872,-1.3987229060625905,-0.0027855651368161134,-0.42142871827107736,-2.0852383086240214,-0.5778939974274718,0.002219741316384417,0.02327110972368591,-0.010117315799731586,0.02390663072273986,-0.4006882869683931,-0.005317670577474669,-0.01920153295383408,-0.39278365313804176,0.023488012437831576,-0.024840370487450743,-0.057266020155820704,0.07610020403927671,-0.03032048955683095,-0.06303993710598181,-0.07773482574183907,0.4564246399245685,0.040459335315087955,0.001526217701879369,-0.04770898576437256,0.0008313718298318122,0.0022230779520827993,0.13602281068931255,-0.07755901680160956,0.008275556538121159,-0.00023116181772412907,0.0062767629631680635,0.0005393035353066425,0.011882223724048326,0.0014729535314647033,-0.0006403075793880519,-0.000569733958290465,-0.0001406571645615877,-1.0549291765077062,0.0017511942188635982,0.0007417276650287088,0.08656483205431739,0.5391361795845258,0.011571188056555957,0.0006802902301285422,0.004462358249686065,0.0003217788037877214,0.00673013444954514,-0.0008592894007071587,0.004700495561212735,-0.004228164462496251,0.0006543985421169339,0.0005087366266030738,0.0001280059337066188,-9.130369796878192e-05,0.008568052643669397,0.015190295517275278,0.0034033582384801965,0.41325279166868595,-6.30671760913149e-05,0.3101515273546287,nan,nan,nan,nan,nan,nan
248,1.2449999999999954,Standing,0.6195955149395966,0.493863429145978,1.5719231893560508,-1.9432293433529855,0.003732826632581124,-0.41380653095536823,-1.6032026512481619,0.7707156046970363,0.019077295585688745,0.025769698795684214,0.013123048098387612,0.027235264303461553,-0.3609123089028218,0.010395859807830206,-0.021376349207708596,-0.3949268601775234,-0.023994269116764836,-1.4039544852756558,-0.002772798987142461,-0.42142489109346565,-2.084543331270201,-0.5769108144135535,0.0022857133316783232,0.02327622704847103,-0.01008783599668463,0.023910269163316192,-0.400632408550572,-0.005324597302420451,-0.019170156245486705,-0.3927883921204706,0.023486179377742195,-0.024837961927233667,-0.0572659576632274,0.07609988882932901,-0.030277744176850856,-0.0629648611921994,-0.07771794497592877,0.45109634312826447,0.04384515118919618,0.0012560192215678191,-0.041659680851696496,0.0008714608018018864,0.002347085841858058,0.14328029402065526,-0.01895194738597572,0.007995993072737025,-0.00017497428631724804,0.006183319757520028,0.0005787131111584712,0.012422233221697117,0.0015332158069650314,-0.0006813199438555999,-0.0005939569244664977,-0.0001470565587923938,-1.0463158426130335,0.002553229934730454,0.000765435522347033,0.13899547076408797,0.1966366027836544,0.01319440305878132,0.00102346495702384,0.005895960609391173,0.0007276881152666489,0.011175683564221361,-0.0013853449891565025,0.006275341669475155,-0.0009477964857768448,-0.0003666120178761839,0.0004817120434149793,1.2498518660114153e-05,-6.304198954105859e-05,0.008549075996018554,0.015015182756480047,0.0033761531820609265,0.4152845071369665,-6.31163056724865e-05,0.3103896726905109,nan,nan,nan,nan,nan,nan
249,1.2499999999999953,Standing,0.6218279813995066,0.4940893904196684,1.5719260173771168,-1.9434169338982015,0.0037373782516272876,-0.41379417753952946,-1.602450556074197,0.7708990287790036,0.0191161276388614,0.02576910580042738,0.013153731702065326,0.02723836027453178,-0.36084739950437383,0.010403838953315002,-0.021379951560869304,-0.394929957785892,-0.023995037537514096,-1.4091528840314582,-0.0027543435899131836,-0.42141885040804583,-2.0835657789152293,-0.5774539060108631,0.0023625553516406646,0.023282598503861593,-0.01004809761228903,0.023915304539533777,-0.4005529291641016,-0.005334357545187741,-0.019146843151111283,-0.3927998023478041,0.023486935406003627,-0.024835794347063293,-0.057265827466487014,0.0760995900968763,-0.030235060093523645,-0.06289052421621255,-0.07770117262327308,0.44649329198197796,0.045192254738084664,0.0005656042131840124,-0.037518109043189245,0.0009103238092326686,0.0024706831677562408,0.15041903479297522,0.03668481639347745,0.007766410634531554,-0.0001185990513664446,0.006136720735542908,0.0006191942140448629,0.01298187968959336,0.001595829096959288,-0.0007204706321413277,-0.0006195216737277877,-0.0001536841498517232,-1.0396797511604692,0.0036910794458554818,0.0012081370839639035,0.19551047099432695,-0.10861831946191275,0.015368403992468254,0.0012742910781125293,0.007947676879120041,0.0010070752435168964,0.015895877294068387,-0.0019520485534579779,0.0046626188750840125,-0.002282045466691216,0.00015120565228632127,0.00043351603407517324,2.6039348077853307e-05,-5.974649054270982e-05,0.00853681666544239,0.014867395197370077,0.0033544705311353736,0.4172907745613536,-6.316803558699986e-05,0.31064163007893036,nan,nan,nan,nan,nan,nan
250,1.2549999999999952,Standing,0.624040199297328,0.4943141182268515,1.5719250611602982,-1.9435905111225185,0.0037420863027645807,-0.4137812858146856,-1.601666909089307,0.7713216016556144,0.019153958218305258,0.025768795692533198,0.013184336486499693,0.027241669263074513,-0.36077992057224223,0.010412104562908713,-0.021383721604425688,-0.39493317559591556,-0.023995836390082077,-1.4143251826127674,-0.0027295431300488854,-0.42140935954064984,-2.08232348893959,-0.5789680563238168,0.002451327473949581,0.02328973899632289,-0.009994966420476255,0.023921071927768874,-0.40045185073927114,-0.005346802888003506,-0.01913342020852942,-0.39281973753794114,0.023490909390523056,-0.024833895641413792,-0.05726532039817829,0.07609924501531791,-0.030192407940176615,-0.06281682144765151,-0.07768448841957303,0.4424435795642814,0.04494556143662244,-0.00019124336374057684,-0.03471544486339703,0.0009416102274586367,0.00257834496877231,0.15672939697803126,0.08451457532214347,0.007566115888771471,-6.202157883627194e-05,0.006120956886873172,0.0006617977085470692,0.01349578642632517,0.001653121918742089,-0.0007540087112765918,-0.0006435620047090505,-0.00015977051359592027,-1.034459716261816,0.004960091972859628,0.0018981734791932606,0.24845799512785408,-0.3028300625907242,0.017754424461783255,0.001428098492259304,0.010626238362555216,0.0011534776470191,0.020215684966097696,-0.0024890685631529584,0.0026845885163725,-0.003987038027404602,0.0007947969038854143,0.0003797411299002104,0.00010141366174475993,-6.901631167750523e-05,0.008530430669405856,0.014740553712209194,0.0033368407400123264,0.41927402433659655,-6.322058863737344e-05,0.31089763733878534,nan,nan,nan,nan,nan,nan
251,1.2599999999999951,Standing,0.6262342046454326,0.49453163088219576,1.5719208786351062,-1.94375380341869,0.003746889377187788,-0.4137679998412512,-1.600859473652532,0.7719277273657505,0.019190851289240498,0.02576875978617439,0.013214925344999396,0.027245196559259027,-0.3607104302052325,0.01042059127398763,-0.021387613914571377,-0.3949364898402386,-0.02399665907620014,-1.4194753060461385,-0.0026985219486971982,-0.4213959643453263,-2.080848052321198,-0.5808516536943987,0.0025517728458412997,0.02329737400507429,-0.009928265478556693,0.02392691362955336,-0.40033210619103465,-0.005361636491225954,-0.01911773057469958,-0.39283008876267983,0.023492106149200366,-0.024832212992951977,-0.05726449239586985,0.07609885864544898,-0.030149762959041305,-0.06274369133368161,-0.07766788160715726,0.4388010696208999,0.04350253106884675,-0.0008365050383925745,-0.032658459234332166,0.0009606148846414701,0.0026571946868890126,0.16148708735503356,0.1212251420272448,0.0073786141870482895,-7.181271761164771e-06,0.0061177716999405544,0.0007054592369027577,0.013898073401943557,0.0016973422157833004,-0.0007784620291374184,-0.0006628488646122623,-0.000164537223612609,-1.0300246866742067,0.00620423627033743,0.002679039064713667,0.2950873236783377,-0.37671947411640444,0.020089074378343747,0.0015270017502804806,0.01334018838391238,0.001168340356896695,0.02394890964729659,-0.002966720644489581,0.0031379267659686163,-0.0020702449477367144,0.00023935173546184513,0.00033652969236274365,0.0001656004616878128,-7.727397378709007e-05,0.008528996227062146,0.014626022793979513,0.0033213624831519854,0.4212367406617695,-6.327239747589467e-05,0.31114989867102394,nan,nan,nan,nan,nan,nan
252,1.264999999999995,Standing,0.62841057166738,0.4947452750604429,1.5719160614786412,-1.9438997939774791,0.0037517336696540134,-0.41375440225017357,-1.600030516410691,0.7726332611139473,0.01922686374527085,0.025769006005887538,0.013245551030673921,0.02724895660087073,-0.3606390956568017,0.0104292796828073,-0.021391619550419884,-0.39493988763379,-0.02399750357627803,-1.424605175244162,-0.0026570842540561217,-0.4213750627974676,-2.078960790315793,-0.5825405055888769,0.002670935749297264,0.023305931276833933,-0.009840517264355173,0.023933473240511014,-0.40018020990152936,-0.005380493314125286,-0.019102959962507198,-0.39283504434716016,0.02349186028851907,-0.02483069541088479,-0.0572637497862731,0.07609850860474135,-0.030107101561540586,-0.06267110929348399,-0.07765134583305783,0.43527340438949147,0.042728835649428254,-0.0009634312930197476,-0.02919811175782192,0.0009688584932450369,0.0027195182155234,0.16579144836817078,0.14110674963934317,0.007202491206070382,4.924394262931236e-05,0.006125137134905018,0.0007520083223407687,0.014266909686166358,0.0017376817639339914,-0.0008011271697015416,-0.0006795587102802019,-0.00016890001557747278,-1.0259738396046947,0.008287538928215266,0.004180309571734272,0.377452401081014,-0.33777037889563605,0.023832580691192932,0.001711454351928231,0.01754964284030378,0.001311922191531132,0.030379257901061447,-0.0037713645798662064,0.0029541224384758663,-0.0009911168960666644,-4.9172136259480474e-05,0.0003035164134369335,0.0001485219193506939,-7.000814152524414e-05,0.00853227950014402,0.014516408039523794,0.0033071548198879393,0.42318115722387284,-6.332208793945247e-05,0.31139246907860196,nan,nan,nan,nan,nan,nan
253,1.269999999999995,Standing,0.6305712678662183,0.49495065819897605,1.5719103232149045,-1.9440317520185924,0.0037565687508253395,-0.41374068118185053,-1.5991920958417005,0.7733802320597214,0.019261900391844756,0.025769500648211548,0.013276151285887846,0.027252923335866,-0.3605668733557381,0.010438058142281123,-0.02139566694031933,-0.39494333261787434,-0.02399835863157125,-1.4297241497197142,-0.002607217335888401,-0.42134737544063533,-2.076849731774735,-0.5817431784322962,0.002804852289025141,0.02331409882028108,-0.009734808841322948,0.023938884636096454,-0.4000117172381766,-0.005401598017881987,-0.019094447224479994,-0.3928443111819424,0.02349362221983955,-0.02482928979276372,-0.05726316579085987,0.07609820838089351,-0.030064383197378128,-0.06259893812833636,-0.07763485421695175,0.4321392397676639,0.04107662770662526,-0.0011476527473373366,-0.026391608222628957,0.0009670162342651842,0.0027442136646036604,0.16768411379807402,0.14939418915482086,0.007007329314781412,9.892846480191625e-05,0.006120051042784949,0.0007933469990539901,0.01444446021271821,0.0017556918947644184,-0.000809477979889194,-0.0006889968168719912,-0.0001710110586444375,-1.0237948951104565,0.009973383633544143,0.005537471366453011,0.4222117082115686,0.1594654313161466,0.026783307945575426,0.0016335086894294871,0.021141684606445034,0.0010822791170875998,0.03369853267055326,-0.00422094075134035,0.0017025476054405944,-0.0018533669564460018,0.00035238626409668446,0.0002811236242141236,0.00011679908264544977,-6.004476956824208e-05,0.008543672832491519,0.014434233029526088,0.0032983232212160764,0.425107889701175,-6.336943812140969e-05,0.3116242915826654,nan,nan,nan,nan,nan,nan
254,1.2749999999999948,Standing,0.6327175788910111,0.49514621646703166,1.5719042207555258,-1.9441502818347913,0.003761322066251948,-0.41372702698116126,-1.5983562094463424,0.7741091205158052,0.019295830178361076,0.025770208611049016,0.013306598559361716,0.02725706681336355,-0.3604947434686858,0.010446811422851943,-0.021399699053596958,-0.39494677396300276,-0.023999212615235434,-1.4348281747189695,-0.0025497682718731867,-0.42131478007468665,-2.07442213233789,-0.5795363253034642,0.002953126941953317,0.0233236844061751,-0.009612805721058531,0.02394467424951634,-0.39981802005188255,-0.005425957530724375,-0.019086782239663435,-0.3928493355949108,0.02349407207883945,-0.024827983907731624,-0.057262767555966494,0.0760979600114173,-0.030021597397898555,-0.06252723311642333,-0.07761841955262938,0.4292622049585636,0.039111653611118506,-0.0012204918757492103,-0.023705963239782833,0.0009506630853217187,0.0027308401378592713,0.1671772790716143,0.1457776912167634,0.006785957303264001,0.00014159256749384638,0.006089454694774022,0.0008286954995097703,0.014425977410456444,0.001750656114163997,-0.0008064226555253192,-0.0006882690256849466,-0.00017079673283682524,-1.0208049998510818,0.0114898128030429,0.0065190731897355,0.48551988736897506,0.44137062576639485,0.029654930585635206,0.0019171171788041853,0.024400624052883287,0.0011579226839773075,0.038739437258801135,-0.004871902568477554,0.0015329969633121497,-0.0010048825936776573,8.997179997945675e-05,0.0002611770064193895,7.964697867550072e-05,-4.967389524175971e-05,0.0085571598959147,0.014341002382605406,0.003286932864473753,0.4270204066923541,-6.341389114614465e-05,0.3118419093609496,nan,nan,nan,nan,nan,nan
255,1.2799999999999947,Standing,0.6348506701666767,0.4953318799278965,1.571898412929543,-1.9442557727246614,0.0037659306724420246,-0.4137136150889149,-1.5975338056183948,0.7747686219005557,0.01932848463483885,0.025771093596424894,0.013336725455656109,0.027261348703500582,-0.3604236325355235,0.01045543075981475,-0.021403665615636207,-0.39495016348078693,-0.024000054539959854,-1.4399167344257071,-0.0024836682614263568,-0.42127720581128186,-2.0715321814058716,-0.5774954597899525,0.0031185925452769324,0.023336265560358362,-0.009471088905929162,0.023952552646533242,-0.3995864742678308,-0.005455096245725437,-0.019081727741606873,-0.39285259246004584,0.02349439035354228,-0.02482678892874074,-0.05726250649691429,0.07609775267545464,-0.029978728017624676,-0.062456007674903544,-0.07760204394569085,0.42661825513312934,0.03713269217297118,-0.0011615651965643991,-0.02109817797401498,0.0009217212380152998,0.0026823784492648085,0.16448076558954688,0.1319002769501076,0.006530891295554901,0.0001769970751758225,0.006025379258878589,0.0008563780274065623,0.014222186632464216,0.0017238673925612186,-0.0007933124078500785,-0.0006779035568317771,-0.00016838494488369675,-1.0177119413475084,0.01322000208936598,0.007514852680957411,0.5779901864037589,0.4081731027023278,0.0330931206647231,0.0025162308366522717,0.028343363025873827,0.0015756794033803363,0.04630915681035531,-0.005827743000212342,0.0010108996113123551,-0.0006513730270062007,6.365494056599022e-05,0.00023899579817662732,5.2211810440610996e-05,-4.146719253113168e-05,0.008573876054775909,0.014245088303957217,0.0032751213877055528,0.42891902427111134,-6.345491118457559e-05,0.31204331223243026,nan,nan,nan,nan,nan,nan
256,1.2849999999999946,Standing,0.6369717370339306,0.4955080966797077,1.5718933450855068,-1.9443494142852962,0.00377034695706965,-0.41370060719819074,-1.5967349734944394,0.775320354130507,0.01935968567843388,0.02577211605193328,0.013366336729671403,0.027265722655944624,-0.36035441790763273,0.010463813554124788,-0.02140751743385238,-0.39495345967365303,-0.024000874032611835,-1.4449948022999637,-0.0024073920444314637,-0.42123319073741,-2.068107692939849,-0.5762815801139582,0.0033042538123212875,0.023352194977438737,-0.009306214531356563,0.023962879409470998,-0.3993110141875696,-0.005489765216353883,-0.019080613559083078,-0.3928564188543594,0.023495177043597933,-0.02482571858985123,-0.057262292576266395,0.07609756985761773,-0.029935749074191453,-0.062385195012505605,-0.07758571185097476,0.42421337345078325,0.03524335036223737,-0.0010135688072335377,-0.018728312126941152,0.0008832569255250472,0.0026015781448375606,0.15976642479108036,0.11034644599026834,0.006240208719005733,0.00020449110167705084,0.005922254803058818,0.0008747904888083036,0.013842925578157755,0.0016765588620079243,-0.0007703636432343968,-0.0006592385732176993,-0.0001638985303962057,-1.0156135748513317,0.015255243398978605,0.008803014774374698,0.6848976932044942,0.24277593519884946,0.03713225340887106,0.00318588341607467,0.03297487491451968,0.00206535258755114,0.05509201605224204,-0.00693379412568923,0.0002228365047591361,-0.0007652788627147183,0.00015733801113107328,0.0002140677779016896,4.2784129579733136e-05,-3.656356738351831e-05,0.00859578868664473,0.014162532479588394,0.0032664189432182688,0.43080335323014624,-6.34923432427655e-05,0.3122278026712726,nan,nan,nan,nan,nan,nan
257,1.2899999999999945,Standing,0.6390819332105591,0.4956757619835207,1.5718892990422926,-1.9444329204228634,0.003774535376049008,-0.4136881417243207,-1.5959684748489942,0.7757399288970901,0.01938926581571389,0.025773235635142965,0.01339522550048851,0.027270137880105003,-0.3602878785555554,0.010471868916238775,-0.021411211232243533,-0.39495662706441254,-0.02400166189364818,-1.4500679301899948,-0.0023198312340110077,-0.42118127203357697,-2.0641167843903503,-0.5761243961078191,0.003512294335749045,0.02337143222434562,-0.00911568584736619,0.023975481798887782,-0.398989114167522,-0.005530299658669391,-0.019079978125800787,-0.39285513666188976,0.02349457772512415,-0.024824774600217325,-0.05726205764908524,0.07609739882282618,-0.02989263391626524,-0.062314714675868105,-0.07756940496584938,0.4220392353256944,0.03353306076260462,-0.0008092086428564362,-0.016701227513436844,0.0008376837958716724,0.0024930947740036324,0.15329972908904899,0.08391495331661446,0.0059160274560024016,0.0002239166419371262,0.005777754163421429,0.0008830448320753597,0.013307870415473627,0.0016110724227971363,-0.0007387596782311698,-0.0006334781518997557,-0.00015757220726924403,-1.0146255780062023,0.01751216208409121,0.010383740766603129,0.7981817098997654,0.03143680122784112,0.04160810468555146,0.003847449381376519,0.03810573679807485,0.00252047788335708,0.0643800040095242,-0.008106888463101694,0.00012708665645786994,0.00025643849392960566,-0.00011986369475669784,0.00018879792678137372,4.6985436230128e-05,-3.420695831172267e-05,0.008623031585242656,0.014096067327499406,0.003261377025075833,0.4326736695698862,-6.352622920604782e-05,0.3123956205063413,nan,nan,nan,nan,nan,nan
258,1.2949999999999944,Standing,0.6411825436845328,0.495836072819856,1.5718864074797818,-1.9445088944267674,0.0037784767110109196,-0.41367631395285537,-1.5952404590549758,0.7760172781051456,0.019417094695442862,0.02577441498101276,0.013423199084306614,0.027274543379015585,-0.3602245862077925,0.010479530401559514,-0.02141471706437989,-0.39495964015726487,-0.02400241137496563,-1.455142263220141,-0.0022204057305745422,-0.42112027640955074,-2.059557873259996,-0.5768619392451158,0.003743890666453146,0.023393731006111015,-0.008898176955278406,0.023989901411114397,-0.3986209178773769,-0.005576716314498625,-0.0190851944064854,-0.39285849574469767,0.023495776746836578,-0.024823940182113313,-0.05726176680391059,0.07609723098034656,-0.02984935225723423,-0.062244475839869404,-0.07755310258510972,0.42012209479474494,0.032062167267050315,-0.0005783125021364869,-0.015194800780825735,0.0007882669923822683,0.0023655542930765,0.14560315880369432,0.05546984161111616,0.0055657759457939425,0.0002358691739591995,0.005594716763620883,0.0008810997821162612,0.012658469552573687,0.00153229706414784,-0.0007011664272715745,-0.0006026185704684245,-0.00014989626348999166,-1.0148666060292348,0.01988510068729305,0.012199124805245706,0.9117822260708204,-0.14750862745933063,0.04631926614082016,0.004459756353079298,0.043501778417556716,0.0028839224453231366,0.07363925802900846,-0.009283331165846679,-0.0010432561369227086,-0.0006718165615853191,0.00023980434248536582,0.00016688362080231154,5.816903493082413e-05,-3.356849592391902e-05,0.008656331806202223,0.014047767199740768,0.003260476147932403,0.43453059339026817,-6.35566908818111e-05,0.3125476806812949,nan,nan,nan,nan,nan,nan
259,1.2999999999999943,Standing,0.643274778911743,0.4959902093519657,1.5718846458766094,-1.9445802227543318,0.0037821636267716444,-0.41366518449411044,-1.594555105176685,0.7761563620636205,0.01944309216970829,0.025775618679957132,0.013450086905369349,0.027278889986699945,-0.36016494507843655,0.010486751265797007,-0.021418014757122635,-0.39496248143324403,-0.024003117708826658,-1.4602221799707407,-0.0021092959461998105,-0.42104968316018737,-2.054453954116185,-0.5781541144736162,0.003998896485009521,0.023418842785465268,-0.008653897182274517,0.024005648452976557,-0.3982085573548285,-0.005628787413557991,-0.019088210495488533,-0.39285215130718115,0.02349401741868196,-0.024823185556740936,-0.05726141943967821,0.0760970624919684,-0.02980587550552775,-0.06217441257266995,-0.07753678992721164,0.4184470454420424,0.030827306421948277,-0.00035232063447360553,-0.014265665512863996,0.0007373831521449931,0.002225891748984402,0.13707077565812564,0.027816791694964507,0.005199494853085571,0.0002407397888743293,0.005377564212546993,0.0008693215368720227,0.011928225871198324,0.0014441728474984578,-0.0006595385485491592,-0.0005682551958342797,-0.00014126677220543314,-1.0159833501199285,0.022221956874946335,0.014118649872669286,1.0207838287622892,-0.25843504570008735,0.051001163711275097,0.0050223558708505514,0.04885595460077769,0.003149408372432089,0.08247210450967639,-0.010414219811873335,-0.0006032178006267722,0.001268887503300438,-0.00035186563092361807,0.00015092507447553918,6.947284647541038e-05,-3.369767563107197e-05,0.008695350341296025,0.014012653439890117,0.0032625315796188602,0.43637516283293,-6.358407764297516e-05,0.3126852625190389,nan,nan,nan,nan,nan,nan
260,1.3049999999999942,Standing,0.6453601009816847,0.49613953292743895,1.5718839397582784,-1.9446505249833457,0.00378560850850527,-0.41365474820108744,-1.593912454651427,0.7761726528485743,0.01946725347405025,0.025776819852880953,0.01347577362986517,0.0272831360140989,-0.3601090183848679,0.010493524851589409,-0.021421106401392196,-0.3949651480691947,-0.024003780148722884,-1.4653123053875898,-0.001986837898685495,-0.42096927256589306,-2.048817743656052,-0.5796733635446581,0.004276867209120659,0.02344668275444069,-0.008383541184974357,0.02402248917940554,-0.3977533039398036,-0.005686372721531028,-0.019099549946699036,-0.3928560888984971,0.023495821086810805,-0.02482247271744772,-0.057261018327354724,0.07609688822731259,-0.02976217075158345,-0.062104459251132456,-0.07752045150025175,0.41706441398834954,0.029864715094649358,-0.00014122366616379397,-0.014060445802782758,0.0006889763467251834,0.0020872586046019937,0.128530105051632,0.0032581569907547472,0.0048322608683915805,0.00024023458476382973,0.005137344899164449,0.0008492054797910091,0.011185338713731004,0.0013547171584803314,-0.0006183288539123651,-0.0005333271901296059,-0.0001324879792452886,-1.018025083369815,0.024491609502863144,0.01608211885886481,1.1272420920265716,-0.303849814208389,0.05559414482222758,0.005567993795084417,0.05407119946003232,0.0033681452857967633,0.09105068300497803,-0.011517061594607261,-0.0022678902421001193,-0.0007875182631863174,0.0003607336257687951,0.00014256785864294564,8.02224646973381e-05,-3.4852931162132987e-05,0.008740950788860244,0.013990664307499522,0.0032676853919780223,0.43820859971636117,-6.360854980465325e-05,0.31280979084208005,nan,nan,nan,nan,nan,nan
261,1.309999999999994,Standing,0.6474398218297432,0.496285136905687,1.5718841047642702,-1.94472311291875,0.0037888349504471997,-0.4136449640068157,-1.5933105143106765,0.7760924813586961,0.019489649049107934,0.025777994797229052,0.013500193260975778,0.0272872466076951,-0.3600566831621648,0.010499866387220612,-0.021424003408588268,-0.3949676463490771,-0.02400440015046133,-1.4704152344683814,-0.0018538077024620539,-0.4208792639298811,-2.0426717741802327,-0.5811269548440027,0.00457659809866243,0.023477222063068758,-0.008088584865566089,0.024040334337632863,-0.39725706788390996,-0.005749245230763293,-0.01910732298513704,-0.39284741980984406,0.023493704729997688,-0.02482176487467715,-0.05726056956840619,0.07609670415251056,-0.029718208917964742,-0.06203458094700117,-0.07750407905935557,0.4159441696117135,0.029120795649601405,3.30011983687007e-05,-0.014517587080877069,0.0006452883883858945,0.0019568388543424226,0.12038806815007531,-0.016034297975631263,0.004479115011536483,0.00023498886962011064,0.004883926222121587,0.0008221187192402564,0.010467044540618153,0.001268307126240525,-0.0005794014392142796,-0.0004996559764864123,-0.0001240003476891232,-1.0205858161583268,0.026606039244688205,0.018001727202392962,1.2291938951638066,-0.29071825986891325,0.05994617790835417,0.006107861725613302,0.05899126388165366,0.0035690316454644777,0.09924721117872995,-0.012574501846453073,-0.0015546076876009414,0.0017338177306106687,-0.0004232713626233228,0.0001415685541144374,8.975178970704772e-05,-3.68149604055881e-05,0.008792366723741544,0.013975660826257463,0.0032744881792375795,0.4400322576260927,-6.363057949343173e-05,0.31292265192503055,nan,nan,nan,nan,nan,nan
262,1.314999999999994,Standing,0.6495156099762175,0.4964275492699813,1.571884831791151,-1.944802353971273,0.0037918863284157793,-0.413635735606528,-1.5927437247838954,0.7759501167173899,0.01951042740796825,0.02577912879415812,0.013523350855469057,0.027291197772738855,-0.3600075148913439,0.010505826662535904,-0.021426733116908552,-0.3949699979845294,-0.024004982739843136,-1.4755369773809035,-0.0017113892537844397,-0.4207798799635018,-2.0361033685275642,-0.5813217646103811,0.0048956755548851365,0.023509742463162016,-0.0077719164987657165,0.02405844002081211,-0.39672737726503676,-0.0058164994140775415,-0.019121208949533657,-0.3928466962405226,0.023494297844087048,-0.024821023531232847,-0.05726004376519081,0.07609649977634846,-0.029673950349705838,-0.06196469579876441,-0.07748765361755246,0.4151576292948401,0.02848247285885593,0.00014540537614902142,-0.01584821050458857,0.0006102755937159521,0.0018456800575436414,0.11335790535624177,-0.028472928261255696,0.0041556717720628465,0.00022679938581342165,0.0046315188986558115,0.0007902330087510272,0.009833654164181485,0.001192055063058378,-0.0005459416640566496,-0.00047032709046201487,-0.00011651787636134383,-1.0243485825044254,0.02848368973552284,0.0198767932758679,1.3136811305336753,-0.038961953275684746,0.06381549124454132,0.006504080018651505,0.06333367336007449,0.0036211366358490852,0.10593812377463639,-0.013450836662849717,-0.0027771928793232353,0.00014471386429198378,0.0001186228178719134,0.0001482686888604119,0.00010516064307478276,-4.087523242171676e-05,0.0088517136517807,0.013977029647352595,0.003285088360620792,0.4418474535693972,-6.365021791729882e-05,0.3130251092901762,nan,nan,nan,nan,nan,nan
263,1.3199999999999938,Standing,0.6515889175986007,0.49656782440721164,1.5718860291648358,-1.944890954496812,0.0037948077682537313,-0.41362692662297645,-1.5922040316805486,0.7757801333589186,0.019529818452386865,0.02578021580288192,0.013545317391549965,0.02729497957547899,-0.35996085885208173,0.010511483293274303,-0.021429339602708077,-0.3949722313473668,-0.024005535638348622,-1.4806769482561588,-0.0015604699750897527,-0.4206721316604801,-2.0290722052834256,-0.5806649978045826,0.005232883044980189,0.023545020221301248,-0.007435351130323057,0.02407777735475232,-0.3961605540923069,-0.005888535419844832,-0.019135988740822268,-0.3928427776531441,0.02349395123567451,-0.024820217000548966,-0.0572594498185044,0.07609627137786538,-0.029629371842881298,-0.06189481972453512,-0.07747117705290767,0.41466152447664534,0.028055027446069285,0.0002394747369956464,-0.01772010510778927,0.0005842879675904116,0.0017617967103114019,0.10793862066934251,-0.033996671694263327,0.0038782088837229917,0.00021740174476019862,0.004393307216181674,0.0007563605480273881,0.009331207852439056,0.0011313261476799115,-0.0005212971599049098,-0.00044667256747797245,-0.00011057970109734564,-1.0279941750510655,0.030183855738937376,0.0215496606043312,1.4062326488277248,0.13135336115970422,0.06744149801901046,0.0070555516278466525,0.06731307368853197,0.003867466788041935,0.11336463454597889,-0.01440720115345806,-0.002955958257722043,0.0007837174756963133,-6.93216825077844e-05,0.00016130613677595222,0.00011878933728235332,-4.567969661301252e-05,0.008915701364908449,0.013975214845856712,0.003295312928957372,0.443656475907117,-6.366784295512932e-05,0.31311795731772296,nan,nan,nan,nan,nan,nan
264,1.3249999999999937,Standing,0.6536612953574454,0.4967072014567652,1.5718876422954755,-1.9449908708190653,0.003797654547925277,-0.41361836347319497,-1.5916808927732362,0.7756147850670244,0.019548112185603192,0.025781259842845225,0.01356623436616442,0.027298595774018164,-0.3599158383579816,0.010516940016647968,-0.021431878689656,-0.3949743853335453,-0.02400606919097483,-1.48583675662796,-0.0014009719825543029,-0.4205560725285574,-2.021495608083404,-0.579980246049857,0.005588755234553932,0.02358386006050444,-0.007078255262513953,0.024099587420794606,-0.39554936184965184,-0.00596618167764737,-0.019152677820847716,-0.392836920572752,0.023493046789814974,-0.02481931981225314,-0.057258799755882724,0.07609601754230876,-0.029584445911525745,-0.061824940961917776,-0.07745464437168624,0.41447555176895245,0.0278754099107115,0.0003226261279673965,-0.01998326445064711,0.0005693559343091357,0.001712629956300477,0.10462778146248193,-0.03306965837883091,0.003658746643265076,0.0002088079926610703,0.004183394922890955,0.000723239707834799,0.009004098820036126,0.0010913446747332796,-0.00050781738958444,-0.00043079723569037446,-0.00010671052524198765,-1.0319616743602371,0.03189959850708999,0.023211826384540942,1.5153194400043275,0.13695035094511868,0.07117443791474855,0.007767967840638078,0.07141917356182081,0.004362013208457579,0.1222384485310112,-0.015529251560507518,-0.003337816005089704,0.0011714160784266259,-0.0001808891719069631,0.00017943765916560202,0.0001300125243351836,-5.076711132620944e-05,0.008985186271110383,0.013975752523469737,0.0033065362442838537,0.44546022313748646,-6.36834912589968e-05,0.3132019331999011,nan,nan,nan,nan,nan,nan
265,1.3299999999999936,Standing,0.6557344072253385,0.49684671405090625,1.571889553196832,-1.945103558592916,0.003800488139775211,-0.41360985853700627,-1.5911627792964367,0.7754816861533897,0.019565642131429892,0.025782271144271167,0.013586300290531489,0.027302061766314976,-0.35987147575992695,0.01052231252983361,-0.021434407780393985,-0.39497650571946613,-0.02400659494788779,-1.49102141269385,-0.0012324285623937954,-0.4204308958471278,-2.0133152136695727,-0.5797584828314915,0.005964402748667457,0.02362650005320654,-0.006699236875187911,0.024124586851913533,-0.39488869741977095,-0.0060500189512773875,-0.019173397240969156,-0.3928332763926041,0.023492920624261063,-0.024818313535679603,-0.05725809435471445,0.07609573719791035,-0.02953913741893826,-0.06175499623092232,-0.07743803924599235,0.4146223735785995,0.0279025188282059,0.00038218027129782755,-0.02253755477012735,0.0005667183699868205,0.0017009872377404787,0.10362269535989364,-0.026619782726933543,0.0035059891653401918,0.00020226028518856713,0.0040131848734139,0.0006931984593625058,0.008872519610919883,0.0010745026371281915,-0.0005058181475965451,-0.000424077184166366,-0.00010515138259209914,-1.036931213177994,0.03370868403210149,0.025035336285923998,1.6360788827662758,0.04435264367310224,0.07512950282270495,0.008527998540420233,0.07580367746520836,0.004999886223785067,0.13213288597618075,-0.016767454726003595,-0.004143884024287936,0.0007288360295779936,-2.5233110781820587e-05,0.00020125531470705277,0.00014108023365470618,-5.6068879682010435e-05,0.009061698517497427,0.013988946199090113,0.003321025138779063,0.4472592238017836,-6.369729519696717e-05,0.3132777358057982,nan,nan,nan,nan,nan,nan
266,1.3349999999999935,Standing,0.6578099532928745,0.496987121606368,1.5718916070382898,-1.9452298690814775,0.0038033680526084355,-0.4136012303480555,-1.590638498524265,0.7754015077739997,0.01958275689423725,0.025783263893424647,0.013605752199309859,0.027305402464283944,-0.35982680185200083,0.010527715539488846,-0.021436980047762868,-0.3949786392683102,-0.024007124366756546,-1.4962371063211017,-0.0010545423127483727,-0.42029561817837074,-2.004501297176421,-0.5801696521387215,0.0063606579603178864,0.023672831914146795,-0.006297196585912929,0.024153107929060082,-0.3941758963496243,-0.006140342961296001,-0.019197336194784708,-0.3928294158596439,0.023492778876776768,-0.024817186408746108,-0.05725733035873031,0.07609542979884276,-0.029493407130753598,-0.061684901343995256,-0.07742134106983872,0.41510921350721125,0.028081511092353045,0.00041076829156114995,-0.025262097712309285,0.0005759825666449465,0.0017256377901561878,0.1048561544343262,-0.016035675878009005,0.003422952561471705,0.0001985498306958111,0.003890381755674053,0.0006681395937938936,0.008934781585227966,0.0010806019310472127,-0.0005144534737763441,-0.0004267097688170549,-0.00010588377375077366,-1.0431387254503783,0.03557724992908455,0.027055533751408505,1.7627832986302883,-0.082233861446008,0.07925104233008592,0.009266372188050603,0.08040805785499644,0.0057042154293098155,0.14256021402933577,-0.018064802003722798,-0.004787790763110279,0.0007721065920371536,-2.834949685884309e-05,0.00022542538669898372,0.00015279919682792916,-6.147981351827862e-05,0.009146057636932381,0.01401897738541366,0.0033396352307265,0.4490543257734945,-6.37094014821998e-05,0.3133459632508709,nan,nan,nan,nan,nan,nan
267,1.3399999999999934,Standing,0.6598896689598321,0.4971293993121652,1.5718937487976272,-1.9453697523002238,0.003806348693477063,-0.41359230719321366,-1.5900972822170902,0.7753851917769637,0.01959980154414133,0.025784256732482545,0.013624854377335772,0.027308651349123317,-0.35978087162538613,0.010533260873956713,-0.02143964556296013,-0.3949808319029128,-0.0240076686209111,-1.5014935431317031,-0.0008672359907164975,-0.42014935719544433,-1.9950396490174236,-0.5811491221729032,0.006777966621631473,0.02372261254241639,-0.005871511712457367,0.024185315982228794,-0.39340964577273574,-0.006237291131427847,-0.019224425702691693,-0.39282463357066466,0.023492361831322264,-0.024815933175081274,-0.05725651369264463,0.07609509684574653,-0.029447201936804755,-0.06161452050908375,-0.07740451685161066,0.41594313339153055,0.028455541159441416,0.0004283518674871043,-0.027976643749246584,0.0005961281737254513,0.0017846309683682837,0.10824326143494203,-0.003263199407195055,0.003408929980815507,0.0001985678115793602,0.003820435605182564,0.0006497769678745563,0.009186045322944394,0.0011090668935733732,-0.0005331030394523642,-0.00043852692050543827,-0.00010885083091071089,-1.0512873621203003,0.03746126440637504,0.0292521965852806,1.8923296317995,-0.19589400683631863,0.08346173226271729,0.009956125653918946,0.08513697469111238,0.006441610633742552,0.15325011537770897,-0.019389634026369153,-0.005417901581396673,0.0009564577958523891,-8.340909090082254e-05,0.00025064673296703525,0.00016333321713576273,-6.659061924619734e-05,0.009241038789768997,0.01407616698230029,0.0033648436456125658,0.45084671819575406,-6.371987554277252e-05,0.31340707192747325,nan,nan,nan,nan,nan,nan
268,1.3449999999999933,Standing,0.6619716076616897,0.49728451322066625,1.5718982061236353,-1.9455047508477104,0.003809472230132203,-0.41358296908102915,-1.5895289096264094,0.7754081065376086,0.019617087019726476,0.025785285182476914,0.013643870104704888,0.027311861482291987,-0.3597327894014391,0.010539055083440944,-0.021442437124550157,-0.3949831366826688,-0.024008238356299384,-1.5067767448268519,-0.0006756472365783176,-0.41999486124586966,-1.9852358938171217,-0.5816494963990385,0.007207911206492259,0.02377430193386074,-0.00543085325262024,0.02421960219976773,-0.3926141339793189,-0.00633798325856592,-0.019253623722879754,-0.3928190100232973,0.023491744058433777,-0.024814625150841554,-0.057255968595947074,0.07609482167946313,-0.02940053661986422,-0.06154405110164813,-0.07738761934465764,0.41638774037152576,0.031022781700208283,0.0008914652016331574,-0.026999709497298553,0.0006247073310280405,0.0018676224369010492,0.11367451813618129,0.004582952128971862,0.003457095117029063,0.00020568999887358216,0.0038031454738230745,0.0006420266337339593,0.009616444789409966,0.001158841896846,-0.0005583123180054055,-0.0004609559512111853,-0.00011394707765709978,-1.0566403390297512,0.03831775082763597,0.03089918991493836,1.960751040060374,-0.10007484522706958,0.08598891697215723,0.010337878288869775,0.08813169196742526,0.006857243507787149,0.15910235868337236,-0.02013842542761458,-0.005839604037611804,0.001124709473476532,-0.00012355457769776495,0.00026160484794366133,0.0001090193395120489,-5.503325667928044e-05,0.009333063388107162,0.014093881487125346,0.0033795013906050613,0.4526377366909454,-6.37288434079521e-05,0.31346171733161177,nan,nan,nan,nan,nan,nan
269,1.3499999999999932,Standing,0.6640581803221223,0.49745198070607244,1.5719033621948473,-1.945636488149337,0.0038127831205684785,-0.4135730589540032,-1.5889255538785296,0.7754724128237228,0.019634787808622538,0.025786371301729547,0.013663084539038623,0.027315061312312837,-0.3596818326070484,0.010545183298875674,-0.021445399716846333,-0.39498558180784876,-0.02400884207479811,-1.5120970148500463,-0.000480225125195206,-0.41983269731301853,-1.9750179789800493,-0.5823018626159501,0.007649540514434028,0.023828580697118507,-0.004977729745782185,0.024256916987872766,-0.3917837408520122,-0.006443022334179413,-0.01928597846097695,-0.39281427948175796,0.023491346863401874,-0.02481329912211249,-0.057255557388431064,0.07609457278425631,-0.029353358409548447,-0.06147336739054413,-0.07737061286882288,0.4173145320865191,0.03349349708124379,0.0010312142423797243,-0.026347460325364218,0.0006621780872550939,0.0019820254051931413,0.12067114957594596,0.012861257222830408,0.003540157779212652,0.00021722385052666773,0.0038428868667472363,0.0006399660041699875,0.01019135887814508,0.0012256430869461415,-0.0005925184592353927,-0.0004890250359868427,-0.0001207436997458632,-1.0640540046388884,0.03908442227662232,0.03243278657022674,2.043582967414506,-0.13047324338230346,0.08832586158835377,0.010855752651553814,0.09062470136761092,0.007462957621007562,0.16607862546134117,-0.021007815122698562,-0.006470947619439449,0.0009461083078621138,-7.943900638085211e-05,0.0002652057458124959,8.224150320254052e-05,-4.977904136367236e-05,0.009435642063154528,0.01413674222079978,0.0034012951669527337,0.454429247507341,-6.373914483274119e-05,0.3135234131400723,nan,nan,nan,nan,nan,nan
270,1.354999999999993,Standing,0.6661517022558637,0.4976310918267513,1.5719082526531318,-1.945766947679522,0.0038163103531795944,-0.4135624772335255,-1.5882819359154605,0.7755725955177987,0.01965311164455673,0.025787528161250337,0.01368274951213478,0.027318283302584713,-0.35962749358720564,0.01055170553338541,-0.02144855965788862,-0.39498818946466985,-0.02400948576193435,-1.5174716872261123,-0.00028097060357169443,-0.41966251181207886,-1.9643770009984398,-0.5828420583640228,0.008102675820875978,0.02388510361193058,-0.004511843298249409,0.02429753359995985,-0.3909180888911829,-0.006552427924724694,-0.019321799035341498,-0.39281093798371614,0.023491229323542567,-0.024811989807535587,-0.05725511259599868,0.0760943158646955,-0.02930559143204173,-0.06140222691430924,-0.07735343574611571,0.41870438674828825,0.03582222413577642,0.0009780916569288166,-0.02609190603698702,0.000705446522223164,0.002116344095539769,0.12872359261382588,0.02003653881517014,0.003664767186837896,0.00023137190415820994,0.003932994619231271,0.0006443980543754069,0.010867803968554156,0.0013044469019473429,-0.0006319882084577651,-0.0005215313642207971,-0.00012873742724763923,-1.074934475213188,0.03985090432470232,0.034037100187930366,2.128195596321886,-0.10803914961455105,0.09062706128839007,0.01130458296241489,0.0931772895065553,0.008123322417416678,0.17313039216585066,-0.021881118109056172,-0.007164114872909327,0.0006682996083632098,-2.3507971861676202e-05,0.0002618629153805451,8.895848647755077e-05,-5.138391216212265e-05,0.009553395501343015,0.01422809524697873,0.003435424541433685,0.4562221229623535,-6.375064737818886e-05,0.3135915231233658,nan,nan,nan,nan,nan,nan
271,1.359999999999993,Standing,0.6682543979776737,0.4978209920701618,1.571912363612665,-1.9458984798589318,0.0038200681188016697,-0.4135511607870964,-1.5875947877313223,0.7756991549408597,0.01967221492349882,0.025788767080263245,0.013703081046045161,0.027321559093587643,-0.35956943966131205,0.010558661203897668,-0.02145193401045928,-0.39499097329911176,-0.024010173337315376,-1.522911911219213,-7.782661945553518e-05,-0.41948411366559124,-1.9532530036762503,-0.5836267800920881,0.008567584608549773,0.02394411577254662,-0.004033166585353084,0.024342229702326447,-0.3900120559462271,-0.0066667629528089955,-0.019361236386893913,-0.3928083668512892,0.023491220204999788,-0.024810705601181912,-0.057254540015117275,0.07609403098963975,-0.02925716626992365,-0.06133047364810293,-0.07733604710151958,0.4205391443620044,0.03798004868209185,0.0008221919066595467,-0.026306435881952153,0.0007515531244150652,0.0022632892858167365,0.13742963682763532,0.025311884612218907,0.003820655788418085,0.0002477838025812686,0.004066306782076403,0.0006551582005863358,0.011610785178718873,0.0013911341024516145,-0.0006748705141317777,-0.000556766888383499,-0.00013751507620544926,-1.0880447986201771,0.04062879682323185,0.03567962929752352,2.224799464437894,-0.15694434561306575,0.09298175753475894,0.01180243212320768,0.0957353425792651,0.008939220473319739,0.18120658899116085,-0.022867005616860354,-0.007887470310482826,0.0005142264853763626,-1.8237085557925431e-06,0.0002568412707351555,0.00011451617628079413,-5.697501115156277e-05,0.00968503242361586,0.014350653241261658,0.003477728919225829,0.4580178163003618,-6.376320657919268e-05,0.3136653209825614,nan,nan,nan,nan,nan,nan
272,1.3649999999999929,Standing,0.6703684584252385,0.4980202408358722,1.5719153583409664,-1.946034072854217,0.0038240598031075725,-0.41353908882609497,-1.5868633187261203,0.775841292266108,0.019692210932226045,0.025790093008440255,0.013724246598306353,0.027324915910154825,-0.3595075539071762,0.010566064399842557,-0.021455525135103713,-0.3949939385268902,-0.02401090618062561,-1.5284283036114996,0.00012929799791061518,-0.4192968881420234,-1.9416156660511117,-0.5846497686292529,0.009044734465447528,0.024005435529804133,-0.0035408881025189944,0.024391412402877687,-0.38906295363864457,-0.006786315816127086,-0.01940451655126738,-0.3928065480051336,0.023491302113228807,-0.024809424644545358,-0.05725381842775063,0.07609371283962628,-0.029208003761148682,-0.06125796481158345,-0.07731841059176296,0.42281208951296895,0.039849753142086455,0.0005989456602564224,-0.027118599057003357,0.0007983368611805509,0.0024143922002857663,0.1462938010404144,0.02842746504964227,0.003999201745445134,0.00026518563540186966,0.00423311045223836,0.0006713633134364707,0.012377150827166852,0.0014806391889776347,-0.0007182249288862977,-0.0005930455556855478,-0.00014656866204695447,-1.1032784784572962,0.04142492347323007,0.037445104713562063,2.327467525027734,-0.20459770743294708,0.09542997137955106,0.012263951451503075,0.09845569656681792,0.009836540110247916,0.18982046151650595,-0.023910572663618165,-0.008656032874693183,0.0003637692311249291,1.638164580398126e-05,0.0002561913273105134,0.00014431747332907134,-6.363000269329386e-05,0.009832501754993903,0.014501767303895977,0.0035273019513230646,0.45981743356257654,-6.377656321506745e-05,0.3137436285860151,nan,nan,nan,nan,nan,nan
273,1.3699999999999928,Standing,0.6724960081004203,0.49822721486110316,1.571917106738595,-1.9461768655551333,0.003828278453890006,-0.41352627183854473,-1.586088490722857,0.7759873796751756,0.019713173327252476,0.025791506080097216,0.013746363930786225,0.027328376320169292,-0.35944187930895116,0.010573910414975993,-0.021459326751344324,-0.39499708306505976,-0.02401168378481954,-1.5340297689346736,0.0003403607392996786,-0.41910025755558405,-1.9294335115809236,-0.5859251811959402,0.009534527087017958,0.02406893349313439,-0.003034430745051658,0.024445476175398863,-0.38806789231360994,-0.006911399435777936,-0.019451955332463557,-0.39280579845799035,0.02349153560502401,-0.02480810778301951,-0.05725297689036296,0.07609336473990692,-0.029158019022126093,-0.06118459082957384,-0.0773004979253033,0.42550993503635715,0.04139480504618767,0.00034967952573813064,-0.028558540183249815,0.000843730156486706,0.0025633975100505346,0.15496560065267667,0.029217481813518183,0.00419247900528605,0.00028261433139207306,0.004423466495974407,0.0006920820028934731,0.013134919645004614,0.0015692030266873233,-0.0007603232481221286,-0.0006289076339096173,-0.00015552083878641164,-1.1202930646347853,0.04221254827781268,0.03932611728787209,2.4364308940376396,-0.2550825133374599,0.09795852431408594,0.012699592666051631,0.10129147149346732,0.010812754504235043,0.19901226500693048,-0.02501672393016994,-0.009487756239235302,0.00014990942864879175,4.669835904109997e-05,0.00026337230516960264,0.0001683074775341533,-6.96199438696532e-05,0.009996947804517639,0.014674796401923436,0.003582533291932123,0.4616224721474579,-6.379037983062721e-05,0.31382482551410673,nan,nan,nan,nan,nan,nan
274,1.3749999999999927,Standing,0.6746391019075333,0.4984401546855314,1.5719176048603853,-1.9463300192702981,0.0038327096158031165,-0.41351274544500766,-1.5852726940355346,0.7761263833028671,0.019735138863747913,0.025793001839692357,0.013769501066212034,0.027331957252955185,-0.3593725919466359,0.010582178903290424,-0.021463325457669283,-0.3950003988516578,-0.02401250407256051,-1.5397243605527706,0.0005551742602248575,-0.4188936497741835,-1.9166830288386436,-0.5873832205574765,0.010037232107979204,0.02413442569657087,-0.0025132328130084815,0.024504734687922667,-0.38702462252889575,-0.007042258002856817,-0.0195038367911006,-0.39280649769916587,0.02349198392813226,-0.024806712877306118,-0.0572520498830824,0.07609298991122161,-0.02910712087939183,-0.061110262037556574,-0.07728228541960311,0.4286187614226021,0.04258796488563983,9.962435805582092e-05,-0.030630743032968893,0.0008862323826220943,0.0027052787074132727,0.163159337464452,0.027800725538289234,0.0043931072990877175,0.000299151919028403,0.0046274270851617205,0.0007161865571783367,0.013857472463054186,0.0016536976628862225,-0.0007997412649915943,-0.0006631573196044209,-0.00016405754819393792,-1.1389183236194267,0.04296270418503577,0.04132155628011951,2.5500965484559757,-0.29160787230727525,0.1005410041922493,0.013098440687295976,0.10423958640863527,0.011851702504760732,0.2086539569428395,-0.02617171341577621,-0.010376291727408242,-0.00013984823510317253,8.966462164958881e-05,0.00027898114267798307,0.00018540145611255687,-7.49657370633691e-05,0.010179628546852415,0.014865758403452016,0.003642501140037651,0.463434473366046,-6.380427675592491e-05,0.31390707886467145,nan,nan,nan,nan,nan,nan
275,1.3799999999999926,Standing,0.6767997252648226,0.498656906200054,1.571916856587758,-1.9464968566526046,0.003837332955380473,-0.4134985706823144,-1.5844198630267357,0.7762497124304606,0.019758106108408027,0.025794570709024654,0.013793674685672186,0.0273356688116932,-0.3593000079340003,0.0105908330483907,-0.021467499220748237,-0.39500387196766745,-0.02401336331468333,-1.5455198688341114,0.0007732652911303866,-0.4186765747774366,-1.9033802364173786,-0.5885027627163462,0.010552646281316861,0.024201379875965656,-0.0019772691062996854,0.024569113925769607,-0.38593426801190234,-0.007178740250203264,-0.019560172875590594,-0.3928087335819593,0.023492631998528794,-0.024805202533737244,-0.05725104413107492,0.07609258563810783,-0.029055217248899493,-0.06103489684210725,-0.07726375130410096,0.4321246714578523,0.04335030290451827,-0.00014965452548113852,-0.03336747646128396,0.0009246679154712508,0.002834952538658151,0.1705662017598089,0.024665825518691245,0.004593448932023045,0.0003137738664593472,0.004834723892030298,0.0007423117476029669,0.014516802527121911,0.001730829020055027,-0.0008347526157905958,-0.0006946232019376287,-0.00017184842456434473,-1.15910165626818,0.043618206181105824,0.043414999349378175,2.660558484252991,-0.22390843177392278,0.10308283466753157,0.013390835878957152,0.10719274134175923,0.012875847569388187,0.21807090339867707,-0.02729644946928923,-0.011267216897998825,-0.0004471765586869118,0.00012961407930691033,0.0003020687137750996,0.00020115040149449394,-8.085462275489841e-05,0.010380726098467729,0.015073039089864184,0.003706823100428706,0.46525507959469314,-6.381785455492873e-05,0.3139884513136585,nan,nan,nan,nan,nan,nan
276,1.3849999999999925,Standing,0.6789797441766054,0.4988755224170486,1.5719150021135722,-1.946680221493879,0.0038421224894971133,-0.4134838189428311,-1.5835344240195928,0.7763503067250628,0.019782045201250383,0.02579620145532785,0.01381886016885429,0.027339516254659402,-0.3592244976009268,0.010599829625245846,-0.021471825693306766,-0.39500748494635973,-0.02401425713823532,-1.5514215445137869,0.0009939232053772092,-0.4184490002569557,-1.8895171351813016,-0.5890866231085631,0.011080173624898073,0.024269681026304047,-0.0014271017286435906,0.02463887540922681,-0.3847958400955782,-0.007320944032637137,-0.01962096572513712,-0.39281221206031847,0.02349337812375824,-0.024803547988257717,-0.057249953967881115,0.0760921460402402,-0.029002223698041386,-0.06095845562904696,-0.07724488239406693,0.43600378235658566,0.04372324339892174,-0.0003708948371751134,-0.03667296825486511,0.0009579068233281221,0.0029503478966534107,0.1770878014285892,0.020118858920446535,0.004787818568471339,0.00032614926063903696,0.005037096636420702,0.0007694885932409628,0.01510206661470585,0.0017993153710290251,-0.0008652945117060394,-0.0007225957384549665,-0.00017876471039800318,-1.1803351359350924,0.044131582849364526,0.04551490409618225,2.772620247215414,-0.11677207844339091,0.10550546871624246,0.013660230067678279,0.11003347553121896,0.013952296691440606,0.2276855832648284,-0.028440756486774674,-0.012158569909305536,-0.0006956956718368002,0.00014922504588879183,0.00033090909590540753,0.00021803263876216973,-8.7919573526007e-05,0.01059871017162129,0.015288242612057324,0.003773782006805801,0.4670863439323208,-6.383068352364227e-05,0.3140668157353922,nan,nan,nan,nan,nan,nan
277,1.3899999999999924,Standing,0.6811809228192707,0.49909443392886416,1.5719122790435232,-1.946882308410325,0.0038470507267140304,-0.4134685627873029,-1.5826207385771112,0.7764227408993193,0.019806906442547356,0.02579788260680464,0.013845001951096477,0.027343500697607666,-0.35914643731492824,0.010609124689556198,-0.02147628438366884,-0.39501121943899115,-0.02401518109749809,-1.5574337609539197,0.0012164841411002984,-0.41821088673803003,-1.875058413490434,-0.5892845736448252,0.011619333773535597,0.02433948681851647,-0.0008629987388771044,0.02471453676510947,-0.3836060046504543,-0.007469249654356141,-0.019686416513451713,-0.39281701123980306,0.023494205670695628,-0.02480172785812961,-0.05724877115415632,0.07609166523711056,-0.028948061285684085,-0.06088091479262955,-0.07722566807592529,0.4402357285330349,0.043782302363114846,-0.0005446140098186007,-0.04041738328920668,0.0009856474433833852,0.0030512311056432096,0.18273708849631964,0.014486834851294223,0.004972248259394456,0.0003362302953581774,0.005228356448437266,0.0007968885896527591,0.015612057199710067,0.0018590128620704816,-0.0008917380724152225,-0.0007468985262823023,-0.00018479185255372457,-1.202443288026551,0.04451218714461784,0.047622703785133634,2.8917443381735106,-0.0395901072524249,0.10783202972750482,0.013961158442484568,0.11282059795329726,0.015132271176532042,0.23796708902478045,-0.029661124343800815,-0.013090157662918512,-0.0009598358969157201,0.0001655093874775988,0.0003640260256214036,0.0002365627449599497,-9.616062592827235e-05,0.010832482471460247,0.015508167283482865,0.0038428636283296368,0.4689300603100034,-6.384233709879518e-05,0.31414010981826596,nan,nan,nan,nan,nan,nan
278,1.3949999999999922,Standing,0.6834046483863424,0.49933134387998973,1.5719130101946008,-1.9470891714418652,0.0038522483445760755,-0.413452543418953,-1.5816546247838856,0.7764132301195331,0.019832899543654147,0.025799682983634224,0.013872283327481782,0.027347676319570694,-0.3590640277705676,0.010618932945775966,-0.02148095347532349,-0.3950151901524172,-0.02401615661291345,-1.563575522309299,0.0014255032586664158,-0.4179752837358722,-1.8613555208015398,-0.5854884516574644,0.012143699262170033,0.024405034419644908,-0.0003116442105115776,0.02479017999462516,-0.38247189414662935,-0.007610968833981112,-0.019749352350253744,-0.39281850646453537,0.02349390802025754,-0.02479977712865644,-0.05724769225207613,0.07609121097831321,-0.028892609017672655,-0.06080199490164058,-0.07720605751571569,0.44474511341433615,0.04738199022511063,0.00014623021554435755,-0.0413726063080107,0.001039523572409052,0.003203873669979833,0.19322275864510777,-0.0019021559572261898,0.005198620221358482,0.0003600753659168303,0.0054562752770611084,0.0008351243926057901,0.01648190887212125,0.001961651243953552,-0.0009338183309293139,-0.0007941426852173349,-0.00019510308307229619,-1.2283522710758734,0.041803823513223495,0.04712060043155834,2.7405785377788465,0.759224397472154,0.10487309772688712,0.013109520225687853,0.11027090567310535,0.015128645903137769,0.2268221007649857,-0.02834383592499417,-0.01258716736040619,-0.00029904494646317513,-5.953008761751876e-05,0.00039014589463375786,0.0002157804160372914,-9.085175946749836e-05,0.011090453602285838,0.015783978197792935,0.003922112041921994,0.470787699605047,-6.385243289024538e-05,0.3142065162125261,nan,nan,nan,nan,nan,nan
279,1.3999999999999921,Standing,0.6856528812512412,0.4995898225034707,1.5719162005012584,-1.9472977126123405,0.003857703432042817,-0.4134356532021123,-1.5806335391810171,0.7763154502611634,0.019860126155308015,0.025801593205693727,0.01390079587357517,0.027352040955258724,-0.35897697537829354,0.010629288689819097,-0.021485879230101507,-0.3950193901191226,-0.024017187072816318,-1.5698192360968026,0.001619669317132617,-0.4177476551428773,-1.848041117487775,-0.5821463146707812,0.012648439279152542,0.02447091106243913,0.0002144942612275618,0.024869324440020286,-0.3813653498759918,-0.00774927470577688,-0.01981145736869476,-0.3928165182161521,0.023492504794541052,-0.024797738485809767,-0.057246788835747194,0.07609077760322527,-0.028835883889758294,-0.06072217921976953,-0.07718614269902498,0.4496465729797581,0.0516957246961988,0.0006380613314865211,-0.04170823409505586,0.001091017493348313,0.0033780433681391098,0.20421712057369612,-0.019555971673938913,0.005445322330773634,0.00038204441190076643,0.0057025092186774855,0.0008729271376062038,0.01741047845482011,0.0020711488086262043,-0.0009851509556033909,-0.0008399933410828818,-0.00020609198057356287,-1.2487427575007009,0.03883321169324023,0.04552571859897771,2.6628806627529418,0.6684273973366579,0.1009480033965017,0.01317532855884485,0.10522769434782787,0.015828889079025393,0.2213088541275079,-0.02766117435915369,-0.01242100368820333,0.0003976496766500897,-0.00028064514329737174,0.00040772856933464903,0.0001806832657867499,-8.667501758738545e-05,0.011345025582871955,0.015963136374210485,0.003982963338140977,0.4726683601884162,-6.386867218019049e-05,0.3143022027518795,nan,nan,nan,nan,nan,nan
280,1.404999999999992,Standing,0.6879278701432588,0.49986494494324246,1.571919264812775,-1.9475127723412382,0.003863387893280265,-0.41341796549888327,-1.5795668164853531,0.7761482160660043,0.01988853120808241,0.025803576974880584,0.013930526179056343,0.02735657299216792,-0.35888594787390676,0.010640112812282988,-0.02149102272390912,-0.3950237798771365,-0.024018264531512023,-1.5761612762253954,0.0018009138083965317,-0.4175270264242674,-1.8350115765161568,-0.5799043682655997,0.013136092319825897,0.024536637010009084,0.000720384516620571,0.024952014429469323,-0.3802801631313124,-0.007884908469787538,-0.019874182845746324,-0.39281697063894444,0.023491447741694114,-0.024795635060152237,-0.057245862959934495,0.07609031818226539,-0.02877785530300934,-0.060641584086039806,-0.07716593862689693,0.4549977784035157,0.05502448795434507,0.0006128623033479208,-0.04301194577951729,0.0011368922474896488,0.003537540645802406,0.21334453913279042,-0.03344683903183752,0.005681010554878878,0.0003967538373717321,0.0059460610962348785,0.0009064073818394515,0.018205500877350886,0.0021648244927781795,-0.0010286987615226305,-0.0008779516027696493,-0.00021549173914113513,-1.2684080257185544,0.03624889825278292,0.04412574372197784,2.6059081943236766,0.4483892810362957,0.09753060813467097,0.01314518951399039,0.10117805107860184,0.016537997889807678,0.21703734893587337,-0.027126752802131754,-0.012545095410312996,-9.048455846560226e-05,-0.0002114105693876001,0.00042068513150580263,0.00018517516254012403,-9.188419197851681e-05,0.0116057173497907,0.016119026745945068,0.004040814425608722,0.4745704878437715,-6.389127526305884e-05,0.3144287014599887,nan,nan,nan,nan,nan,nan
281,1.409999999999992,Standing,0.6902317349793313,0.5001504247279481,1.57192055981731,-1.9477410556589696,0.003869256555467082,-0.41339960696635497,-1.578464841696618,0.7759364678194898,0.019918000247814243,0.02580560294967236,0.013961406156727184,0.027361254035042352,-0.3587917573998121,0.010651309338864072,-0.02149633852778009,-0.3950283158013746,-0.024019379358652684,-1.5826024948060309,0.0019714126570154994,-0.417311786415767,-1.822128739007609,-0.5796026331700697,0.013609801340846385,0.02460207529997174,0.0012083719090212144,0.025038159287598737,-0.3792060562001052,-0.008019029719114872,-0.019938700149171224,-0.3928233367389731,0.023491587145554826,-0.02479346268577824,-0.057244724250584335,0.07608979362566824,-0.028718500286990956,-0.06056023471471028,-0.0771454411422452,0.46077296721448524,0.05709595694113993,0.0002590009069941247,-0.045656663546265484,0.0011737324373632986,0.003671706505654438,0.22039495774702755,-0.04234964930289411,0.005893807946366853,0.0004051949583551122,0.006175995534168203,0.0009362085748864969,0.018838094818930767,0.0022393053162169307,-0.0010631607741943083,-0.0009071848476182847,-0.00022296542813238639,-1.2882437161271065,0.0340997697237935,0.04304800170008145,2.576567501709539,0.06034701910600748,0.09474180420409763,0.013087657992531235,0.09759747848012867,0.01722897162588276,0.21482138624143915,-0.02682424986546689,-0.012903460684979884,-0.0012732200057239819,2.7880772142466702e-05,0.00043447487479960956,0.00022774187003252703,-0.00010491131942791207,0.011871003203677063,0.01626987426590461,0.004099496930345163,0.4764949675482161,-6.391922685778947e-05,0.3145809460916065,nan,nan,nan,nan,nan,nan
282,1.4149999999999918,Standing,0.6925663304368792,0.5004378406215299,1.5719188955410903,-1.9479906935533393,0.0038752508246733173,-0.4133807663504777,-1.5773407265959405,0.7757124718494991,0.01994836414572748,0.02580763649313298,0.013993290648591351,0.0273660623580106,-0.3586954737056758,0.01066275200213132,-0.02150176205314478,-0.3950329457422951,-0.02402051889410826,-1.5891468203465537,0.002133271225909195,-0.4170996861662084,-1.8093314006463725,-0.5810275150160463,0.014073230381318287,0.02466626648962687,0.0016831998001898575,0.025127027832217184,-0.37813873018108474,-0.008152124317352306,-0.02000542339021546,-0.3928364476661934,0.023493121450156244,-0.024791173226851513,-0.05724325988076028,0.07608918202662499,-0.02865779750061093,-0.060478088401926804,-0.07712463392183641,0.46691909150957794,0.05748317871634083,-0.00033285524396256804,-0.04992757887396078,0.0011988538412470745,0.003768123175450866,0.22482302013549754,-0.04479919399814612,0.006072779582646724,0.0004067086921242396,0.006376898372833486,0.000961664593649655,0.01925673882726766,0.0022885326534498223,-0.0010847050729381302,-0.0009259881840955726,-0.00022790709111495576,-1.3088651081045897,0.032371713778739146,0.042420049911722144,2.5594676722472904,-0.28497636919533226,0.09268580809438039,0.012838237931026134,0.09496557823372863,0.017773708923689194,0.21346520380409728,-0.026618919647486763,-0.013344648208846845,-0.002622185444070975,0.00030686092028384793,0.00045789178534480675,0.00029287396481015497,-0.00012231980865155212,0.01214055727600523,0.016429262556695017,0.004161444081756664,0.4784422526186984,-6.395111800772631e-05,0.31475207822094875,nan,nan,nan,nan,nan,nan
283,1.4199999999999917,Standing,0.6949331710459611,0.5007184257958979,1.5719137982950047,-1.9482691689785705,0.0038813022930434113,-0.4133616580764137,-1.5762078719730122,0.7755083864377025,0.019979418407105917,0.025809647317825757,0.01402597143355637,0.02737097693600096,-0.35859822514907125,0.010674307714845828,-0.021507226699953644,-0.3950376160114018,-0.024021669794985163,-1.595797341673627,0.002288012746268433,-0.41688901077384544,-1.7965808925501203,-0.5837031940080123,0.014529244701991233,0.024728445532310663,0.0021483880605953974,0.025217946128195213,-0.37707529628196645,-0.008284512462016915,-0.020074326433780102,-0.39285484719886027,0.023495692599633553,-0.024788688799967564,-0.05724147259819145,0.07608848054656418,-0.028595730347408404,-0.060395107628687064,-0.07710350331498589,0.47336812181637733,0.05611703487361113,-0.0010194492171188045,-0.05569508504622875,0.0012102936740187864,0.0038216548128049642,0.22657092458564598,-0.04081708235931491,0.006210852275687456,0.000402164938555301,0.006536156993003713,0.0009829155980716172,0.019449711320904284,0.002311142542901344,-0.0010929293617729257,-0.0009340538213469499,-0.00023018017538072348,-1.3301042654146766,0.03094830407184765,0.04213507847259263,2.55010161925046,-0.5351357983931984,0.09120286413458921,0.01243580853675851,0.09303765208110795,0.018183659195605727,0.21268677982365408,-0.026477628932921802,-0.013780608712928787,-0.0036799065333687282,0.0005142298954615758,0.0004968853767895268,0.00035745651376585557,-0.00014029601215939934,0.012413430640504996,0.016596154647947853,0.004226121370103342,0.48041348838829323,-6.398516088068278e-05,0.3149333756153523,nan,nan,nan,nan,nan,nan
284,1.4249999999999916,Standing,0.6973334342657627,0.5009836403582375,1.5719053299885373,-1.94858243527271,0.003887337846901706,-0.41334250735235833,-1.575079445076995,0.7753528302564622,0.020010935421231068,0.025811609626511266,0.014059187804610374,0.027375976704312643,-0.35850114367599256,0.010685843013528101,-0.021512666849297007,-0.3950422734091586,-0.024022818681315988,-1.6025557628154157,0.00243663452471424,-0.4166786292421139,-1.7838597379390622,-0.5869761026930719,0.01497986842275004,0.024788045709531675,0.0026067587453511547,0.02531037256321413,-0.37601434366738173,-0.00841635287801833,-0.02014516895590861,-0.3928763503300483,0.02349876481207865,-0.02478592551114118,-0.05723943351383927,0.076087695735044,-0.02853228362608575,-0.06031127895360965,-0.07708204188545172,0.48005264396030645,0.053042912467934085,-0.0016936612934689912,-0.06265325882786285,0.0012071107716590012,0.0038301448110718696,0.2256853792034557,-0.03111123624805662,0.006303402825030411,0.00039246173710166414,0.006643274210800807,0.0009999536623365609,0.019416294615737077,0.002307059736454815,-0.0010880298686729122,-0.0009314795513619484,-0.00022977726616468485,-1.3516842283577222,0.02972435568916136,0.04207630634630389,2.5442309222116286,-0.6545817370119099,0.09012474415176136,0.011920035444202733,0.09167413695115144,0.018485287003782967,0.2121905229169453,-0.02636808320028297,-0.014168504425701788,-0.004300626237604709,0.0006144424890190063,0.000552657765277195,0.00040781687043671216,-0.00015696230403899382,0.01268934426453068,0.01676573501548216,0.004292285906835258,0.4824099496409201,-6.40194654461891e-05,0.3151156674148432,nan,nan,nan,nan,nan,nan
285,1.4299999999999915,Standing,0.699772316670985,0.5012056490221587,1.5718894712003302,-1.9489615697123042,0.0038932601192465193,-0.4133236790314257,-1.5739820796200517,0.7753208108429701,0.020042553292975333,0.02581344736564612,0.014092529408373376,0.027380997218978548,-0.358406419923914,0.010697098740440067,-0.021517950077456362,-0.39504681117087614,-0.024023939606429928,-1.6095733751432502,0.002582525383197089,-0.4164654775470449,-1.771218713542936,-0.5879312685491459,0.01542880004471333,0.024843114809542172,0.003062597960745453,0.025402513507074474,-0.3749612166373804,-0.00854701243801149,-0.020217280865149848,-0.3928986699042799,0.023501773784800135,-0.024782703413421175,-0.057236712710446065,0.07608671149474229,-0.028466943553486508,-0.0602242929172168,-0.07705968547611058,0.4877764810444882,0.044401732784236175,-0.003171757641410234,-0.07582688791885533,0.0011844544689625885,0.0037656641865287358,0.2194730913886388,-0.006403882698414503,0.006323574348853227,0.00036754782697108403,0.006668320752600353,0.0010041029331808856,0.018944750415711968,0.0022511453823933093,-0.0010566456318709303,-0.000907552343515124,-0.00022418502278821558,-1.403522465566905,0.029178171696569825,0.04263033901380675,2.5282048792252194,-0.19103317121479513,0.08978632439265805,0.011013820002099385,0.09116784307885963,0.018428188772068744,0.21062540600025997,-0.026131911998631817,-0.014422381848247552,-0.004463914846320596,0.0006017945442973229,0.0006444195440006465,0.0005441606786414086,-0.0001968480603422832,0.013068014519848466,0.01739720727857066,0.004471281868227146,0.48443299144806784,-6.405217870027711e-05,0.3152899664532467,nan,nan,nan,nan,nan,nan
286,1.4349999999999914,Standing,0.7022493634490423,0.5013789776322063,1.5718696579603193,-1.9494050410606227,0.0038989546461570463,-0.4133054797799672,-1.572929153792176,0.7754121710872254,0.02007406228134958,0.025815146914510072,0.014125580382477609,0.027386032319335663,-0.3583152714942559,0.010707931605548988,-0.021523008377168504,-0.39505117536043705,-0.02402501821372555,-1.61679404386992,0.0027239378433147206,-0.41625207840819717,-1.7587050721302564,-0.5860074005892952,0.015874041596351793,0.024894192564009175,0.0035137414875711743,0.025494631432563423,-0.37391873942520526,-0.008676157241152133,-0.02028966457702827,-0.39291722226286013,0.023503565437997215,-0.024778930947734406,-0.05723361847340498,0.07608557983989568,-0.028399719126320496,-0.060135049639567076,-0.07703664445278055,0.49540935561144966,0.03466572200952357,-0.003962648002174343,-0.0886942696637293,0.001138905382105414,0.003639850291701439,0.21058516557513346,0.01827204885105574,0.006301797674848991,0.0003399097727901367,0.006610194820846561,0.0010070200714231278,0.018229685931617924,0.0021665730217841107,-0.001011659942428337,-0.0008728379121825897,-0.00021572145912432018,-1.4441337453339578,0.02828249202352628,0.04267982776954384,2.5027282825359203,0.3847735919701244,0.08904831032769228,0.010215550893400377,0.0902287053651443,0.018423585097789772,0.20849544243502818,-0.025828960628128825,-0.014476742375684299,-0.0037104717160470176,0.000358330639416438,0.0007544931373541712,0.0006188474082161341,-0.0002263309693220908,0.013444885433202068,0.017848655529945304,0.004608204666007207,0.4864813075743931,-6.407832539026549e-05,0.31543180226052986,nan,nan,nan,nan,nan,nan
287,1.4399999999999913,Standing,0.7047644137931498,0.5015025375264553,1.5718490162388874,-1.9499069476368234,0.003904344300195844,-0.4132880867223274,-1.571926788300502,0.7756112686085445,0.020105220910192144,0.02581671685191324,0.01415798179518268,0.027391073246450244,-0.3582283285541522,0.010718267625434132,-0.021527819585586586,-0.3950553359119506,-0.02402604708384164,-1.6241811438057192,0.0028597411990748216,-0.41604044687889064,-1.746198859625993,-0.5827211800828793,0.016313489897085576,0.024943407777801185,0.003957718843855923,0.025588307819661843,-0.3728757422024801,-0.00880511181332894,-0.02036253714089938,-0.39293062346576085,0.023503783387374324,-0.02477456367586591,-0.057230490018666334,0.07608436269989992,-0.028330564620561643,-0.06004428876222343,-0.07701308382114573,0.5030100688214894,0.024711978849814936,-0.004128344286392024,-0.10038131524013999,0.0010779308077595241,0.0034786115279538104,0.20047309833481197,0.03981950426380931,0.006231725768512865,0.0003139874806340064,0.0064802825410143015,0.0010081854229158662,0.017388588020737675,0.0020672039770287735,-0.0009622416836164507,-0.0008321103027108717,-0.00020577402321778315,-1.477419987159846,0.02716067115202016,0.042326305861311996,2.5012425008527015,0.6572441012831791,0.08788966014675693,0.009843042758401825,0.08879547125694986,0.018735277419684216,0.20859944454503582,-0.0257909144353613,-0.014574512774221822,-0.0026802405801416157,4.3589875421663456e-05,0.0008734543736991878,0.0006256909477295056,-0.00024342799915304123,0.013830901151770924,0.0181521754687284,0.004712126326965101,0.48855820600381406,-6.409648304595891e-05,0.3155343446988181,nan,nan,nan,nan,nan,nan
288,1.4449999999999912,Standing,0.7073177131075643,0.501578885275733,1.5718301277695177,-1.9504580739350363,0.003909387014135352,-0.4132715799392345,-1.5709758858761307,0.7758865650474359,0.02013585219435138,0.02581817382167949,0.014189446138912279,0.027396110474864684,-0.3581457727680067,0.010728085681398684,-0.021532388290998267,-0.39505928345820085,-0.024027024093799882,-1.631715437750421,0.0029898467638960436,-0.41583045946445135,-1.7335041307578658,-0.5805477444379037,0.016747085206678416,0.024992873213481193,0.00439535228021968,0.02568521558424011,-0.3718148699949463,-0.008935956496165106,-0.020436932053378917,-0.39294217544417,0.023503247573106564,-0.02476963379120953,-0.057227525437885694,0.07608310416992634,-0.028259432242473223,-0.05995248382660333,-0.0769891030622337,0.5106598628828978,0.015269549855530444,-0.0037776938739203765,-0.11022525964258229,0.0010085427879016331,0.0033013566185829974,0.1901804848742435,0.05505928777829486,0.006126256831847179,0.00029139395325029004,0.006292868745919787,0.0010074456828881475,0.01651115722910163,0.0019636111929105045,-0.0009137410823359907,-0.0007895092500580165,-0.00019540199164828364,-1.5068587889403473,0.026021112964244426,0.04199748288785829,2.538945773625453,0.4346871289951335,0.08671906191856818,0.00989308713600175,0.08752668727275136,0.019381552915652786,0.2121744415067591,-0.026168936567233216,-0.014878982495908006,-0.0023103956818220465,-0.0001071628535520664,0.000985976931276163,0.0005929161561273397,-0.00025170599471725303,0.014226475617683634,0.018360987124020258,0.004796151782408308,0.4906645278139848,-6.410599271905787e-05,0.3155946167802476,nan,nan,nan,nan,nan,nan
289,1.449999999999991,Standing,0.7099099151647625,0.5016093145304001,1.571813979439675,-1.9510503922629356,0.003914059965467621,-0.41325604610118694,-1.5700800671064614,0.7762058273947146,0.020165761192464854,0.025819522310815416,0.014219711345861056,0.027401120769246383,-0.35806795442190625,0.010737344380326124,-0.02153669471339155,-0.3950630029945274,-0.024027945104729057,-1.6393947316113686,0.003115140676531838,-0.4156195364930829,-1.7205833900614858,-0.5799462117018017,0.017177629287265104,0.025042102852984936,0.004831131189172201,0.02578488534350292,-0.37073279041798135,-0.009069124016163705,-0.020513255200130222,-0.3929573962411771,0.02350333621750681,-0.024764223539184428,-0.057224687163910125,0.07608181098616233,-0.028186276311532154,-0.059859782486933966,-0.07696472750152936,0.5184404114396454,0.006085850933417174,-0.0032296659685178437,-0.11846366557986833,0.0009345902664538189,0.003106767609520949,0.1791637539338488,0.06385246945572882,0.005981799622694161,0.0002696978271851584,0.006053041389755343,0.0010020588763400642,0.015563669220090509,0.001851739785488121,-0.0008612844786563593,-0.00074390726531123,-0.00018420218583491054,-1.535858772189521,0.025058782527158863,0.042184594273681715,2.5841481392760324,0.1203065472203837,0.08610881611733755,0.009845927900748811,0.08715578179050423,0.019933951852562623,0.21641591539298205,-0.02663350399971985,-0.01526462935026129,-0.003044159401416732,1.7728880049485546e-05,0.001082050405020762,0.0005676547951145236,-0.00025863675280039144,0.014631186188214003,0.01854026793387193,0.00487511214086784,0.4927998701799051,-6.41069577494346e-05,0.31561331259016157,nan,nan,nan,nan,nan,nan
290,1.454999999999991,Standing,0.7125403733568599,0.5015856667978376,1.5717987594815843,-1.9516797002530692,0.003918299578664549,-0.41324185953031856,-1.5692647953901728,0.7765590272678634,0.02019452386606679,0.025820710836452886,0.014248346462727332,0.027406040593587238,-0.35799691853883087,0.010745801347976817,-0.02154057756250812,-0.3950664069978885,-0.024028785890114174,-1.6471100060387518,0.003227461140149336,-0.41542279041340346,-1.7080974688864545,-0.585299818716794,0.017590176948883915,0.025091906784979,0.005251015079849784,0.0258879211335898,-0.3696777640223197,-0.009198927172697179,-0.020588300707885473,-0.39297714438709247,0.023504247217971237,-0.024758409038117053,-0.05722174826525282,0.07608045982991804,-0.02811144076415155,-0.059767937906862745,-0.07694038457920964,0.5260916384194734,-0.004729546512522933,-0.0030439916181430986,-0.12586159802674,0.0008479226393855013,0.0028373141736736393,0.16305434325769602,0.07063997462976053,0.005752534720387195,0.00023770512749401716,0.005727023373255149,0.0009839648681709337,0.014207176615074138,0.0016913935301384165,-0.0007765698233145105,-0.0006808006722156347,-0.0001681570770231634,-1.5430548854766342,0.022464092723499588,0.039349215935889234,2.497184235006259,-1.0707214029984617,0.08250953232376207,0.009960786398812597,0.08397677813551656,0.020607158017375657,0.21100527913232908,-0.025960631306694727,-0.0150091015510498,-0.003949629183072783,0.00018220009288529118,0.0011629002134752547,0.0005877797314611452,-0.0002702312488589569,0.01496710947612066,0.018368916014244223,0.004868584463942511,0.4949651220973124,-6.409959826636872e-05,0.3155913886683694,nan,nan,nan,nan,nan,nan
291,1.4599999999999909,Standing,0.715209847999263,0.5014967184078296,1.571782691985514,-1.9523496357746581,0.0039220078003735885,-0.41322939694300986,-1.5685545942393562,0.7769405771035401,0.020221592424919402,0.02582169907923654,0.014274886678630036,0.02741080292206634,-0.35793469892311297,0.010753215501148604,-0.021543910245457893,-0.3950693977630694,-0.02402952235822203,-1.6548743515787263,0.0033280214426813512,-0.41523659569909255,-1.6964766381023597,-0.5922683448696714,0.01798852747031379,0.02513635533227562,0.005654435408483916,0.025988742449419892,-0.36869050132073294,-0.00932049589779642,-0.020660276654224926,-0.39300673432289246,0.02350748178380348,-0.024752223336575285,-0.05721846415644007,0.07607899812422196,-0.028035011429173355,-0.059676746905283934,-0.07691601886358879,0.5338949284806116,-0.017789678001597878,-0.003213499214060425,-0.13398710431778532,0.0007416443418079569,0.002492517461742989,0.14204023016332085,0.07630996713533521,0.005413711770522368,0.0001976485567307411,0.0053080431805406815,0.0009524656958205394,0.012443923143575295,0.0014828306343572795,-0.0006665365899539936,-0.0005981530361845723,-0.00014729362157111397,-1.552869107994886,0.020112060506403046,0.03723894286218303,2.324166156818965,-1.3937052305754765,0.0796701042859748,0.00888970945932387,0.08068406572682633,0.020164263166018666,0.19745254031735607,-0.02431374501984826,-0.01439518926789069,-0.00591798715999834,0.0006469131664489044,0.0012371403083536587,0.0006568217625503134,-0.000292341139215121,0.015285866995638473,0.018238200315761784,0.004873143124171409,0.4971630363954918,-6.408543752947465e-05,0.3155355955682893,nan,nan,nan,nan,nan,nan
292,1.4649999999999908,Standing,0.7179188451008807,0.5013362709903415,1.5717660828404176,-1.9530608141894492,0.003925077331638945,-0.41321896575893524,-1.5679668818403534,0.7773290319132597,0.020246480940966868,0.02582246623891196,0.014298878914096508,0.027415353404273896,-0.35788281074161643,0.010759407522497237,-0.02154662271077196,-0.39507189826843403,-0.024030136597244088,-1.662692844241963,0.003417355696108345,-0.4150612672568916,-1.6857874865041744,-0.5991242184385019,0.018372230741387094,0.025174459772075615,0.006037383675278007,0.026085833499023953,-0.3677801966254304,-0.009432709282178509,-0.020728713213383137,-0.39304239088417825,0.02351215426368602,-0.024745673877231273,-0.05721485004241662,0.07607741465649825,-0.027957140369615132,-0.0595860363656143,-0.07689157600394345,0.5417994203235227,-0.03208948349762578,-0.00332182901925471,-0.14223568295823313,0.0006139062530713638,0.0020862368149258256,0.11754247980056742,0.07769096194391323,0.004977703209493133,0.00015343193508330843,0.004798447093294227,0.0009100964415111249,0.01037763629931259,0.001238404269726587,-0.0005424930628131311,-0.0005001010729317335,-0.00012284780441185596,-1.5636985326473656,0.017866850685398766,0.03506568844019489,2.1378303196370485,-1.3711747137661014,0.0767406542146613,0.0076208879599990505,0.07658965335881801,0.019418209920812272,0.18206093906051182,-0.02244267687641761,-0.013687311831642051,-0.007131312257155911,0.0009344959765080528,0.001309891868802235,0.0007228228046905214,-0.0003166935447424067,0.015574211911644494,0.018142107933926645,0.004888571929067695,0.49939773537885457,-6.406330772568388e-05,0.31543933785502715,nan,nan,nan,nan,nan,nan
293,1.4699999999999906,Standing,0.7206672671978013,0.501086533640233,1.5717464098923277,-1.9538218258503266,0.003927366277554703,-0.41321113292270384,-1.5675395379438128,0.7777356143563445,0.020268511397339053,0.025822931088937427,0.014319661942106028,0.0274195926348358,-0.35784436810696546,0.010764008331975569,-0.021548515965375395,-0.3950737599490935,-0.02403059172278888,-1.670587771386624,0.0034942848857597675,-0.4149020657497344,-1.6765395523310944,-0.6019851916991849,0.01873727829641988,0.02520327030636619,0.006393701238281124,0.026176047643752337,-0.366990541506329,-0.009530375541896773,-0.02079056670167923,-0.39307667663622736,0.023516440912778647,-0.024738696144186927,-0.05721082870200646,0.07607568658177234,-0.027877901214032098,-0.059495322415573225,-0.07686693839005614,0.5496844193841238,-0.049947470021693315,-0.003934589617993736,-0.15220233217547802,0.0004577891831514794,0.0015665672462750455,0.0854687793081067,0.0813164886169605,0.004406091274437217,9.297000509392905e-05,0.004156605601904113,0.0008478461123810669,0.0076885269301891854,0.0009201618956663029,-0.000378650920687085,-0.000372336131888198,-9.102510895880396e-05,-1.5789854289321674,0.015385837930284476,0.0318403014314407,1.849586834615986,-0.5721946521365864,0.07300951100655731,0.0057621068581147445,0.07126351260062352,0.018042828945676406,0.15793102382028193,-0.01953325194365281,-0.012370697659218534,-0.006857150409817736,0.00085732981852503,0.0013955466088692776,0.0008042680820324331,-0.00034561494518365015,0.015847831116606807,0.018142790008214827,0.004927522777460983,0.5016708581840092,-6.403188955845734e-05,0.31529612081018005,nan,nan,nan,nan,nan,nan
294,1.4749999999999905,Standing,0.7234553442193297,0.5007414730629591,1.5717253742542008,-1.954635159988133,0.003928744652201727,-0.41320622298176485,-1.5672889474399865,0.77813743651,0.02028712284900539,0.025823079800199357,0.014336674856899297,0.027423459719259892,-0.35782087778341654,0.010766839999273133,-0.02154953951166298,-0.39507490484276253,-0.024030869966871402,-1.6785739841055134,0.003559037001833481,-0.4147619707302142,-1.6685529552086171,-0.6013183189542126,0.019078713632157917,0.02522555839280208,0.006711972853795003,0.02626062345393761,-0.3663086344635635,-0.009614931451488479,-0.020846494191561735,-0.393101853276216,0.02351838720149637,-0.02473124817633821,-0.05720656432373915,0.07607383295049354,-0.0277973508215153,-0.0594043001128817,-0.07684201667360771,0.5576154043056745,-0.06901211545477033,-0.004207127625406775,-0.1626668275613021,0.00027567492940478366,0.0009819881878006375,0.05011810076529343,0.08036443073109698,0.0037222903332676067,2.9742252386279357e-05,0.0034025829586537015,0.0007734168848184167,0.0046980647097812885,0.0005663334595129488,-0.00020470925751692987,-0.00022897873380522965,-5.5648816504310764e-05,-1.5972425437778976,0.012950423214742745,0.0280190039040314,1.5973194244954718,0.13337454899444623,0.06828706714760728,0.004457617287178403,0.06365432310277572,0.016915162037054343,0.1363814085531025,-0.016911181918341192,-0.01118549797650171,-0.00503532799773206,0.0003892577435447631,0.0014895935697434588,0.0008528756534618796,-0.00037072625576012184,0.01611007850336,0.018204460538305246,0.004984343289685479,0.5039846029045101,-6.398904725451871e-05,0.31509501905301507,nan,nan,nan,nan,nan,nan
295,1.4799999999999904,Standing,0.7262837018165631,0.5003013667698454,1.5717055467743113,-1.9554997209378004,0.003929138913439462,-0.4132043809175273,-1.5672198005417686,0.7784986679163917,0.0203019501365218,0.02582291467544304,0.014349462357942187,0.027426902858195327,-0.35781289971583213,0.010767836702359597,-0.021549700447862107,-0.39507530203632624,-0.0240309647761059,-1.6866598643847261,0.003613849329768086,-0.4146387234533528,-1.6614284403898103,-0.59844618667933,0.01939634518997399,0.025244280840092417,0.0069916102747410724,0.026341093104832944,-0.365702763082227,-0.009690125713671706,-0.020898280947215044,-0.39311618201375453,0.023517651224226117,-0.024723314541790577,-0.05720224064376868,0.07607188813091867,-0.027715506027504087,-0.05931283984424581,-0.07681676485220056,0.5656715194466879,-0.0880212586227449,-0.003965495977877722,-0.17291218993348317,7.885224754694141e-05,0.00036841284750779293,0.013829379643574759,0.07224628127833026,0.0029654575032820036,-3.302495126311934e-05,0.002557500208577941,0.00068862778708676,0.0015956135168780868,0.00019934061729273976,-3.218723982586962e-05,-7.943871273891518e-05,-1.8961846899740458e-05,-1.617176055842563,0.010962465586920996,0.02464945537227821,1.4249029637613675,0.5744264549765238,0.06352631156321488,0.0037444894580673724,0.05592748418921388,0.016093930179066473,0.12117427626730165,-0.015038852436645564,-0.010357351130661491,-0.0028657475077041774,-0.00014719545405023055,0.0015867269095261123,0.0008647359940941932,-0.0003889639149731524,0.016368958802242338,0.018292053727176565,0.005050364281430789,0.5063377837332828,-6.393292470428612e-05,0.3148273996517667,nan,nan,nan,nan,nan,nan
296,1.4849999999999903,Standing,0.7291536210376629,0.4997699105067598,1.5716890720388248,-1.956413243114058,0.003928533530256411,-0.4132056124049237,-1.5673293198139604,0.7787792139460885,0.020312796258821094,0.025822443264476073,0.01435769161292844,0.027429873359357402,-0.3578203455930846,0.01076700903744892,-0.021549031294684152,-0.3950749544821132,-0.024030877245134953,-1.6948574123554148,0.003661773055516689,-0.4145270335560104,-1.6547603125418746,-0.5945914099246371,0.019693294411813445,0.025261483812980188,0.007234839522984861,0.026418386503761944,-0.36513948693056064,-0.009759885077963217,-0.020947621889534307,-0.3931227393036987,0.02351514395920761,-0.02471491060299064,-0.057197928091356445,0.07606987617179187,-0.027632317564358414,-0.05922081715430345,-0.07679114334928297,0.5739838442199503,-0.10629125261711775,-0.0032949470973015526,-0.1827044352515019,-0.00012107663661010205,-0.000246297479281954,-0.021903854438385766,0.056109205939374365,0.0021692244598590276,-9.428219339366618e-05,0.0016458509972504065,0.0005941002324147707,-0.0014891754504978466,-0.0001655329821352984,0.00013383063559105208,6.951084260086831e-05,1.7506194189373808e-05,-1.6395095941377353,0.009584745149720611,0.022337979468484006,1.3336255695871282,0.7709553509385756,0.05938984436789081,0.0034405945775545397,0.048645849648757636,0.01545867978580011,0.11265523033327286,-0.013951872858302093,-0.009868188463852602,-0.0013114579888275602,-0.0005014530037012468,0.0016807877599874118,0.0008625104824472993,-0.000402391825359322,0.016637692629134403,0.018404537988473243,0.005124300583516624,0.5087291989812273,-6.386222789985988e-05,0.31448747745046146,nan,nan,nan,nan,nan,nan
297,1.4899999999999902,Standing,0.7320671720676133,0.49915244322738395,1.571677232215427,-1.9573740558803712,0.003926959586514469,-0.41320981866254974,-1.56760977936921,0.7789406011198491,0.02031962165577265,0.02582167216116107,0.014361162897522031,0.027432325213431336,-0.35784267149138665,0.010764421125101795,-0.021547576860249704,-0.3950738890345412,-0.024030613827897927,-1.7031852034291408,0.003705743164179033,-0.4144208142680107,-1.6482355284244201,-0.5905333333435219,0.01997432194314454,0.02527818227798355,0.007438167325340402,0.026492796765676816,-0.3645920174678297,-0.009827217155521678,-0.020995693302898064,-0.39312639091331925,0.02351217433714094,-0.024706069452800985,-0.057193572669918084,0.07606780014727672,-0.027547669295648454,-0.059128047168187405,-0.0767651021395902,0.5827102059900696,-0.1234934558751632,-0.002367964679557166,-0.1921625532626549,-0.00031478874838845004,-0.0008412515252070764,-0.056091911049920215,0.032277434752122316,0.0013650793903110618,-0.00015422066300082871,0.0006942569187184478,0.0004903708147867161,-0.004465179660404177,-0.0005175824694248704,0.0002908868868893874,0.0002130895144048494,5.268344740553016e-05,-1.665558214745198,0.008794021732468765,0.02124385759993517,1.304956823490888,0.8116153162230483,0.056205506266219334,0.003339693000672531,0.04066556047110824,0.014882052382974442,0.10949389254619134,-0.013466415511692371,-0.009614282672751518,-0.0007303219241137482,-0.0005939244133341772,0.0017682300379307043,0.0008710842876722876,-0.00041520490302879884,0.01692965374199172,0.018553997223208572,0.005208241938553355,0.5111582442235284,-6.377638701831282e-05,0.314072865811579,nan,nan,nan,nan,nan,nan
298,1.4949999999999901,Standing,0.7350261541927476,0.4984553264228768,1.5716705754973,-1.958378888433014,0.003924463728461525,-0.41321687950458685,-1.568053684062088,0.7789486595621035,0.020322491119648296,0.02582059849100267,0.014359773657466999,0.02743421381240738,-0.3578792880597067,0.010760142118197815,-0.02154536996542653,-0.3950721359806733,-0.024030181487241477,-1.711655750980704,0.0037478528575501232,-0.4143158482725487,-1.6416595717613942,-0.5867043695795111,0.0202443293916607,0.02529469913727941,0.007623191647181696,0.026564746718152836,-0.36404286608532455,-0.009894402887540996,-0.0210431668569894,-0.3931313474218969,0.023509791026505935,-0.02469683196086719,-0.05718912246712329,0.07606566101703692,-0.027461427567731567,-0.05903448129387219,-0.07673862507940661,0.5917964250268737,-0.13942336090142207,-0.001331343625441039,-0.2009665105285699,-0.0004991716105888107,-0.001412168407421184,-0.08878093857556713,0.001611688450876985,0.0005738927751290661,-0.00021473403168003347,-0.00027784801100642074,0.0003777197952086589,-0.0073233136640040615,-0.0008558013807959757,0.00044137896463485954,0.00035061077358395694,8.646813129001263e-05,-1.6941095103126458,0.008421938674218045,0.020993199092396216,1.3151913326051985,0.7657927528021601,0.05400148970323148,0.0033033718591724205,0.03700486436825877,0.014389990495204289,0.10983027650103248,-0.01343714640386346,-0.009494710818267268,-0.000991301715533006,-0.000476662127000746,0.0018474983867592493,0.0008900405589584533,-0.00042782604796139887,0.01724834558337751,0.018713174863042532,0.005295412036717812,0.5136251814104931,-6.367553018226226e-05,0.3135844159084442,nan,nan,nan,nan,nan,nan
299,1.49999999999999,Standing,0.7380327787431181,0.4976867102475377,1.5716693478835615,-1.9594246324213032,0.003921115209444267,-0.4132265923527523,-1.5686489521016869,0.7787730854535634,0.020321455664186586,0.025819239775225596,0.014353556658561745,0.027435504326239812,-0.3579292110053911,0.010754287821883632,-0.02154246599229756,-0.39506974422768654,-0.024029591853909876,-1.7202853438222714,0.0037895747950153465,-0.4142087426922495,-1.6348667178131329,-0.5836639202354431,0.02050790584398878,0.025311382662476803,0.007805700082144296,0.026634806303218156,-0.3634768920488498,-0.009963378570369332,-0.021090777776417033,-0.3931404034540436,0.0235086065626903,-0.024687233201866974,-0.05718455446097692,0.07606345714538736,-0.027373427151417162,-0.05894004256213278,-0.07671168552418826,0.6013249100741054,-0.15372323506782434,-0.00024552274768064393,-0.20914879765782882,-0.0006697038034516286,-0.0019425696330808097,-0.11905360791976918,-0.03511482170801471,-0.00020709109234174315,-0.00027174315541424865,-0.0012433997810505925,0.0002581027664866134,-0.009984589136883455,-0.0011708592628364473,0.0005807946257934146,0.0004783505973589918,0.00011792666632030082,-1.7259185683134575,0.008344387493044694,0.0214211160598421,1.358570789652272,0.6080898688135937,0.05271529046561666,0.003336705039478375,0.03650168699252006,0.014011917013064147,0.11319480729494502,-0.013795136565667165,-0.009522183885526546,-0.0018112064293342887,-0.00023689276312731258,0.0019197518000434051,0.0009136012292747116,-0.00044077432991402563,0.017600083262881008,0.018887746347881252,0.005387911043670412,0.5161307418842008,-6.35603504518139e-05,0.3130256922061969,nan,nan,nan,nan,nan,nan
300,1.50499999999999,Standing,0.7410895017540259,0.4968553947431997,1.5716732722474551,-1.960508552621406,0.003916998250993288,-0.41323871252297656,-1.569381544568402,0.7783924218561267,0.02031671193878971,0.025817605529562918,0.014342658883702102,0.027436168985360394,-0.35799126415376986,0.010746996616159422,-0.021538927129865708,-0.3950667717273032,-0.024028858816140187,-1.7290871707820035,0.003831423258508037,-0.4140979738004945,-1.627765123833949,-0.5823727108973962,0.020768326779095198,0.02532863804168645,0.00799594902673886,0.026703721422096868,-0.36288472202000144,-0.010035363031632424,-0.021139073513158642,-0.3931550860431905,0.023508882894320685,-0.02467729707287667,-0.05717987629102455,0.07606118892757345,-0.02728350083595243,-0.05884472493061822,-0.07668427045869919,0.6113446021815561,-0.16626310086760168,0.000784872778735555,-0.21678404002059876,-0.0008233916901957335,-0.0024240340448570675,-0.14651849334303185,-0.07613271948734034,-0.0009487450793751259,-0.0003268491325359486,-0.0021795549719284425,0.00013293182411668684,-0.012410629675756572,-0.001458241144841858,0.0007077724863702326,0.0005945000766682672,0.0001466075539376164,-1.7603653919464222,0.008369692698538104,0.022153778350996224,1.420318795836754,0.25824186760937745,0.052084187021283535,0.003451075841929459,0.038049788918912864,0.013783023775742018,0.11843400576967703,-0.014396892252618396,-0.009659147348321694,-0.0029365178293740387,5.526632607718939e-05,0.0019872257980608475,0.0009356339904751594,-0.0004536435627802563,0.017985263092946503,0.019063526302912703,0.005483013097813771,0.5186757537306217,-6.34320579658802e-05,0.3124028040823753,nan,nan,nan,nan,nan,nan
301,1.5099999999999898,Standing,0.7441968731587404,0.496052559973377,1.5717027766128067,-1.9615602941130834,0.003912572471549259,-0.41325150225777646,-1.5701181298708622,0.7775739705739003,0.020309695299524682,0.02581603838661583,0.014328384374861381,0.027436426283770767,-0.35805496544891113,0.010739509361303691,-0.02153542704565094,-0.3950637304766892,-0.024028106507565098,-1.7377417397912336,0.0038700282141732253,-0.4139854898067808,-1.6204086627706442,-0.5835537907998452,0.021027699727080087,0.025346196915831693,0.008198892801530092,0.026771752432348597,-0.3622691425764219,-0.010110100201726976,-0.021187901445284214,-0.3931762732811308,0.023510744208377198,-0.024667323941081468,-0.057176387657388826,0.07605916965449872,-0.027192668805120217,-0.058754065622215794,-0.07665770802583981,0.6214742809428969,-0.16056695396453627,0.005900873070317233,-0.21034829833547575,-0.0008851558888057239,-0.0025579469599780204,-0.14731706049202514,-0.16369025644527363,-0.001403327853005832,-0.0003134285894175677,-0.0028549017681442626,5.1459682074384274e-05,-0.012740259028250225,-0.0014974509711462001,0.000700016842953772,0.0006082501228015468,0.00015046171501798884,-1.7309138018460168,0.007720991133037668,0.022496798742738657,1.4712922126609504,-0.2362159804897906,0.051874589596977834,0.00351177482904838,0.04058875495824642,0.013606202050345954,0.12311588871590735,-0.014947434018910312,-0.009765586425114513,-0.004237447588058044,0.00037226281130272134,0.0019946263590409595,0.0006977267271447925,-0.0004038546149480545,0.0181664061664428,0.018131861680485063,0.005312486571875036,0.5212611819651803,-6.329236981030054e-05,0.31172429774180044,nan,nan,nan,nan,nan,nan
302,1.5149999999999897,Standing,0.7473595454131268,0.49526453620893346,1.571738589777809,-1.9625907352629033,0.003907977534626245,-0.4132648319059957,-1.5708797560361305,0.7764107354287911,0.020300940617835404,0.025814357600162,0.014311242160357292,0.027436151483002814,-0.35812133984413447,0.01073170198950301,-0.02153182592243581,-0.39506056443975407,-0.024027322584300223,-1.746386109558221,0.003908188692006873,-0.41386769742816926,-1.6128146692431118,-0.5856874557210036,0.021291239956178237,0.025362335010321937,0.008418707777894057,0.026837845539693327,-0.36163253877728896,-0.010187334065237367,-0.021237412831766445,-0.39320454459097054,0.023514301319661257,-0.024657433571932886,-0.05717331073244358,0.07605724644579737,-0.027100762939718352,-0.05866574681219966,-0.07663144644114088,0.6325344508772698,-0.15760475288870612,0.007162633000443872,-0.20608822996396733,-0.0009189873846028048,-0.00266592964384767,-0.15232523305365428,-0.23264702902184808,-0.001750936337855755,-0.00033615729076590117,-0.003428442900817882,-5.4960153591010206e-05,-0.013274879044666003,-0.0015614743601360427,0.000720224643026239,0.0006332073870240017,0.00015678465297526363,-1.7288739533974615,0.007632095566729556,0.023558475722309454,1.5187987055064731,-0.4267329842316759,0.05270804581963027,0.0032276188980489475,0.04396299527279302,0.013218621468946331,0.12732075982659236,-0.015446772702078095,-0.009902277296445973,-0.005654261967947018,0.0007114222568119083,0.001978073829716083,0.0006153849890489167,-0.00038464174027066244,0.01838117308037324,0.01766376200322672,0.005252316939784286,0.5239075012713755,-6.315663294692548e-05,0.31106546649280403,nan,nan,nan,nan,nan,nan
303,1.5199999999999896,Standing,0.7505801031421296,0.4944809818483077,1.5717708094540432,-1.9636117124555805,0.0039032301308490037,-0.41327877548341496,-1.5716837076722312,0.7749792729600219,0.020290676169960813,0.025812469669969314,0.014291636548222112,0.027435299047981525,-0.35819143873034676,0.010723448613271978,-0.021528021554276588,-0.39505722017031436,-0.02402649451303943,-1.7550952822547163,0.003946884086422279,-0.4137442115263454,-1.6049533590114249,-0.5884601327904698,0.021560233731767797,0.025377132011033462,0.008655121609198046,0.02690237266731871,-0.36097241184918194,-0.010267384401017354,-0.021288077835253615,-0.39323763544843465,0.023518876766181345,-0.024647716506715045,-0.05716990626587751,0.07605527042039183,-0.0270078171407379,-0.05857817066566073,-0.07660511057257609,0.6441115458005633,-0.15671087212515736,0.006443935246853481,-0.20419543853544736,-0.0009494807554482795,-0.002788715483850496,-0.16079032722011863,-0.2862924937538415,-0.0020528895749182094,-0.0003775860385369341,-0.003921122427035897,-0.00017048700425772862,-0.014019777242455353,-0.00165067524620627,0.0007608736318442275,0.0006688538879419769,0.00016561425215887274,-1.7418345392990602,0.00773907888308137,0.024697180364777145,1.5722620463373742,-0.554535413893245,0.05379875511791214,0.0029594001423047848,0.047282766260797846,0.012905425525076796,0.1320253856214032,-0.01601006715599756,-0.010133000697434006,-0.006618171492821635,0.0009150893040178132,0.0019434130435680458,0.0006808933132147872,-0.0003952050811067147,0.01858915979609053,0.01751522930778606,0.005267173712959256,0.5266106145744321,-6.30235716886577e-05,0.31041995467004374,nan,nan,nan,nan,nan,nan
304,1.5249999999999895,Standing,0.7538596516471966,0.49369223136277196,1.571795115517332,-1.9646364228558386,0.003898305532239018,-0.4132934801806019,-1.5725444811520675,0.7733686132372783,0.020279116049594117,0.025810296968019664,0.014269856622727253,0.027433849904079675,-0.3582662869747357,0.010714627202089455,-0.02152393305593975,-0.39505364731034975,-0.024025610125210782,-1.763912041954335,0.003986546057292028,-0.41361496679991816,-1.5968345433563071,-0.5913053046752271,0.021835319726675677,0.02539046493334876,0.008906883583822208,0.02696548556565972,-0.36028951929562236,-0.010350175511740393,-0.021340097279779643,-0.3932733129926297,0.023523831453999097,-0.024638137646309517,-0.0571658652834409,0.07605317175312686,-0.02691383728944138,-0.05849038529766509,-0.07657847429023287,0.6559097010133866,-0.15775009710714732,0.004861212657747117,-0.2049420800516042,-0.000984919721997097,-0.002940939437389102,-0.1721546959672609,-0.3221319445487032,-0.0023120240733392645,-0.0004345403899295704,-0.004355985098971753,-0.0002898287803696639,-0.01496964887779505,-0.001764282236504457,0.0008176996673670974,0.0007145719929215798,0.00017687756572944862,-1.7633519399237383,0.007932394173949819,0.02584894528544643,1.6237631310235396,-0.5690343769514593,0.05501719898157558,0.0026665844630595144,0.05035239492483259,0.012622579668201957,0.13657851071191776,-0.016558222144607598,-0.010403888905205322,-0.007135508839011619,0.000990937563550149,0.0019157720811054718,0.0008081964873221988,-0.0004197334529949482,0.018795970259303987,0.017557073599126366,0.005327256468644337,0.5293677614716253,-6.289188054714595e-05,0.30978147537322787,nan,nan,nan,nan,nan,nan
305,1.5299999999999894,Standing,0.7571983604996605,0.4928892623709251,1.5718104861578517,-1.965677393867713,0.0038931648090331206,-0.4133090868265666,-1.5734723223538851,0.7716729287523916,0.02026634562095345,0.0258077952191142,0.014246079959663925,0.027431803376724212,-0.35834668496522326,0.01070514287121341,-0.021519506763023343,-0.3950498070775439,-0.024024659941527294,-1.7728598095189025,0.004027209051777637,-0.41348036610082967,-1.5884743320503218,-0.5937166065077516,0.022116336875463515,0.025402357903348997,0.009171708863744419,0.0270274082057904,-0.3595851338037536,-0.010435559555923558,-0.02139358133665055,-0.3933094923149404,0.023528573492538524,-0.024628558917552806,-0.057161317168427775,0.07605096200159796,-0.0268187393774744,-0.0584020150375841,-0.07655143869037474,0.6677417704927895,-0.16059379836937018,0.003074128103951376,-0.20819420237486436,-0.0010281446411794378,-0.0031213291929359987,-0.18556824036352276,-0.3391368969773655,-0.002554085728133273,-0.0005003497810928999,-0.00475533261266543,-0.00040930547109237355,-0.016079598097502104,-0.001896866175209185,0.0008852585832813283,0.0007680465611713345,0.00019003673669755112,-1.7895535129135212,0.00813259889712176,0.026920139817699036,1.6720422611970651,-0.4822603665048857,0.05620342975756756,0.0023785940000471562,0.052965055984441956,0.012384528026135868,0.1408770983737475,-0.017076808836632998,-0.010696811374181605,-0.007235864462142073,0.0009484077078852529,0.0019157457513420716,0.000909623002625268,-0.00044195030577909555,0.019019582393395948,0.017674052016199798,0.0054071199716270125,0.5321774540224795,-6.276008426691844e-05,0.30914285669490493,nan,nan,nan,nan,nan,nan
306,1.5349999999999893,Standing,0.7605956430309188,0.4920628346296945,1.5718173804282227,-1.9667452983366331,0.00388776477191105,-0.41332572474849744,-1.5744751496702372,0.7699882936166904,0.02025235566943394,0.025804941941752223,0.014220374195198808,0.02742916787492028,-0.3584332993353681,0.010694916843792902,-0.021514701374280187,-0.3950456673655268,-0.024023636070544793,-1.781950319303097,0.004068816190573803,-0.41334086362468575,-1.579936960348055,-0.5946668442879894,0.02240313752734871,0.025412388530173437,0.009447740780518162,0.027087958572401476,-0.35886472363470784,-0.010522889594246685,-0.021448289100430652,-0.39334436062109546,0.023532592341897383,-0.02461881365547662,-0.057156561893823156,0.07604868603096858,-0.026722362842439718,-0.0583131155998698,-0.07652399941079932,0.6794565062516479,-0.16528554824611505,0.001378854074217867,-0.21358089378402256,-0.0010800074244140853,-0.003327584386172209,-0.20056546327042912,-0.3369270271402408,-0.0027979903039024243,-0.0005706554723957964,-0.005141152893023436,-0.0005271003607865141,-0.01732287402896867,-0.002045205484101469,0.0009610777486313345,0.000827942403415315,0.0002047741965001493,-1.8181019568388967,0.008321427759233073,0.02790049522878414,1.7074743404533361,-0.19004755604757434,0.05736013037703895,0.0020061253648883566,0.05520638335474853,0.012110073322214563,0.14408203380915358,-0.017466007664625634,-0.01094155275602056,-0.0069736612310110375,0.000803769871771892,0.0019490524152367854,0.0009510549209236016,-0.000455194125876534,0.01927530700693641,0.017779887542860275,0.005487855915084253,0.5350387404353135,-6.262660978056322e-05,0.3084964327287717,nan,nan,nan,nan,nan,nan
307,1.5399999999999892,Standing,0.7640510382747262,0.49120680976031444,1.5718176202137533,-1.96784737611203,0.003882076824395823,-0.41334341327758023,-1.575551766717593,0.7683964841991697,0.020237151973902686,0.02580175023752727,0.01419278663950867,0.027425970854231926,-0.35852610378703526,0.010683953008477937,-0.021509531868919463,-0.3950412299374848,-0.024022538869833528,-1.7911881955068318,0.004110733534028351,-0.4131980537101955,-1.5711319525791347,-0.5951677570504964,0.022693188076476554,0.025422153176782213,0.009730638799798142,0.027148514877359663,-0.3581203435014133,-0.0106130985177696,-0.021504853578399423,-0.39337644958584334,0.02353543297248554,-0.024608785464505824,-0.057151848786791394,0.07604637904546192,-0.026624524387632114,-0.058224016879294474,-0.07649620863183727,0.6910790487614894,-0.17120497387601752,4.7957106098607495e-05,-0.22041555507938468,-0.0011375895030454782,-0.0035377058165596653,-0.215323409471152,-0.3183618835041347,-0.0030407391062502397,-0.0006383408449905832,-0.005517511138027452,-0.00063940413767104,-0.018560890333433073,-0.002192767062993209,0.001033901072145171,0.0008874856083986355,0.00021944014225288707,-1.847575240746954,0.00838346869090961,0.02856198289804927,1.7610015537840646,-0.10018255250140005,0.05801010982556904,0.0019529293217551106,0.056579603855996044,0.0121112609916376,0.1488760266589077,-0.018041784704582717,-0.011312895593753917,-0.006417792949574431,0.0005681261176313055,0.002005638194159494,0.0009426214063521063,-0.00046139710132983417,0.019567690961520567,0.01781974411506448,0.005558155792409115,0.5379513048110994,-6.248976628191983e-05,0.30783388478572177,nan,nan,nan,nan,nan,nan
308,1.544999999999989,Standing,0.7675639808626029,0.4903156489499297,1.5718129306108801,-1.9689878007719586,0.003876082953845144,-0.41336214121282966,-1.5766991572219091,0.7669652096846571,0.020220779240724702,0.025798240674254135,0.014163330181224636,0.02742224584432639,-0.35862490266849173,0.01067227517323579,-0.021504017621667846,-0.39503650463276535,-0.02402137067960977,-1.8005780578682609,0.004152346999736608,-0.4130518372154273,-1.561992838927976,-0.5959720841210397,0.02298576567574964,0.02543235651702693,0.0100198109350425,0.027209657889275228,-0.35734623166626706,-0.010706882599412033,-0.021563532004385794,-0.3934070705864121,0.02353747895078824,-0.02459842235512325,-0.05714724069881227,0.07604404742350226,-0.02652504351398982,-0.05813509391413112,-0.07646812975482799,0.7025885175753502,-0.17823216207695552,-0.0009379205746459771,-0.22808493198568178,-0.0011987741101357882,-0.00374558704988413,-0.22947810086323878,-0.2862549029025297,-0.0032745466355969016,-0.0007019126546272665,-0.005891291656806857,-0.0007450019811065543,-0.019759776291290762,-0.0023355670484291923,0.0011028494503230253,0.000945060943890222,0.00023363804475135251,-1.8779724722858195,0.008322693141651407,0.029243298953646035,1.82782273023174,-0.1608654141086743,0.05851551985461724,0.0020406680489438557,0.05783442704887147,0.012228602383112776,0.1548223670292533,-0.01875681632848664,-0.011735685197274429,-0.006124200113760485,0.0004091956605400839,0.0020726218765150855,0.0009216175958255099,-0.0004663243919318692,0.019896174728458588,0.0177845930326711,0.00561577540185739,0.5409136571909937,-6.234817429028582e-05,0.307148634922064,nan,nan,nan,nan,nan,nan
309,1.549999999999989,Standing,0.7711339674249946,0.4893842497880677,1.5718047604260015,-1.9701682040596467,0.0038697667670390787,-0.41338189308411466,-1.5779140611198894,0.7657416949124944,0.020203303089599074,0.025794438599464797,0.014131995139574945,0.027418031290751453,-0.35872945492322256,0.010659912358795485,-0.021498175390077763,-0.3950315033055799,-0.02402013435857171,-1.8101262847880424,0.004193681229174596,-0.4129012455944253,-1.5524896919124362,-0.5973506100739538,0.02328134070909433,0.02544296284763689,0.01031617792418633,0.02727135867684074,-0.35653988837436346,-0.010804549417552664,-0.021624256163517812,-0.39343856103285657,0.02353942013405106,-0.02458772164521373,-0.05714266596797196,0.07604167708385859,-0.026423771274140508,-0.05804666493250142,-0.07643981539396787,0.7139973124783359,-0.18627983237239068,-0.0016340369757105809,-0.23608065753762422,-0.0012632373612129907,-0.003950374256995416,-0.24298077959605566,-0.24470295443253093,-0.0034952302251258127,-0.0007604149578679505,-0.006267008329938131,-0.0008429107149875957,-0.02091045094616582,-0.002472562888060967,0.0011684463180166211,0.001000265437091076,0.00024726420761220924,-1.909645383956326,0.008266845887597562,0.03011832420040541,1.9006294031079554,-0.2757051905828301,0.059115006668937924,0.002121266121991941,0.05927339782876559,0.012340157513101944,0.16126865838071705,-0.01953336362812642,-0.012144831826403432,-0.006298089288891399,0.0003882366525640531,0.002140141981903923,0.0009149461680606572,-0.000474067928734859,0.020254447969862394,0.01768579632593976,0.005662872172025087,0.5439245746217722,-6.220063849477053e-05,0.30643486230071665,nan,nan,nan,nan,nan,nan
310,1.5549999999999888,Standing,0.7747604528862242,0.4884079572462414,1.5717942816169133,-1.971387608969142,0.003863102207418797,-0.4134026821480759,-1.5791950048114136,0.7647484387271362,0.02018479670104981,0.0257903675767703,0.014098746066345817,0.027413367197109094,-0.3588396399148466,0.01064687921380574,-0.021492010488747038,-0.39502623197138065,-0.024018831329572037,-1.8198376474648514,0.004234675254836352,-0.41274542747450077,-1.5426215281298146,-0.5992988157278102,0.023580552223322056,0.025453661781511563,0.010621206425308501,0.027333351525994858,-0.35570127840696164,-0.01090611635953428,-0.021686829611329325,-0.39347282149137636,0.02354180631260847,-0.024576703971247473,-0.057138047522129254,0.07603925558871825,-0.02632061501276796,-0.05795902176831521,-0.07641131496822466,0.725297092245904,-0.19525850836526074,-0.0020957618176419644,-0.2438809818990745,-0.0013329119240562868,-0.004157812792243825,-0.2561887383048466,-0.19865123707165197,-0.0037012777098529848,-0.0008142045388996862,-0.006649814645825631,-0.0009328187284717747,-0.02203699832480491,-0.0026066289979490755,0.0012329802661451656,0.0010542668398470752,0.0002606057999345814,-1.942272535361815,0.00819880513235113,0.031163623984905558,1.9736327565243372,-0.3896411307712622,0.05984230284554506,0.002139786774934607,0.061005700224434474,0.012398569830823799,0.16772199348036315,-0.020313388396323108,-0.012514689562302506,-0.006852091703957677,0.0004772357114813705,0.0022035347932510604,0.0009236891685411461,-0.00048429902806554776,0.02063125227450965,0.017528632837242163,0.00570008514864042,0.5469833568464997,-6.204611236063917e-05,0.30568738016452246,nan,nan,nan,nan,nan,nan
311,1.5599999999999887,Standing,0.7784428413100618,0.4873825050930412,1.5717824041002966,-1.972642934188242,0.00385604863946032,-0.41342456631280694,-1.5805433399054052,0.7639823409034354,0.02016529134328775,0.025786048295436945,0.014063516649621027,0.02740829077497795,-0.35895555218829944,0.010633164847898556,-0.021485513042928686,-0.3950206862805071,-0.024017460464673093,-1.8297149411140503,0.00427515774075921,-0.4125839443498067,-1.5324086305351263,-0.6016438276056851,0.02388381370555112,0.02546407504295315,0.010936193002344356,0.027395295781759955,-0.3548321638485641,-0.011011387324283433,-0.021751043203208704,-0.3935107917304783,0.023544891517424983,-0.02456539514917316,-0.05713337558314483,0.07603678417960796,-0.026215541186628687,-0.05787243829272925,-0.07638267624152063,0.7364776847675142,-0.20509043064004204,-0.002375503323342408,-0.2510650438200211,-0.0014107135916954414,-0.004376832946204653,-0.26966701879829624,-0.15321956474015364,-0.003901071552412161,-0.0008638562666710499,-0.007045883344957981,-0.0010152844262282322,-0.023182454690575928,-0.002742873181436821,0.0012994891636707224,0.0011091381747093312,0.000274172979788802,-1.9754587298397728,0.00809649718457158,0.03229662493881216,2.042579518937659,-0.46900237557498414,0.0606522964458129,0.0020826522883173122,0.06299731540717095,0.012388851153019352,0.1738229116795127,-0.02105419294983049,-0.012842718375875898,-0.007594047820392506,0.0006170409633031367,0.0022617644148626723,0.0009343877968840828,-0.0004942818220590242,0.021014765227854268,0.017316695117192395,0.005727745340804529,0.5500896527539898,-6.188367872420377e-05,0.3049016171692009,nan,nan,nan,nan,nan,nan
312,1.5649999999999886,Standing,0.7821805057168323,0.48630400732841667,1.5717698200667742,-1.9739297641129778,0.003848551460013345,-0.41344764835510783,-1.5819633835718976,0.7634178041242267,0.020144727354502148,0.025781499173202035,0.014026206419566195,0.02740283153073251,-0.3590775259346629,0.010618729995634605,-0.021478658676111238,-0.395014850380144,-0.02401601780145195,-1.839759105949853,0.004314857719605002,-0.41241683675143825,-1.5218817827331135,-0.6041717652961118,0.024191129909391783,0.025473902540319292,0.011261854578097833,0.02745688577495303,-0.3539351877311506,-0.011120059633302832,-0.02181674408746316,-0.39355247813942157,0.023548645258702296,-0.02455382272776935,-0.0571286998604512,0.07603427580048801,-0.026108570615850424,-0.057787184015903326,-0.07635394800178429,0.747532881354099,-0.2156995529249063,-0.0025168067044584195,-0.2573659849471326,-0.0014994358893949964,-0.004616408460177239,-0.2840087332984647,-0.11290735584174766,-0.004112797757120756,-0.0009098244469815704,-0.007462046010966391,-0.0010918488490887933,-0.02439474927269848,-0.0028869704527900424,0.0013708733634897824,0.001167180072625341,0.00028853264422860935,-2.0088329671605276,0.007939995769158551,0.03342151967369228,2.1053695604025906,-0.5055875380853408,0.061463240768132574,0.0019654994732283774,0.06513231515069566,0.012317998638615045,0.17939522348269107,-0.021734461803879723,-0.013140176850891363,-0.008337281788645564,0.0007507482554621758,0.002314484280761979,0.0009351445387256372,-0.0005016758239915313,0.021394114155652424,0.01705085536518525,0.005745647947268952,0.5532433468010449,-6.171252657516979e-05,0.30407353580635055,nan,nan,nan,nan,nan,nan
313,1.5699999999999885,Standing,0.785972813016431,0.48516892472327566,1.571757039853358,-1.9752431896582612,0.0038405451293767796,-0.4134720692781706,-1.5834621292064333,0.76301225082919,0.020122939391672427,0.025776734859431424,0.013986678092767282,0.027397007055249212,-0.35920612167236493,0.010603508630493272,-0.021471410718287308,-0.39500869756271795,-0.024014496703300768,-1.8499697192395497,0.004353445141964097,-0.41224451329816547,-1.511075195060458,-0.6066980652570221,0.02450213107473347,0.02548295849229548,0.011598246408652743,0.027517875067938215,-0.3530132828772931,-0.011231793071880413,-0.021883837705810618,-0.3935972997496511,0.0235528617323308,-0.02454201963464368,-0.05712407913041001,0.07603174578221604,-0.025999770673742012,-0.057703535481118194,-0.07632518263278942,0.7584614599197376,-0.22701652102819794,-0.0025560426832380145,-0.2626851090566713,-0.0016012661273130777,-0.004884184612551318,-0.29974912690712846,-0.08111065900734343,-0.004357592565944054,-0.0009528627541224761,-0.007905665359782741,-0.0011648950966592208,-0.02571914754040497,-0.0030442730282667294,0.0014495915647862818,0.0012305634852114787,0.00030421963023648664,-2.0421226579393243,0.007717484471818801,0.03446469065456068,2.16131753453111,-0.5052599921820545,0.06220023306833739,0.0018111903952371432,0.06727836611098187,0.012197858597037425,0.1843809707714986,-0.022346687715516372,-0.013418723669491366,-0.008964322045903063,0.0008432947257011983,0.0023606186251340167,0.0009241460082384165,-0.0005060036543930899,0.021759988421682315,0.016729706957025626,0.005753073798973551,0.5564444289563002,-6.153193870757518e-05,0.3031995861506455,nan,nan,nan,nan,nan,nan
314,1.5749999999999884,Standing,0.7898189090051223,0.4839732247669458,1.5717442351483044,-1.9765785139557395,0.0038319497781251085,-0.4134980291853248,-1.5850509247048399,0.7627133065372138,0.020099654280692797,0.025771757995427462,0.013944733104355546,0.027390817543210995,-0.3593422609740352,0.010587391860864428,-0.02146370904908405,-0.395002183272032,-0.02401288624760609,-1.8603452694785423,0.004390718497369327,-0.4120673949067027,-1.500076759109387,-0.6084239314916897,0.024816814384095862,0.025490548326435523,0.011945518393468389,0.027577590614952505,-0.35207403954806143,-0.01134569246275469,-0.021951944424633357,-0.3936442506842829,0.023557225329070904,-0.024530023194868043,-0.05711953747002024,0.07602920441981323,-0.02588924717563925,-0.057621788892866975,-0.07629644044317846,0.7692191977382683,-0.23913999126597418,-0.0025609410107363005,-0.2670648594956782,-0.0017190702503342146,-0.0051919814308364854,-0.3177590996813042,-0.059788858395244976,-0.004657022195926066,-0.0009953728007926306,-0.00838899768234742,-0.0012379024076435772,-0.02722786033405976,-0.0032233539257687377,0.001540333840651383,0.0013028581371899927,0.00032209113893596884,-2.0751100477985376,0.007454671081046103,0.0354236782925541,2.1996871902141595,-0.3451732469335289,0.0629366618724789,0.0015179668280089222,0.06945439696312913,0.011943109402858256,0.1878486658463373,-0.022779878174855286,-0.013621343764548,-0.00939018692635649,0.0008727193480205531,0.0023992879551272693,0.0009083320779538282,-0.0005082724805609026,0.02210469962055265,0.016349317650243327,0.00574843792219388,0.5596929070375705,-6.134128316111263e-05,0.30227665967402634,nan,nan,nan,nan,nan,nan
315,1.5799999999999883,Standing,0.7937181748580542,0.4827141136058474,1.5717317929350034,-1.9779316897695103,0.0038226833176729868,-0.41352571922818365,-1.5867402216167814,0.7624597963422997,0.02007451723318156,0.025766573645879347,0.013900149994107028,0.027384252191137968,-0.3594868271940747,0.010570275707032745,-0.021455504925121643,-0.3949952657466711,-0.024011176001358,-1.8708818663314852,0.004426216045775529,-0.4118869652561289,-1.488899718225652,-0.6095443222760948,0.025133466886769273,0.025497137351730623,0.012301274688054985,0.027636246654349755,-0.3511185552669602,-0.011461620026310045,-0.022021229103660427,-0.39369178012237055,0.023561212336477514,-0.024517878158486273,-0.05711507263065705,0.07602665509696226,-0.02577715295420982,-0.05754230237001083,-0.07626779749055788,0.7798531705863709,-0.25182223221968414,-0.002488442660181876,-0.2706351627541652,-0.001853292090424353,-0.005538008571770561,-0.33785938238832236,-0.05070203898283726,-0.005027409502247246,-0.0010368699096229058,-0.008916622049703489,-0.0013130704146057336,-0.028913244007903596,-0.0034232307663366783,0.001640824792481655,0.0013835050721813002,0.0003420492496176772,-2.107319370588594,0.007099509681240464,0.03608593011475633,2.2354081767470086,-0.22407815688102256,0.06333050053468184,0.0013178050590201501,0.07115125891731952,0.01173120787945032,0.1910968562202542,-0.023185512711071134,-0.013856935805414007,-0.009505887617529548,0.0007974014813223427,0.0024290072763541956,0.0008929678726390775,-0.0005098645701933277,0.02241884428588574,0.01589730457122886,0.005728590524115139,0.5629891543520734,-6.113992009789903e-05,0.30130155412710574,nan,nan,nan,nan,nan,nan
316,1.5849999999999882,Standing,0.7976701479025355,0.48138926856638603,1.5717199971120552,-1.9792999827073718,0.00381266771231042,-0.41355532290040736,-1.5885404901422855,0.7621900717200475,0.02004711762580916,0.025761182151478348,0.013852682781040569,0.027377285619735844,-0.35964072087986937,0.010552054194004115,-0.02144675063517045,-0.3949879024000556,-0.024009355330212468,-1.8815772308473757,0.004459550855630921,-0.4117041886266232,-1.4775368829549165,-0.6105016403109371,0.02545068607512881,0.025503203035369286,0.012663765791109222,0.027694026812299932,-0.3501462247538611,-0.011579645313440634,-0.022091816862902906,-0.39373943878682394,0.023564674816330046,-0.024505624045024352,-0.05711065697318134,0.07602409629482669,-0.025663672622009446,-0.05746542590135192,-0.07623933220111266,0.7903946088962825,-0.26496900789226974,-0.002359164589655492,-0.2736585875723258,-0.002003121072513388,-0.005920734444739972,-0.36005370510082946,-0.0539449244504353,-0.00547992147447963,-0.0010782988801996104,-0.00949344261329194,-0.0013933142804246634,-0.03077873715892683,-0.0036443026057262013,0.0017508579902385732,0.0014726693231035836,0.00036413422910620184,-2.13907290317808,0.0066669619710782255,0.03655532590113592,2.2725670541470993,-0.19146360696845677,0.06344383767190731,0.0012131367277322055,0.07249822061084732,0.011556031590035192,0.19446610261982136,-0.023605057426117848,-0.014117551848495542,-0.009531732890676433,0.0006924959705060403,0.0024508226923837424,0.0008831314951426314,-0.0005117604271134096,0.022696066440075054,0.015375293731783195,0.005693057889045841,0.5663329334250183,-6.092734729191669e-05,0.30027188055298987,nan,nan,nan,nan,nan,nan
317,1.589999999999988,Standing,0.8016745113900268,0.47999661720526793,1.5717089943895204,-1.98068235067581,0.0038018305705404755,-0.4135870117752259,-1.5904619978537973,0.7618473397529155,0.020017026637919873,0.025755576562953488,0.013802067141868192,0.02736987894638921,-0.3598048359888891,0.010532622083682932,-0.021437399327985412,-0.3949800507486086,-0.02400741367200318,-1.8924312205482936,0.004490432597846148,-0.4115194305575129,-1.4659770470655193,-0.6117648226750633,0.025767660525105388,0.02550902260759404,0.013031822390356962,0.027750922689738104,-0.34915615099709074,-0.011699871004298115,-0.02216367951014672,-0.39378780360161214,0.023567821701292832,-0.024493286722067804,-0.057106255432914275,0.07602152467426047,-0.025549021075907917,-0.05739149684435775,-0.07621112574448556,0.800872697498234,-0.27853027222361876,-0.0022005445069660386,-0.276473593687619,-0.002167428353988859,-0.0063377749637043785,-0.3843015423023403,-0.06854639342639572,-0.006018197577857381,-0.0011211177049715922,-0.010123127834475273,-0.0014813346693265427,-0.03282302180394996,-0.0038864220642365263,0.0018702614370077128,0.001570330289396944,0.0003883316418574461,-2.1707979401835953,0.00617634844304558,0.03695161382206394,2.3119671778794233,-0.2526364728252313,0.06339488999531569,0.001163914444951196,0.0736113198495479,0.011379175487634665,0.1980147513540697,-0.02404513817149606,-0.014372529448762668,-0.009672962957644946,0.0006293769925573922,0.002467464591309609,0.0008803080534117555,-0.0005143241132421102,0.022930309220305818,0.014785811398834016,0.005641291325418916,0.5697238070290381,-6.070317530874427e-05,0.2991857815670283,nan,nan,nan,nan,nan,nan
318,1.594999999999988,Standing,0.8057309070701691,0.47853381388347244,1.5716987138237746,-1.9820794773675612,0.0037901009761120786,-0.41362095976786567,-1.5925157985337506,0.7613847047125898,0.01998383095167606,0.025749736840208756,0.0137480146915514,0.027361979966763716,-0.3599801314550537,0.010511866271519751,-0.021427398005277633,-0.39497166454863164,-0.02400533967686184,-1.903445011811541,0.004518713426536394,-0.4113325728455055,-1.454241268921006,-0.6133991674902304,0.02608439426309451,0.025514360102868974,0.013405274619881958,0.027806497378412547,-0.34815024698928426,-0.011822068253247595,-0.022236489162801208,-0.39383789453895524,0.023571032147386633,-0.024480873139529555,-0.057101840003002405,0.07601893707549828,-0.025433446900838128,-0.057320866192696295,-0.07618326940127829,0.811279136028465,-0.29256066435909805,-0.0020561131491821935,-0.2794253383502478,-0.002345918885679351,-0.006789598527954298,-0.4107601359906578,-0.09252700806513686,-0.00663913724876297,-0.0011679445489462888,-0.010810490063358234,-0.0015797959250992532,-0.03505909323291246,-0.004151162432636414,0.0020002645415561657,0.0016772399953895055,0.0004147990282675226,-2.2027582526494633,0.0056561657380490085,0.03737154240147893,2.347155628902678,-0.3268689630334249,0.06334674759782406,0.0010674990549865368,0.07469044590499904,0.0111149377348884,0.2011808015612986,-0.024439449789895963,-0.014561930530898106,-0.010018187468622432,0.0006420892187601153,0.0024827165076497576,0.0008830859823741119,-0.0005175197524383808,0.023114835013957735,0.01412613033229147,0.005571268641454485,0.5731612972561685,-6.046710615946279e-05,0.2980418041035788,nan,nan,nan,nan,nan,nan
319,1.5999999999999879,Standing,0.809838943039943,0.47699847941239726,1.5716890308454463,-1.9834936250222874,0.0037774081581622367,-0.4136573346277191,-1.5947127569460795,0.7607667957043313,0.01994716350042051,0.025743631806662084,0.013690222625158273,0.02735352705305644,-0.36016755602809813,0.0104896748350797,-0.021416694624315603,-0.3949626979466562,-0.02400312211196347,-1.9146192190365996,0.0045442634134687816,-0.4111437096688612,-1.4423606502657598,-0.6153711972152003,0.026400822444778028,0.025518957474504753,0.013783815637519918,0.027860304383249934,-0.3471312659399872,-0.011945906588438316,-0.022309908583952955,-0.3938903678541294,0.02357455722045258,-0.024468373988082694,-0.057097397286386305,0.07601633002936785,-0.02531724709843086,-0.05725394619884051,-0.07615587553540655,0.8216071939547557,-0.3070668942150384,-0.0019365956656678227,-0.28282953094525454,-0.002538563589968355,-0.007274971970688616,-0.43939168246580557,-0.12358180165170785,-0.007333490251109637,-0.0012210067093342998,-0.011558413278625598,-0.0016905827414550345,-0.03748491460888321,-0.004438287288010081,0.0021406761924058003,0.0017933203950835184,0.0004435129796740842,-2.234841445011748,0.005109997386477565,0.03777263532886338,2.37612373104925,-0.39440594499397763,0.06328563633670421,0.0009194743271559189,0.07570820352759215,0.010761400967477448,0.20379620985940616,-0.024767667038144356,-0.014683884230349312,-0.010494663034830246,0.0007050146131895065,0.002499830289372282,0.0008885433232200376,-0.000521409226086158,0.02323996048145417,0.013383998771156997,0.005478773174346301,0.5766451400750428,-6.0218868241250995e-05,0.2968385568837262,nan,nan,nan,nan,nan,nan
320,1.6049999999999878,Standing,0.8139981397984146,0.4753881342201192,1.5716797852536442,-1.9849284083573644,0.003763680869387586,-0.41369629622663634,-1.5970633529675848,0.7599713526523129,0.01990672174623209,0.025737219535285894,0.013628378716642154,0.027344451397233082,-0.3603680294116139,0.01046593926490273,-0.021405239000086798,-0.39495310639744985,-0.024000750084501404,-1.9259535414633797,0.004566981807842938,-0.4109531634781095,-1.4303767077948348,-0.6175457526631237,0.026716763816472082,0.025522551890097698,0.014167084121201845,0.027911886858268672,-0.3461028381448436,-0.012070952317360073,-0.022383618405151823,-0.3939454091086863,0.023578484474505328,-0.0244557671200044,-0.05709292102089492,0.07601369865283372,-0.02520078146959008,-0.057191216011673006,-0.07612908027875363,0.8318393516943386,-0.3220690384556062,-0.0018491183604423397,-0.28695666701538464,-0.0027454577549301325,-0.007792319783450798,-0.47011920430105014,-0.15908861040368996,-0.008088350837684439,-0.0012824542752377871,-0.012368781703223721,-0.0018151311646717027,-0.0400946767031525,-0.004747114035394049,0.002291124845761182,0.001918309841276695,0.0004744054924133041,-2.2668644853560376,0.0045436788748313165,0.038109238150343484,2.39678849418498,-0.43491108958469454,0.06318827433881084,0.0007188831185890851,0.07665369673638546,0.010316495003747487,0.20568555902872265,-0.02500914578435129,-0.014741964239773203,-0.011008250911380624,0.0007854508105496553,0.0025213736156587036,0.0008952530982769744,-0.0005262753068249788,0.02329312576815568,0.012546037433499658,0.005359051330582448,0.5801751099135035,-5.995820439453637e-05,0.2955747260973157,nan,nan,nan,nan,nan,nan
321,1.6099999999999877,Standing,0.8182079456431685,0.47370028693299976,1.5716708330204205,-1.9863885483553312,0.003748848756983404,-0.41373798773397,-1.5995769878879993,0.7589894430853048,0.019862271924432708,0.025730451075295944,0.013562171830142739,0.02733468001825587,-0.3605823853288656,0.01044056124358444,-0.02139298683327147,-0.39494284957299636,-0.023998213719438426,-1.9374466966982387,0.004586786108011689,-0.41076151524406357,-1.4183317321931026,-0.6197950769485738,0.027031781486648268,0.02552498913078177,0.014554385969807836,0.027960879540244215,-0.3450686474795638,-0.012196764145923739,-0.02245737919836138,-0.394002771788397,0.023582747522487048,-0.02444302185496609,-0.0570884037650165,0.07601103612656891,-0.025084490969000183,-0.05713320618179902,-0.07610304216008312,0.8419611689507579,-0.3375694574238962,-0.0017904466447302221,-0.2920279995933783,-0.0029664224808364286,-0.008338301466738494,-0.5027269840829017,-0.19638191340160088,-0.008889964359875793,-0.0013536919979897605,-0.01324137729988308,-0.0019542757954425605,-0.04287118345033821,-0.0050756042636579905,0.0024504333630658236,0.0020513648906933853,0.0005072730125956427,-2.298631046971796,0.003960860033750265,0.03832964680918611,2.408995120346444,-0.4498648570900108,0.06300353403523713,0.00048744813681418777,0.07746036972119812,0.009798536395108495,0.2068381330559621,-0.025162365712733174,-0.014752158641911355,-0.01147253594213476,0.0008526095963443343,0.0025490530076617765,0.0009034511756844952,-0.0005325052529614935,0.02325810011797925,0.011601965974797493,0.005207623734101435,0.5837509966493643,-5.9684851835840783e-05,0.29424898183714304,nan,nan,nan,nan,nan,nan
322,1.6149999999999876,Standing,0.8224676762222589,0.47193228547066557,1.571662012838548,-1.9878796583964884,0.0037328440164384846,-0.41378253291976175,-1.6022619542516756,0.757827588182537,0.019813645605033046,0.025723271524148755,0.013491299257357868,0.02732413644243657,-0.3608113647021737,0.010413453386392397,-0.021379898973029478,-0.3949318914451628,-0.023995504233615034,-1.9490966833242276,0.004603660370495078,-0.4105694249564128,-1.406279156158958,-0.6218579891327102,0.02734543328750969,0.02552606317202242,0.014944958583025813,0.028006885081179326,-0.3440333419573373,-0.012322785519566507,-0.022530934125561917,-0.39406193005943785,0.02358718828959492,-0.024430100745784868,-0.057083832096827755,0.07600833417851022,-0.024968914963393613,-0.057080463808172374,-0.07607793761829122,0.8519461158180832,-0.3536002924668403,-0.0017640363745241145,-0.2982220082314223,-0.0032009481089838106,-0.008909037158341116,-0.5369932727352511,-0.23237098055355765,-0.009725263879932809,-0.001435910229437884,-0.0141745145569742,-0.00210871516385997,-0.04579587466161845,-0.0054215714384088076,0.0026175720483979526,0.002191625566716013,0.0005418971646780821,-2.32999732519779,0.0033748524966778436,0.038418057530151664,2.4105152068288964,-0.4125824368272766,0.06273036017228398,0.00021480824813011176,0.07811452264359528,0.009201108187022357,0.20706110444528966,-0.025204274728553803,-0.01471098544010787,-0.011831654208174404,0.0008881534215740225,0.002584221836244096,0.0009143336377486686,-0.0005403896117398683,0.02311520112131375,0.010548474725328567,0.00502090835838127,0.5873725327720273,-5.939853932076559e-05,0.2928599752323058,nan,nan,nan,nan,nan,nan
323,1.6199999999999875,Standing,0.8267765286911495,0.47008141947045773,1.5716531935798608,-1.9894078091184975,0.0037156011492710823,-0.413830031448555,-1.6051249363181581,0.7565049552949409,0.01976073289511166,0.025715625322394457,0.013415475295195468,0.02731274475203889,-0.3610555736579288,0.010384544246017126,-0.0213659443471832,-0.39492020247764104,-0.023992614436272413,-1.9609005800329347,0.004617644596532301,-0.41037772244344634,-1.3942767407242553,-0.6234187110334499,0.02765711257334491,0.02552562111938667,0.015337681224959425,0.028049579434863612,-0.34300194061362954,-0.012448412645611954,-0.022604058325298926,-0.39412207293588286,0.02359154466241447,-0.024416962434313128,-0.05707919534097733,0.07600558506328337,-0.024854709433801674,-0.057033520942424594,-0.07605395735301057,0.8617704937781072,-0.3701732000415709,-0.001763851737431122,-0.3056301444018218,-0.0034485734334804294,-0.009499705758656591,-0.5725964132965093,-0.2645265775192238,-0.01058254198427713,-0.0015292403508594683,-0.015164792432479908,-0.0022783380795360943,-0.0488417911510206,-0.005781828075054051,0.002790925169255202,0.002337793504351424,0.0005779594685244011,-2.3607793417414022,0.0027968452074444887,0.03834050259329792,2.4004830869405556,-0.3121443801479392,0.0623358571670443,-8.841052714997127e-05,0.0785445283867224,0.008538870736857333,0.20628026874155522,-0.0251254252090892,-0.014624839947402121,-0.0120285752890019,0.0008712745639100163,0.0026276622943479607,0.0009273511700856705,-0.0005498230453714074,0.022841105918387887,0.009388573149556077,0.00479605305612989,0.5910394596476329,-5.9098971220849345e-05,0.2914062357091136,nan,nan,nan,nan,nan,nan
324,1.6249999999999873,Standing,0.8311368924786947,0.4681746960001635,1.5716519651055767,-1.9909616503845085,0.0036972871264138204,-0.41387983845514265,-1.608115416286647,0.7549696877452082,0.01970406746230895,0.025707611096057632,0.01333500749734347,0.02730054120342634,-0.36131115732329927,0.010354291334657326,-0.021351397225437798,-0.3949079713215686,-0.02398959003150657,-1.9728303436400225,0.004628575830047202,-0.4101871649213872,-1.3822512935883933,-0.6249562191974231,0.02796567425188333,0.025524425839223923,0.015730623199400186,0.028089332368841834,-0.341968708385578,-0.01257431231427318,-0.02267728951542468,-0.39418273741559934,0.023595615889125152,-0.024403648323255107,-0.0570748357435432,0.07600286307305472,-0.024742769569650852,-0.05699331693329705,-0.07603141013915402,0.8720727575090523,-0.38134469405885135,-0.00024569485680168653,-0.31076825320218016,-0.0036628045714523503,-0.009961401317530991,-0.598095993697743,-0.30705350994652936,-0.011333086560542278,-0.0016028452673653066,-0.01609355957039982,-0.0024407097225103537,-0.05111673307410031,-0.00605058227196008,0.002909424349080424,0.0024462312144910665,0.0006048809531689719,-2.3859527214175507,0.0021862467029802367,0.03811150441182835,2.405089427172417,-0.3075016327946236,0.061712335707683454,-0.00023905603254926544,0.07858839488815197,0.007950586795644395,0.2066464456103006,-0.025179933732245197,-0.014646238025150136,-0.01213289594329584,0.0008142453421367949,0.0026628222116040355,0.000871919486826078,-0.0005443980457304068,0.022387972830164228,0.008040801825508002,0.0045094427713117,0.594751491108828,-5.878582873025169e-05,0.28988618674000355,nan,nan,nan,nan,nan,nan
325,1.6299999999999872,Standing,0.8355485971467446,0.4662080495215693,1.5716536272651487,-1.9925464421413333,0.003677905277766771,-0.413931912503479,-1.6112395336821252,0.7532747962176469,0.019643913359386332,0.025699136054175013,0.013249882196976525,0.027287443050045598,-0.3615784283373677,0.010322657204510947,-0.021336218126778054,-0.394895182187738,-0.023986427254843345,-1.9848985905051721,0.00463664419212923,-0.4099974168986856,-1.3701740255435453,-0.6266640260135938,0.028270917627075117,0.025522677106364945,0.016123535931453183,0.028126002414502096,-0.34093130976620467,-0.012700758574161142,-0.022750684622116806,-0.39424421983183383,0.02359953838725698,-0.02439016193196901,-0.057070541604719034,0.07600012687427454,-0.02463395910972872,-0.05695971018494305,-0.07601037838794243,0.8823409336099753,-0.39332929571883335,0.00033243191440988906,-0.3169583513649801,-0.0038763697294098816,-0.010414809667271468,-0.6248234790956668,-0.33897830551225583,-0.012030820584523289,-0.0016950083765241914,-0.017025060073388915,-0.002619630676148276,-0.05345420281368725,-0.006326826029275869,0.0030358197319489445,0.0025578267661136495,0.0006325553326445662,-2.413649373029936,0.0016136724164054752,0.037949604540323284,2.415453608969604,-0.34156136323414527,0.061048675038357536,-0.00034974657179556604,0.07858254641059917,0.007334009132052886,0.20747972387466768,-0.025289251977592398,-0.014679021338425743,-0.012296483246904048,0.0007844996263657532,0.0026972782572192186,0.0008588277648320117,-0.0005472397560365888,0.02176209198442619,0.006721349670799892,0.004206350242315775,0.5985132925211323,-5.846363283238463e-05,0.2883221249665156,nan,nan,nan,nan,nan,nan
326,1.6349999999999871,Standing,0.8400859324225901,0.4642364246040848,1.5716689746456003,-1.9984835999964474,0.0037015971716191057,-0.41389940354480825,-1.609151042870568,0.7607908916707151,0.019649989231725742,0.025695453612693774,0.013227711656283753,0.027274853176302474,-0.3614431672292204,0.010338687445285375,-0.02134951637999505,-0.39490148919543594,-0.02398803065673845,-1.9972263970090913,0.004641253345530873,-0.40980391968247515,-1.3575613243437712,-0.6294276310333771,0.02857509899982794,0.025521780995875334,0.01651820886605369,0.028160127929009193,-0.33985153187872336,-0.012832295831362004,-0.022826981379677085,-0.3943088657230388,0.0236039589189192,-0.024359232309463436,-0.0569836818075723,0.07597722310836114,-0.024529164478642413,-0.056930795462693154,-0.07599043282455947,0.9074670551691104,-0.3943249834969018,0.003069476090317224,-1.1874315710228247,0.004738378770466986,0.006501791734146934,0.41769816231147217,1.5032190906136362,0.0012151744678819913,-0.0007364882962475988,-0.004434108138554237,-0.002517974748624411,0.027052221629467202,0.003206048154885505,-0.002659650643399342,-0.001261401539586619,-0.0003206803790207426,-2.4655613007838335,0.0009218306803285289,0.038699443242090265,2.522540239954814,-0.5527210039566356,0.06083627455056466,-0.0001792220979224678,0.07893458692010152,0.006825102901418882,0.21595557749625813,-0.026307451440172436,-0.015259351512055375,-0.012929178240991853,0.0008841063324440718,0.006185924501114689,0.017371959429346055,-0.004580753182680109,0.020958926217261527,0.005782944449979861,0.003989112676592863,0.6023232184807986,-5.81319021898328e-05,0.28671172805547956,nan,nan,nan,nan,nan,nan
327,1.639999999999987,Standing,0.844705394788,0.4622406503041483,1.5716817374332206,-2.00709510528908,0.0037470650906417744,-0.413811176598598,-1.6037766706950223,0.7729874314748404,0.01976138805386233,0.025692230757539614,0.013259740357192388,0.02726711084363748,-0.3610320421983172,0.010387314228789937,-0.021379167820338163,-0.3949209658188756,-0.02399289635173382,-2.0096995514518694,0.004643052312339622,-0.4096067539582176,-1.344676625341367,-0.6322959368928369,0.028879656687043606,0.025520113416748196,0.016919067131834924,0.028189914135965607,-0.3387488305757644,-0.012966641950646703,-0.0229039947697368,-0.39437690070677844,0.023609110444442145,-0.02431134640897745,-0.05690749923622384,0.07595450594032493,-0.024429704092100674,-0.05690937076261744,-0.07597261107907127,0.9238924730819771,-0.39915485998731,0.002552557524072351,-1.7223010585265528,0.009093583804533735,0.017645389242044375,1.0748744351091486,2.4393079608250585,0.022279764427317578,-0.0006445710308322944,0.00640574018172701,-0.0015484665329990788,0.08222500618063577,0.00972535670091217,-0.005930288068622471,-0.0038953246879309105,-0.0009731389990742193,-2.494630888555629,0.0003597933617498835,0.03943314485150411,2.576939800480877,-0.5736611718919714,0.06091153744313316,-0.0003335158254278824,0.0801716531562467,0.005957241391282933,0.2205402605917987,-0.026869223856939947,-0.015402678011942856,-0.013606996747925256,0.0010303051045893875,0.009577180097197002,0.015236514269692473,-0.004543433607239291,0.019892077308347657,0.004284940015142491,0.003564349097638903,0.6060640884949275,-5.781689843845769e-05,0.28518108371964007,nan,nan,nan,nan,nan,nan
328,1.644999999999987,Standing,0.8493798355871421,0.4602182996645288,1.571688669133064,-2.0172859323370274,0.0038030845931385153,-0.41368543903547417,-1.5962947248272155,0.7874501993191267,0.019963612509215724,0.025689456028903383,0.013342621200405256,0.027265964318653878,-0.360430849600872,0.010458352734494825,-0.02141834103690811,-0.3949495663555036,-0.024000007951806065,-2.0222413238806336,0.004642128572519765,-0.40940743262010987,-1.3316212777761194,-0.6353041600776399,0.029183512596117067,0.025517670191433885,0.017324825847288998,0.028215356858167697,-0.33763073995189163,-0.013102886660183593,-0.022981125251880247,-0.3944476253755361,0.02361467246578972,-0.02425857786168695,-0.05689336620198209,0.07594469392291009,-0.024337148286655133,-0.05689688775988568,-0.0759575336049154,0.9348881598284312,-0.4044701279238958,0.001386339968709639,-2.0381654095893906,0.011203900499348147,0.025147512624771672,1.4963891735613615,2.8925535688572754,0.040444891070679265,-0.0005549457272460451,0.016576168642573465,-0.00022930499672030855,0.120238519489034,0.014207701140977583,-0.007834643313989233,-0.00572010732559884,-0.0014223200144493,-2.5083544857527995,-0.00018474796397137492,0.03986426762154535,2.611069513049514,-0.6016446369605879,0.06077118181469229,-0.0004886450628617833,0.08115174309081497,0.005088544440418254,0.22361812477454898,-0.0272489419073779,-0.015426096428689922,-0.014144933751537732,0.0011124042695145723,0.010553709458099853,0.002826606848349438,-0.0019624034829686158,0.018511161089108455,0.002496600546351731,0.003015494831172726,0.6097672620612272,-5.750973155853853e-05,0.28368538178640584,nan,nan,nan,nan,nan,nan
329,1.6499999999999868,Standing,0.8540869709950357,0.4581643960269369,1.5716881151716346,-2.0283795485727105,0.0038633581492418935,-0.41353527401391577,-1.5874784768744834,0.8025493323803823,0.020242550772261503,0.025686614124179028,0.013472611748048303,0.027271907908600113,-0.3597014034462128,0.010544491153619742,-0.021462957573105103,-0.3949843467431536,-0.02400863426772882,-2.034804310437461,0.004638930426662767,-0.40920637634111606,-1.3186394811721776,-0.6365669979480649,0.02948767588042345,0.025512744114821715,0.017738083324119167,0.02823475399853118,-0.33651786380405496,-0.013238612145784538,-0.02305700775172884,-0.39451987659544313,0.02362027566870449,-0.024206593554039337,-0.05691862320219848,0.07594339742484586,-0.024252874074545006,-0.05689214271603633,-0.07594507453067954,0.9414270815787198,-0.41078072751838185,-0.00011079228587590343,-2.218723247136637,0.012054711220675649,0.030033004311679636,1.7632495905464332,3.0198266122511175,0.05578765260915615,-0.0005683809448706207,0.02599810952860943,0.0011887179892472112,0.14588923093184217,0.01722768382498332,-0.008923307239398857,-0.0069560775299985595,-0.001725263184551081,-2.512597311365473,-0.0006396291713995522,0.04021125579875826,2.5963593207883697,-0.25256757408500446,0.060832656861277035,-0.0009852153224338255,0.08265149536603385,0.0038794280726962747,0.22257522956732956,-0.02714509712018894,-0.015176499969718362,-0.014450243981404787,0.0011206405829546537,0.010396861529522992,-0.005051400043277832,-0.0002592996128450034,0.016854842422025364,0.0009490087698707256,0.0024918148471725103,0.6134557650432695,-5.720590476480486e-05,0.28220204883873834,nan,nan,nan,nan,nan,nan
330,1.6549999999999867,Standing,0.858810427635736,0.456075542879517,1.5716806887824493,-2.0399734632515116,0.00392434868285721,-0.41336975121211805,-1.5778393013690821,0.8171927152348925,0.02058142563700127,0.02568344345542009,0.013644521569465735,0.02728462443601391,-0.3588880491282966,0.010640509685604116,-0.021510591229187262,-0.39502318749174853,-0.024018251453647336,-2.0473477227143206,0.004633500644818634,-0.40900717219028176,-1.30573492481519,-0.6372641263868966,0.02978755065944235,0.025507131204963087,0.018153966236570576,0.028249445887811347,-0.335410098344343,-0.01337382788596811,-0.023132363710287377,-0.3945914079448237,0.02362482875727233,-0.024151766381827994,-0.056932117968078545,0.07593879928540163,-0.024177884933483714,-0.0568923468225491,-0.07593467352703251,0.9446913281400564,-0.4177706294839788,-0.001485277837077371,-2.318782935760179,0.01219810672306336,0.033104560359539716,1.9278351010802333,2.928676570902035,0.06777497294795355,-0.000634133751787171,0.03438196428348629,0.002543305482759305,0.162670863583252,0.019203706396874985,-0.009526731216431647,-0.007768149718989516,-0.0019234371837032632,-2.5086824553719254,-0.0010859563688267165,0.03984083016686339,2.5809112713975404,-0.13942568776631786,0.059974955803779845,-0.0011225819717253138,0.08317658249028183,0.0029383778560334813,0.22155309194239475,-0.027043148036714437,-0.015071191711707425,-0.014306269876118051,0.0009106177135677989,0.010965434442268338,-0.0026989531760124225,-0.0009196278888454957,0.014997828212258214,-4.082130255420578e-05,0.002080200729406199,0.6171403588203989,-5.6901924186863475e-05,0.2807151582410532,nan,nan,nan,nan,nan,nan
331,1.6599999999999866,Standing,0.863536276544269,0.4539477550747648,1.5716673128677394,-2.0518234274754255,0.003988343675170135,-0.41318614940430143,-1.567329769689689,0.8348851790123576,0.020970782752068668,0.025678289821256053,0.01385876806033962,0.027301507764002166,-0.35799274273623877,0.01074621556922381,-0.02156180898157892,-0.3950659778627432,-0.024028837368266207,-2.059846156595765,0.004625865200937993,-0.408810888755673,-1.292976587900309,-0.6375640291151853,0.03008164276637282,0.02550100617528027,0.018570183988893527,0.028259557212306916,-0.3343134289868787,-0.013507813468062702,-0.023206846057777626,-0.3946620023056696,0.023628350978031242,-0.02409441331176999,-0.0569172561583151,0.07592739180174586,-0.024112916423761233,-0.05689479840980484,-0.07592587465235871,0.94516978170661,-0.425557560950441,-0.0026751829419592917,-2.369992844782741,0.012798998462585018,0.036720361563321396,2.1019063358786116,3.538492755493028,0.07787142301347941,-0.001030726832807802,0.042849298174776757,0.0033766655976513083,0.17906127841156283,0.02114117672393899,-0.010243550478332052,-0.008558074198935757,-0.0021171829237738794,-2.49968677628887,-0.0015270887761281741,0.039256686921753624,2.5516673829761922,-0.059980545657754694,0.05881842138609407,-0.0012250059365637367,0.08324355046459031,0.0020222648991138027,0.21933387149285655,-0.026797116418918528,-0.014896469498049516,-0.01411887216917801,0.0007044441517824527,0.01147061401160063,0.0029723619526892757,-0.0022814967311542873,0.012993701944496082,-0.0004903174511471898,0.0017597749347604637,0.6208232315520449,-5.65951692808475e-05,0.27921422643914195,nan,nan,nan,nan,nan,nan
332,1.6649999999999865,Standing,0.868251669122671,0.4517781556777293,1.571648967171193,-2.0637771108320595,0.004051434020175277,-0.4129930433675085,-1.5563125773642998,0.8535846778027317,0.021394086113221338,0.025672721295692504,0.014105636621653697,0.027323453389351385,-0.3570464165415354,0.01085798280136502,-0.02161494038089875,-0.395111235574879,-0.024040026360759217,-2.072278954764069,0.004615938608243546,-0.4086188168101199,-1.280359487931933,-0.6384450055507545,0.03036775071617423,0.02549521712645342,0.018982990907632027,0.02826590228202337,-0.33322754623823997,-0.013640576138722067,-0.023280391690394652,-0.39473201840258443,0.023631108513606745,-0.024042830843146262,-0.05690511593395132,0.07591734119548427,-0.02405884827394014,-0.05689845473242211,-0.07591878433410118,0.9430785156804137,-0.4339198794071063,-0.003669139309288899,-2.390736671326814,0.012618069001028418,0.03862120735858495,2.2034384650778422,3.7398997580748192,0.08466067223053406,-0.0011137051127095084,0.049373712262815436,0.004389125069844171,0.18926523894067604,0.022353446428242017,-0.01062627986396603,-0.009051542427153987,-0.0022377984986021605,-2.4865596336607743,-0.001985318538889438,0.038414389110614906,2.5234199936751587,-0.17619528711382693,0.05722158996028141,-0.0011578097653697473,0.08256138374769983,0.0012690139432904321,0.21717654972774642,-0.02655253413187297,-0.014709126523404975,-0.014003219382958837,0.0005515071151005052,0.010316493724745465,0.002428044872755061,-0.0020101212523193734,0.010813629964219112,-0.0007312645234537685,0.0014180636515068365,0.6245060700720553,-5.628298705975831e-05,0.2776865731818636,nan,nan,nan,nan,nan,nan
333,1.6699999999999864,Standing,0.8729453237637261,0.44956474894174586,1.5716268303954861,-2.075745520697496,0.0041115303684048626,-0.41279609102586956,-1.545067980739946,0.8719588627495737,0.02183670134816222,0.025667348368380315,0.01437657628402823,0.027350143253668992,-0.35607418104423394,0.01097287084445217,-0.021668745809062768,-0.39515775164994454,-0.02405152161388929,-2.084634604101538,0.004603718956572075,-0.4084307916518279,-1.2679641054142285,-0.639773805609888,0.03064593077312405,0.025489269720598746,0.019391214654979953,0.028268212917845162,-0.332159615789788,-0.01377124094848648,-0.023352103684538883,-0.394802413102663,0.023633804182063914,-0.024006217655131685,-0.0569169238865222,0.07591467506344036,-0.024016660526076265,-0.05690288666058778,-0.07591361872486997,0.9387309282110142,-0.4426813471966786,-0.004427355141373883,-2.393681973087329,0.012019269645917121,0.03939046832779469,2.2489193248707973,3.674836989368385,0.08852304698817692,-0.0010745854624380049,0.05418793247490651,0.005337972863521369,0.194447099460291,0.02297760861743004,-0.010761085632803613,-0.00930321501310887,-0.0022990506260145015,-2.4711298674938402,-0.00244393033429428,0.03760503165840354,2.4790765035409295,-0.26576001182670206,0.0556360113899637,-0.0011894811709353287,0.08164474946958494,0.000462127164358894,0.21358608969039333,-0.02613296195288235,-0.014342398828846425,-0.014078940015713106,0.0005391336914333724,0.007322637602915613,-0.002361590514176189,-0.0005332264087804565,0.008437549572775021,-0.0008863856331339315,0.0010331218462422552,0.6281815848577983,-5.59648061112018e-05,0.2761286852743673,nan,nan,nan,nan,nan,nan
334,1.6749999999999863,Standing,0.8776081992417383,0.44730651844268543,1.571602456238667,-2.087680436214856,0.004167061875533511,-0.41259950214141244,-1.53382744613458,0.8890414749376828,0.022286832674452493,0.025662254389056012,0.014663765437740988,0.027380748931164673,-0.3550972775145206,0.011088390399771055,-0.02172222099713805,-0.3952045037325809,-0.02406307205068274,-2.096904278016086,0.004589291838683849,-0.408247323189794,-1.2558494567708514,-0.6415658546729561,0.030915608705287204,0.025483045525499768,0.019792854134665153,0.02826662631015216,-0.33111496900117593,-0.013899145495753178,-0.02342143832635147,-0.3948735235059194,0.023636802155955677,-0.02397755296205447,-0.056926298842581456,0.07591253224521653,-0.023986660709888887,-0.056906135698068794,-0.0759099814484128,0.93257509560243,-0.45164609981209053,-0.004874831363810617,-2.386983103471978,0.011106301425729714,0.03931777689142397,2.2481069210731617,3.416522437621838,0.09002626525805438,-0.0010187958648604915,0.05743783074255154,0.006121135499136179,0.1953807059426722,0.023103911063776763,-0.010695037615056033,-0.009350416527277824,-0.002310087358690017,-2.453934782909649,-0.002885423577645218,0.03669369240677273,2.422929728675426,-0.35840981261362587,0.05393558643263134,-0.0012448390197952088,0.08032789593704033,-0.00031732153860032414,0.20892935772240467,-0.02558090945333961,-0.013866928362517525,-0.014222080651284386,0.0005995947783525061,0.005732938615442974,-0.001874991211851536,-0.00042856364476535826,0.005999963237475801,-0.0006498074962024336,0.000727455291435176,0.6318428350987245,-5.5640563568635345e-05,0.2745395904691069,nan,nan,nan,nan,nan,nan
335,1.6799999999999862,Standing,0.8819044796346298,0.4452672885366727,1.570875508870763,-2.097771660836699,0.004214462906203561,-0.4124230127170163,-1.523895559624117,0.9041278779794679,0.02272415877200157,0.02565528389302571,0.014949770161989836,0.027413310290015806,-0.35422000074422383,0.011192182999181038,-0.021767961610274816,-0.3952464313619129,-0.024073440446719444,-2.1051512396266565,0.004574076091192606,-0.4081345113860192,-1.248719507148579,-0.6442202726521812,0.03114187033590535,0.02547094210463687,0.02015470943994458,0.02826045750513503,-0.3304596357523569,-0.013980913898391253,-0.0234624645922169,-0.39492820314948895,0.02363601050912675,-0.023959690826729486,-0.05695417837599389,0.07591591865437272,-0.023984880852465904,-0.05698419613980118,-0.07592645177869874,0.859256078578313,-0.40784598120254734,-0.14538947358079218,-2.0182449243686316,0.009480206134010091,0.03529788487922223,1.986377302092576,3.017280608357009,0.08746521950981564,-0.0013940992060606703,0.05720094484976959,0.00651227177022633,0.17545535405934928,0.02075851988199685,-0.009148122627353181,-0.0083855258663911,-0.0020736792073408894,-1.6493923221141102,-0.0030431494982485156,0.022562360754963103,1.4259899244544516,-0.5308835958450011,0.04525232612362959,-0.0024206841725797623,0.07237106105588528,-0.0012337610034259888,0.13106664976381294,-0.016353680527614947,-0.008205253173086045,-0.010935928713902258,-0.0001583293657855619,0.0035724270649967697,-0.005575906682487289,0.0006772818312382136,0.0003559714845969156,-0.015612088346477435,-0.0032940660571870767,0.6354835311157976,-5.5310130577142324e-05,0.27291972939479936,nan,nan,nan,nan,nan,nan
336,1.684999999999986,Standing,0.8857400932292318,0.44354992999898485,1.5690532346106785,-2.1041003174082245,0.004243612308227591,-0.41229920717357577,-1.517202957787335,0.914456616263033,0.023109244754105546,0.02564564509507995,0.01520755931658649,0.02744635237787958,-0.35359931134654016,0.011265698406594056,-0.02179619777383493,-0.39527616477206523,-0.0240807716694158,-2.1102799439869226,0.004562901478367633,-0.4080663736141357,-1.244779655600768,-0.6443850238769758,0.03133319606361274,0.025453842749380062,0.020466497100696965,0.028253522643880744,-0.3300761369660401,-0.01403011343793231,-0.023485723225267797,-0.3949723357965844,0.02363453018922254,-0.023943189695503946,-0.05698751638898652,0.07592030379459895,-0.02396283485567058,-0.05696158154992258,-0.07591816309654516,0.767122718920393,-0.34347170753757184,-0.3644548520169109,-1.2657313143050561,0.0058298804048059465,0.02476110868810813,1.3385203673564363,2.0657476567130186,0.07701719642079512,-0.0019277595891523311,0.05155783091933106,0.006608417572754734,0.12413787953673289,0.014703081482603447,-0.005647232712023206,-0.005946682030461323,-0.0014662445392714869,-1.025740872053225,-0.002234922564994594,0.01362755437669141,0.7879703095622105,-0.03295024495892512,0.03826514554147797,-0.003419871051361095,0.06235753215047672,-0.0013869722508570953,0.07669975726335743,-0.009839907908211522,-0.004651726610179357,-0.008826529419094523,-0.00029606398084159187,0.003300226245107904,-0.006667602598525753,0.0008770280452460548,0.004409199359064775,0.004522917975720268,0.0016577364307154628,0.638888187959247,-5.5033026439048704e-05,0.27155932954223794,nan,nan,nan,nan,nan,nan
337,1.689999999999986,Standing,0.8891781743059571,0.44215441694528923,1.5664199110972843,-2.1079827576905394,0.004263541691467175,-0.41220804020888563,-1.5123051828895009,0.9218669449171958,0.023429606500870465,0.02563678643563389,0.01543890597704688,0.027478316076412778,-0.3531352914816279,0.011320782864375973,-0.02181597375911419,-0.39529844168530653,-0.02408625223747075,-2.1133307775730574,0.0045554621617589965,-0.408030881364239,-1.2426019694117048,-0.6443287706374904,0.03148924541693418,0.025437194320805427,0.020725779261648758,0.02824931660854845,-0.329855182704639,-0.014059681382159508,-0.023501131276025097,-0.39500643154565585,0.023632286219112696,-0.02391709809943439,-0.056948151313180255,0.0759078828090534,-0.02393919998873168,-0.056945126624095885,-0.07591090265603802,0.6876162153450782,-0.2791026107391271,-0.526664702678832,-0.776488056462968,0.00398587664791679,0.01823339293803053,0.9795549795667967,1.4820657308325629,0.06407234935298357,-0.001771731889211918,0.046269332092078085,0.006392739706639965,0.09280397298244478,0.011016891556383523,-0.003955197055852097,-0.004455382648261506,-0.0010961136109900156,-0.6101667172269716,-0.0014878633217272363,0.007098449979347845,0.43553723781265147,0.011250647897095019,0.03120987066428739,-0.0033296857149273315,0.05185643219035847,-0.0008412070664586329,0.04419085228022194,-0.005913588845439438,-0.0030816101514595275,-0.006819149814283851,-0.00044879402196896525,0.005218319213911757,0.00787301516125226,-0.0024841971091095713,0.004726973387779488,0.003290985165339028,0.00145208810142657,0.6419311975268062,-5.483921144068379e-05,0.2706036676894166,nan,nan,nan,nan,nan,nan
338,1.6949999999999859,Standing,0.8922869546240273,0.44103875753814276,1.56311237630532,-2.1102325041390353,0.004278858467610807,-0.4121359617082713,-1.5083288316791181,0.9273568790439625,0.023691000822568815,0.025629922806633048,0.015644578543277082,0.027508597018312486,-0.35276141381442516,0.011365293499133074,-0.02183226655404122,-0.3953164267731264,-0.024090670355303698,-2.1149824611540176,0.004549594203673696,-0.4080048887669631,-1.2410110161932042,-0.6442306475493614,0.03161847370842789,0.02542267843351069,0.020770895094238344,0.028296320945222556,-0.32970144740105134,-0.014077494254754038,-0.023515123231505786,-0.39503387688190567,0.02363057272007567,-0.023917301904078304,-0.05700043864764125,0.07591900948075314,-0.023932432787477184,-0.05699006667057022,-0.07591934811030893,0.621756063614035,-0.22313188142929094,-0.6615069583928497,-0.4499492896991275,0.003063355228726267,0.014415700122865822,0.7952702420765427,1.097986825353346,0.05227886433967029,-0.0013727258001683892,0.04113451324604016,0.006056188379941902,0.0747755334405472,0.008902126951419943,-0.0032585589854058185,-0.0035970175639711698,-0.0008836235665896904,-0.33033671619202043,-0.0011735916170602257,0.005198519455172552,0.3181906437001023,0.019624617625794705,0.025845658298741265,-0.002903177458947653,0.009023166517917111,0.009400867334820692,0.0307470607175293,-0.003562574518906057,-0.0027983910961376303,-0.005489067249964523,-0.0003426998074050249,-4.076092878282662e-05,-0.010457466892198,0.0022253343399483735,0.0013534402508995698,-0.008988009294867913,-0.0016890908541823133,0.6446226157343411,-5.472377178672935e-05,0.2700350390779988,nan,nan,nan,nan,nan,nan
339,1.6999999999999857,Standing,0.8951240776101684,0.440154392122969,1.5592570661261547,-2.111377108084819,0.0042919482690784725,-0.412072988416796,-1.504733735542262,0.9314819482640314,0.02388432329831444,0.025627977636273908,0.0158263803924102,0.027537061039747544,-0.3524326207903626,0.011404534741420143,-0.021847826185532795,-0.3953322644761457,-0.02409455872665554,-2.1156747580870814,0.00454368773862108,-0.4079763393844095,-1.2391822370550523,-0.6457004579761783,0.03172708657071781,0.02541225753466836,0.020580167173836653,0.028403665562782145,-0.32954260204861885,-0.014091494222640798,-0.02353178417285674,-0.39505771587370575,0.023630093608818473,-0.023903015218228626,-0.0569407859151245,0.0759040509457015,-0.023912821541096266,-0.05695423739493826,-0.0759085585325963,0.5674245972282345,-0.17687308303475166,-0.7710620358331017,-0.22892078915674213,0.0026179602935330806,0.012594658295060283,0.7190192273712241,0.8250138440137917,0.03866449514912516,-0.00038903407182823446,0.03636036982662306,0.005692804287011714,0.06575860481251525,0.007848248457413791,-0.0031119262983155473,-0.0031675406038678636,-0.0007776742703681488,-0.13845938661280197,-0.0011812930105229813,0.005709876510717793,0.36575582763039016,-0.2939620853633567,0.021722572457984497,-0.002084179768466544,-0.03814558408033821,0.021468923511917565,0.031769070486495486,-0.002799993577351976,-0.003332188270190805,-0.004767798360021405,-9.582225143975158e-05,0.0028573371699357757,0.01193054650334967,-0.0029917070103285142,0.003922249276183719,0.007165855126392191,0.002157915542524756,0.646990712411231,-5.467801660640184e-05,0.2698071092659122,nan,nan,nan,nan,nan,nan
340,1.7049999999999856,Standing,0.8977307275422699,0.43945313898793953,1.5549652605214705,-2.1117188702047334,0.00430381719734636,-0.4120134288655008,-1.5012617874890757,0.9344844982960185,0.02400431273412337,0.0256328806925824,0.0159868375201344,0.027563750991152533,-0.3521244719083604,0.011441368460739072,-0.021863697792357365,-0.39534710419902924,-0.02409820524419484,-2.115660238255187,0.004537535788745128,-0.40794248999707255,-1.2370486698571146,-0.6475459599869782,0.03182320371448473,0.02540397218188555,0.020285633182091416,0.02853486833833404,-0.3293675668257818,-0.014105296374840356,-0.023550159019177397,-0.39508044427239397,0.02363153519603219,-0.02393007065154861,-0.05702502184389652,0.07592632272305792,-0.02391253913433796,-0.05699776733818067,-0.07591778814097654,0.5213299864202902,-0.14025062700588353,-0.8583611209368263,-0.06835242398285957,0.0023737856535775348,0.011911910259045592,0.6943896106372817,0.6005100063974359,0.023997887161785473,0.0009806112616986865,0.03209142554484068,0.005337990280997794,0.06162977640044483,0.007366743863785868,-0.0031743213649140737,-0.0029679445767012407,-0.0007293035078600513,0.002903966378876577,-0.0012303899751905667,0.006769877467392562,0.426713439587525,-0.3691004021599776,0.01922342875338396,-0.001657070556561745,-0.058906798349047315,0.026240555110379093,0.03500704456741002,-0.0027604304399118824,-0.0036749692641313393,-0.004545679737644778,0.0002883174427432874,-0.005411086663997427,-0.016847185754404574,0.00445435547128341,5.6481351661140464e-05,-0.008705988648481593,-0.0018459216760468196,0.6490729821560461,-5.4689465045905455e-05,0.2698609906566392,nan,nan,nan,nan,nan,nan
341,1.7099999999999855,Standing,0.900143870628466,0.4388952729584666,1.5503743665653433,-2.111491849881221,0.004314875426713674,-0.4119543561846272,-1.49777678390047,0.9364262718227598,0.02406281101850336,0.02564405243897678,0.016129404393269677,0.027588810324676513,-0.3518224485500499,0.011477490293373969,-0.021880305266207684,-0.3953616307738309,-0.02410178061139183,-2.1151423057251164,0.004531360991462964,-0.40790619705745945,-1.2346645920316552,-0.6495308332467173,0.03191002298743243,0.025397243640255147,0.02001360735166034,0.02865493299240817,-0.32917601093481,-0.014121309683747618,-0.023569521637343965,-0.39510247181469466,0.023634318728312384,-0.023940730239674374,-0.05691609698893823,0.07590488571059295,-0.02389877294982632,-0.05694609147080132,-0.07590449489614055,0.4826286172392149,-0.11157320589458497,-0.9181787912254269,0.04540406470247302,0.0022116458734627053,0.011814536174715187,0.6970007177211264,0.3883547053482518,0.011699656875997538,0.00223434927887558,0.028513374627055534,0.005011866704795848,0.06040467166209519,0.007224366526979437,-0.003321494770063903,-0.0029053149603333393,-0.0007150734393982958,0.10358650601407146,-0.0012349594564327647,0.007258587922625241,0.47681556509185036,-0.39697465194784154,0.017363854589539766,-0.0013457083260804558,-0.05440516608621522,0.024012930814826097,0.03831117819435554,-0.003202661781452296,-0.003872523633313604,-0.004405508460137868,0.0005567064560389111,-0.00213191762515286,0.021784970991657812,-0.004287402492995189,0.002753236902328332,0.010335173475869739,0.0026586489671964223,0.650908818118758,-5.474706588443401e-05,0.27013910182528006,nan,nan,nan,nan,nan,nan
342,1.7149999999999854,Standing,0.9023914406317161,0.4384456732810339,1.5455829590683685,-2.110823670064581,0.004325163457480301,-0.41189532479790447,-1.4942675551240499,0.9372915627557988,0.024081285443858437,0.025659235982005424,0.01625749799117273,0.027612345864351805,-0.35152260652147954,0.01151335174959861,-0.021897450035717834,-0.3953760318395192,-0.02410533064200908,-2.114246137203744,0.004525173724936147,-0.4078683507052947,-1.232101724566026,-0.6514086738954007,0.031989561460739335,0.025391633924300588,0.019803111484845305,0.02875355699972717,-0.32897082126003624,-0.014139924728008854,-0.023589245021351922,-0.39512395454739524,0.023637793967303956,-0.023983960543090436,-0.05698648286711346,0.07592680600269092,-0.023922497773835254,-0.05702866995335465,-0.07592600646669836,0.44951400065000324,-0.0899199354865336,-0.9582814993949552,0.13363596332799826,0.002057606153325352,0.01180627734455385,0.7018457552840642,0.17305818660780348,0.00369488507101543,0.0030367086057292696,0.025618719580610644,0.0047071079350584025,0.05996840571407641,0.007172291244928262,-0.0034289539020297844,-0.0028802131376574674,-0.0007100061234502402,0.17923370427445295,-0.001237453305363394,0.007569270432949702,0.5125734931258442,-0.3755681297366731,0.01590769466138118,-0.0011219431909120013,-0.04209917336300707,0.0197248014637999,0.041037934954759395,-0.0037230088522474366,-0.00394467680159119,-0.004296546540116093,0.0006950477983147776,-0.008646060683212073,-0.014077175635046672,0.004384058419591937,-0.004744964801786655,-0.01651569651066587,-0.0043023141115630555,0.6525422319673759,-5.48383456956903e-05,0.27058576589740874,nan,nan,nan,nan,nan,nan
343,1.7199999999999853,Standing,0.904501570053977,0.43806933763505485,1.5406869238358343,-2.1098602939577296,0.004334836039259853,-0.4118360497101999,-1.490714338430878,0.9371177708384791,0.02408149714067394,0.02567600586743472,0.016374750585177716,0.02763443904974392,-0.35122143483306517,0.011549360468042322,-0.02191507882271919,-0.3953904770150074,-0.024108896420677543,-2.113116787442213,0.004518891575926609,-0.40782866746418794,-1.229376442228329,-0.6529684876663617,0.032063410986466256,0.02538691612389536,0.019658561980593674,0.02883027207453449,-0.32875187787563903,-0.014161259469586905,-0.023609193683592582,-0.39514502811427676,0.023641404288699264,-0.02399239803482687,-0.05698018625848946,0.07592678944212919,-0.023935957046588338,-0.056906312037464685,-0.07590196194362248,0.4220258844521951,-0.07526712919581174,-0.9792070465068501,0.1926752213702727,0.0019345163559103572,0.011855017540914583,0.7106433386343514,-0.03475838346393123,4.2339363101234154e-05,0.003353977085859249,0.023450518800997345,0.004418637078423263,0.06023433768287243,0.0072017436887421085,-0.0035257574002707736,-0.0028890350976454636,-0.0007131557336924911,0.22586995230620566,-0.0012564298019076836,0.007936648221350857,0.5450564675393867,-0.3119627541922105,0.014769905145383667,-0.0009435600810452326,-0.028909900850326433,0.015343014961464101,0.04378867687943869,-0.004266948315610092,-0.003989732448131885,-0.004214713376301662,0.0007220642790615453,-0.0016874983472862596,0.0012593217248005172,-3.312112344378698e-06,-0.0026918545506167614,0.024471583177993552,0.004808904615177509,0.6540090742703721,-5.495448748694343e-05,0.27115361793266723,nan,nan,nan,nan,nan,nan
344,1.7249999999999852,Standing,0.9064936016720063,0.4377419637181361,1.5357564959340548,-2.1086950756118914,0.004344030156656923,-0.4117765101182943,-1.4871217078361492,0.9359730695887197,0.024076972347326527,0.02569283382102179,0.01648432214443984,0.02765515416045147,-0.35091799341365304,0.011585623564502778,-0.02193304189840412,-0.39540501344037143,-0.02411248873557954,-2.1118216268077252,0.004512533660571846,-0.4077878824361142,-1.2265593606616998,-0.6541006274872548,0.03213222029718288,0.02538292856546484,0.019575369292313283,0.028886925224165576,-0.32852387329590793,-0.014184733293410759,-0.023629032623853612,-0.3951654677521507,0.0236446381527105,-0.023982312789507822,-0.0569458444220227,0.07591783263545882,-0.023995048824802523,-0.05699266931966983,-0.07592999228359269,0.39840632360586964,-0.06547478338374674,-0.9860855803558807,0.23304366916761354,0.0018388234794139702,0.011907918381115197,0.7185261189457662,-0.2289402499518793,-0.000904958669482883,0.0033655907174143965,0.021914311852424876,0.004143022141509593,0.06068828388242357,0.007252619292091156,-0.0035926151369861914,-0.0029072850728082454,-0.0007184629803993334,0.2590321268975185,-0.0012715830709525244,0.00815700561474598,0.5634163133258816,-0.22642796417862734,0.013761862143324142,-0.0007975116861042252,-0.016638537656078294,0.011330629926217143,0.04560091594622032,-0.0046947647647707855,-0.0039677880522059035,-0.00408792757479227,0.0006467728022473086,0.0020170490638094073,0.006868367293352682,-0.0017913613340745146,-0.011818355642836982,-0.017271456441029325,-0.005606067994043546,0.6553431186318869,-5.5086528541364444e-05,0.27179658316596866,nan,nan,nan,nan,nan,nan
345,1.729999999999985,Standing,0.9083854461725389,0.43744382490997386,1.5308587758503382,-2.1074142562644456,0.004352860275746318,-0.4117165853840213,-1.4834891050980334,0.9339559016476479,0.024074953454407497,0.02570894318337054,0.016588884407845294,0.02767456182766798,-0.3506114810556434,0.011622235613465256,-0.02195127157027624,-0.3954196845932542,-0.02411611696277448,-2.1104553243930795,0.004506056279091239,-0.40774631271947165,-1.2236217297616037,-0.6552137239026588,0.032196171217002335,0.02538003871760461,0.019546015187342735,0.02892630460456493,-0.3282840750466326,-0.014210608900157688,-0.023649029652457347,-0.3951854008776,0.023647252260087813,-0.02397528767962572,-0.05697234380624739,0.07592230317198155,-0.024011397503493227,-0.05698123555573959,-0.07593013021626273,0.3783689001065097,-0.05962776163244877,-0.979544016743324,0.2561638694891536,0.0017660238178790189,0.011984946854601877,0.7265205476231634,-0.4034335882143749,-0.0004037785838056899,0.0032218724697496673,0.020912452681090772,0.003881533443302249,0.061302471601926325,0.007322409792495752,-0.0036459343744242,-0.002934230576551361,-0.0007256454389885982,0.2732604829291188,-0.0012954762961214028,0.008313943328510171,0.5875261800192485,-0.2226192830807811,0.012790183963891475,-0.0005779695720463883,-0.005870820994109514,0.007875876079870617,0.04795964985507155,-0.005175121349385842,-0.0039994057207468495,-0.003986625089854528,0.0005228214754627518,0.0014050219764200332,-0.005299876844939271,0.0008941073045468399,-0.003269735738140645,0.002286752786047678,-2.7586534006553837e-05,0.6565700295367051,-5.522525145632106e-05,0.27248121083326615,nan,nan,nan,nan,nan,nan
346,1.734999999999985,Standing,0.910190424092156,0.43715981623472167,1.5260439755003838,-2.1060910791074887,0.0043615070045729875,-0.411655987804519,-1.479808036469402,0.9312303804084168,0.02407907667687324,0.02572397902219216,0.016690629792291384,0.02769272498806983,-0.35030080113516954,0.011659327353382539,-0.02196976159982491,-0.39543454471504447,-0.02411979399951559,-2.109075859903629,0.004499411132739256,-0.40770402424130464,-1.2205958197153335,-0.6563272807776033,0.032256103181990736,0.02537802090362279,0.01956435316355295,0.028950456160794284,-0.3280349885328605,-0.014238539654261109,-0.023668897729878555,-0.39520521979205614,0.023649367864236777,-0.023960453786942188,-0.056981181322262736,0.07592175703336389,-0.02400414762559484,-0.056937880641519306,-0.07591962556122073,0.3609955839234263,-0.05680173505043698,-0.9629600699908849,0.26463543139133877,0.001729345765333884,0.012119515900456977,0.7362137257262981,-0.5451042478462242,0.0008246444931486809,0.0030071677643243155,0.020349076889217825,0.0036326320803700793,0.06213598409476472,0.007418347983456579,-0.0036980059097334816,-0.002972024358050167,-0.0007354073482216079,0.27589289789008187,-0.0013290292703966478,0.008457695633404975,0.6051820092540218,-0.22271137498890692,0.011986392997680072,-0.0004035627963642218,0.00366759524204297,0.004830311245870595,0.04981730275442189,-0.00558615082068419,-0.003973615484241557,-0.003963782891220038,0.0004231208297928121,0.0029667785367065006,-0.0017675032030687941,-0.00010922772353241339,0.0014499755796770339,0.008670982844057089,0.0021009310084007192,0.6577118701198659,-5.536774600860827e-05,0.2731789601307201,nan,nan,nan,nan,nan,nan
347,1.739999999999985,Standing,0.9119181983859742,0.4368793309160944,1.5213495772968584,-2.1047777445506157,0.0043700947728899245,-0.41159453828914655,-1.476076727438392,0.9279880926684856,0.024090769323998264,0.025737825018858563,0.016791180264498,0.027709714420066575,-0.34998554700968126,0.011696948869422973,-0.02198848443347559,-0.39544961537353923,-0.02412352462402907,-2.107723681757102,0.004492596980984616,-0.4076612970979517,-1.2175128804799928,-0.6574981379016942,0.03231257495937987,0.025376717587375783,0.019623962120739174,0.028961405901076907,-0.32777923003684445,-0.014268152991818406,-0.023688412816217492,-0.39522518456736255,0.023651127954157875,-0.02394070927342699,-0.05696541612524042,0.07591520575128198,-0.02399787944769703,-0.05696108650961514,-0.07592355238298923,0.34555485876363073,-0.05609706372545325,-0.9388796407050819,0.26266691137455983,0.0017175536633873983,0.012289903074492289,0.7462618062020204,-0.6484575479862298,0.0023385294250045964,0.0027691993332805164,0.02011009444132277,0.0033978863993493753,0.06305082509765528,0.007524303208086743,-0.0037445667301361295,-0.0030141316989549215,-0.0007461249026960296,0.2704356293054072,-0.0013628303509279416,0.008545428670595212,0.6165878470681195,-0.23417142481818615,0.011294355477827398,-0.00026066324940073266,0.011921791437244833,0.0021899480565243296,0.05115169920321035,-0.005922667511459611,-0.0039030172677871106,-0.003992955061278151,0.00035201798421942237,0.003948902703039777,0.003153039404463221,-0.0013102564163802544,0.0012536355795621078,-0.0046411736191675,-0.0007853643537016316,0.658785529975285,-5.5508645373568576e-05,0.27386838648484607,nan,nan,nan,nan,nan,nan
348,1.7449999999999848,Standing,0.913576105283705,0.4365950134310727,1.5168050859652833,-2.1035109722025966,0.004378681764473383,-0.4115321950966571,-1.472299935787185,0.9244326739535303,0.02411015815411127,0.025750497966586645,0.01689164046962638,0.02772560987482315,-0.3496659497256391,0.011735075356605777,-0.02200739148592599,-0.3954648876926668,-0.024127306105083193,-2.1064364303233774,0.0044856385621899995,-0.4076182545055396,-1.2144009280537698,-0.6586762284504685,0.03236621210369631,0.02537590658369224,0.01971888315687055,0.028960947714420843,-0.32751937466906517,-0.014299072837042893,-0.023707401293255093,-0.39524546971755775,0.023652692174484916,-0.023926985254234652,-0.05698680772594014,0.07591753801422443,-0.023983978779401813,-0.05698159061888181,-0.07592566366652678,0.33158137954616784,-0.05686349700432823,-0.9088982663150029,0.25335446960380054,0.0017173983166915855,0.012468638497890153,0.7553583302413839,-0.7110837429910517,0.003877766022600789,0.0025345895456161094,0.02009204102567571,0.0031790909513146294,0.06391945680843938,0.007625297436560748,-0.0037814104900797635,-0.003054463825517801,-0.0007562962108247943,0.25745028674493114,-0.0013916837589234017,0.008608518482410012,0.6223904852445966,-0.23561810975484374,0.010727428863287022,-0.00016220073670888453,0.018984207226275498,-9.163733121267349e-05,0.05197107355585897,-0.006183969044897404,-0.0037976954075205917,-0.004057030039034243,0.0003128440654080757,0.0027448038384675177,-0.004278320139944274,0.00046645258849178895,0.0027801336590432112,-0.004100821853333829,-0.0004222567075115571,0.6598034852570897,-5.564408299219532e-05,0.2745340690941214,nan,nan,nan,nan,nan,nan
349,1.7499999999999847,Standing,0.9151697418727948,0.43630204795652605,1.512434207500519,-2.1023237826707977,0.0043873204797808514,-0.41146887796006376,-1.4684773022853035,0.9207840835124598,0.024136801788298537,0.02576208526729976,0.016992768785477754,0.027740496735123948,-0.3493419483117868,0.011773716780552935,-0.022026473651749992,-0.39548036610443654,-0.02413113919414443,-2.105240846471167,0.004478584069006461,-0.4075752309722184,-1.2112896530710096,-0.659839490625371,0.03241737133063078,0.0253754430774122,0.01984340018920771,0.028950748667362452,-0.32725812192538395,-0.014330901858589502,-0.0237257564946676,-0.39526604777237856,0.023654141810520092,-0.023909637518469178,-0.05697411946570054,0.07591202489636613,-0.023962383344377183,-0.05696300889419393,-0.07591816661032949,0.31872731781794494,-0.058593094909330456,-0.8741756929528381,0.2374379063597587,0.0017277430614937304,0.012663427318666544,0.7645267003763208,-0.7297180882141193,0.005328726837453933,0.002317460142622781,0.020225663170275264,0.002977372060159717,0.06480028277045567,0.0077282847894316175,-0.0038164331648002986,-0.0030956823539509924,-0.0007666178122468487,0.23911677044201884,-0.001410898636707651,0.00860470666424329,0.622254996552033,-0.2326524349804918,0.010231845386894619,-9.27012560085277e-05,0.02490340646743156,-0.0020398094116781625,0.052250548736238994,-0.006365804309321762,-0.0036710402825008833,-0.004115610964160952,0.0002899272070355305,0.0034695471530944684,0.0025376520479209914,-0.0011026235716620027,0.00431908700492602,0.0037163449375762258,0.0014994112394578218,0.6607752540354297,-5.577270009936527e-05,0.2751649103814888,nan,nan,nan,nan,nan,nan
350,1.7549999999999846,Standing,0.9167020344805772,0.43599862181271853,1.5082511560407799,-2.1012284585294223,0.004395991526054154,-0.4114047578947817,-1.464622368731297,0.9172445101469471,0.02416997610685727,0.025772674048136105,0.01709490876244498,0.027754465704661536,-0.3490146015415393,0.011812750349462208,-0.02204564973054037,-0.39549600156659354,-0.024135011385438273,-2.1041456687529134,0.004471507190267343,-0.4075326677267673,-1.2082156922355753,-0.6609606118248053,0.03246623010468789,0.025375200896182722,0.0199911160044522,0.02893263531056075,-0.3269987246178746,-0.014363148187800191,-0.023743365651829183,-0.3952867606772749,0.023655510205472137,-0.023898479708719778,-0.05699463014760783,0.07591461821697239,-0.023944399205240375,-0.05697337210991817,-0.07591748928158991,0.3064585215564865,-0.06068522876149936,-0.8366102919478154,0.21906482827507437,0.0017342092546605552,0.012824013056416924,0.7709867108013247,-0.7079146731025356,0.00663486371174608,0.0021177561672689636,0.02042799539344533,0.0027937939075176567,0.06546935404949718,0.007806713781854667,-0.0038352157580751924,-0.003127092431396785,-0.0007744382587688153,0.21903554365076472,-0.0014153757478236083,0.008512649090236371,0.6147921670868506,-0.22422423988685053,0.009771754811421613,-4.843624589556556e-05,0.0295431630488976,-0.003622671360340889,0.05187946150186778,-0.00644926584213806,-0.003521831432317011,-0.004142580979274818,0.00027367899040885835,0.0022315619498799516,-0.004102136381459629,0.0005186641212525859,0.0035968278273618677,-0.0020726431448485896,0.00013546574791667562,0.6617081211058787,-5.589266377328532e-05,0.27575309114115754,nan,nan,nan,nan,nan,nan
351,1.7599999999999845,Standing,0.9181756842860245,0.43568395283380007,1.5042683434992181,-2.100240998997642,0.004404675757055022,-0.41133993533391683,-1.4607408238135127,0.9140027119783827,0.02420886136674174,0.02578237900510725,0.017198211021574896,0.02776761259126019,-0.3486844357143601,0.011852116303478794,-0.022064893049889834,-0.39551177028693985,-0.024138916510227273,-2.1031619505443144,0.00446443808574237,-0.4074907435907782,-1.205196092853892,-0.6620516548809141,0.03251290809591806,0.025375134274841345,0.020152829109197377,0.02890934735906908,-0.32674289216589314,-0.014395424560094823,-0.02376024695029781,-0.3953074534962454,0.023656816537836686,-0.023883389643672582,-0.056962437828403926,0.0759052725042405,-0.02392658493853339,-0.05698319963090764,-0.07591670396717655,0.2947299610894515,-0.0629337957836931,-0.7965625083123442,0.1974919063561256,0.0017368462001734926,0.012964512172977312,0.7763089835568403,-0.6483596337128709,0.007777051976893832,0.001940991394228713,0.020660451825983243,0.0026293773197307063,0.06603316543584696,0.007873190803317305,-0.0038486638698934754,-0.0031537440692613844,-0.0007810249578003563,0.19674364171977443,-0.001413820904994672,0.008384827197819363,0.6039198763366689,-0.21820861122177876,0.009335598246033262,-1.332426827526318e-05,0.032342620949035554,-0.0046575902983343265,0.051166490396293465,-0.006455274458926398,-0.0033762596937259477,-0.004138563794096309,0.00026126647290951376,0.0030180130094393932,0.006438463840781923,-0.0018691425463762544,0.0035628533413967953,-0.0019655041978932143,0.00015706288267158545,0.662606623177736,-5.6003185736021655e-05,0.2762947491359455,nan,nan,nan,nan,nan,nan
352,1.7649999999999844,Standing,0.9195907647420187,0.435359889954759,1.5004880979653652,-2.099344240960159,0.004413233220753047,-0.4112750252384535,-1.4568694087140999,0.9111807698235351,0.024252475336017314,0.02579126761986623,0.01730238615104223,0.027780035110320705,-0.3483543989364682,0.01189146768683249,-0.022084007769201018,-0.3955275333394405,-0.0241428197165988,-2.102287834887632,0.004457412429495604,-0.40744951790370576,-1.2022429962097583,-0.6631157009748514,0.03255754583095543,0.02537519662101074,0.020319620288572048,0.02888357649021917,-0.3264918976256714,-0.01442738773733637,-0.023776425790806802,-0.39532799144500985,0.023658082291810992,-0.0238983509556728,-0.0570472413511231,0.07592588750431808,-0.02390734891325229,-0.05697262708059734,-0.07591134245099868,0.2830160911988431,-0.06481257580820994,-0.7560491067705779,0.17935160749664342,0.001711492739604843,0.0129820190926672,0.7742830198825423,-0.5643884309695164,0.008722793855114748,0.0017777229517966734,0.020835025893466613,0.0024845038121030227,0.06600735557837834,0.0078702766707393,-0.003822943862236693,-0.0031526105001343473,-0.000780641274305545,0.1748231313364984,-0.0014051312493532848,0.008245137414490799,0.5906193288267509,-0.2128092187874619,0.008927547007473618,1.246923387903392e-05,0.03335823587493414,-0.005154173769982041,0.05019890804435578,-0.006392635448309349,-0.0032357681017980244,-0.0041075897528912875,0.00025315079486134114,-0.0029922624000433304,-0.016960704543835463,0.004123000015514409,0.0038472050562195284,0.002114510062059017,0.0010723032355757622,0.6634743821399255,-5.610338381564038e-05,0.27678733735973887,nan,nan,nan,nan,nan,nan
353,1.7699999999999843,Standing,0.9209501325526831,0.4350265511823914,1.496922197859919,-2.098577104107496,0.004421736798210912,-0.41120971557813935,-1.4529825744121825,0.9089291507550682,0.024300134850672492,0.025799500698976807,0.01740747094264859,0.027791825666322503,-0.34802273311346754,0.011931014529812043,-0.02210315393697974,-0.39554337390639205,-0.024146741908482924,-2.1015256365003534,0.0044504628429294585,-0.4074090857450579,-1.1993609971588437,-0.664217359697798,0.03260019818566232,0.025375402612815703,0.020483824214164413,0.028857686465371474,-0.32624631619624483,-0.014458797529625773,-0.023791966916904342,-0.3953482750827085,0.02365932692910691,-0.023942439195463964,-0.056855283212046345,0.0758916585310589,-0.02389605450896649,-0.05699785902053663,-0.07591493005887422,0.27187356213288005,-0.0666677544735136,-0.7131800210892532,0.15342737053252534,0.0017007154915730837,0.013061932062834508,0.7773668603834596,-0.45032381369338653,0.009531902931035955,0.0016466158221147824,0.021016958321271657,0.002358111200359273,0.06633316460013362,0.007909368595910803,-0.0038292335557448447,-0.0031681133903102795,-0.0007844383768245083,0.15243967745574,-0.0013899173132290788,0.008086431729572822,0.5763998101829308,-0.2203317445893281,0.008530470941378415,4.119836099302363e-05,0.032840785118473166,-0.005178004969538854,0.04911628588531378,-0.006281958457880438,-0.003108225219508238,-0.004056727539727733,0.0002489274591835427,-0.008817647958232639,0.03839162781535178,-0.006845794651834439,0.0022588808571602226,-0.005046387987858347,-0.0007175215751078945,0.6643125112758862,-5.6194770209939634e-05,0.2772317905941238,nan,nan,nan,nan,nan,nan
354,1.7749999999999841,Standing,0.9222505988601636,0.4346888694892967,1.4935600504914894,-2.0978756495492896,0.004429870613665265,-0.4111453985706223,-1.4491653193988976,0.9072222825442052,0.024350826634034067,0.025807054673249643,0.017512574255756384,0.027803084759478357,-0.3476960817238608,0.011969971304750925,-0.022121868484689375,-0.39555897788953737,-0.024150604456919918,-2.1008642427500637,0.004443591039773153,-0.4073692331707555,-1.1965534982590331,-0.6652739707917539,0.03264121929602327,0.025375632873336496,0.020640297741415826,0.028833270137632948,-0.3260066916278016,-0.014489459276311116,-0.023806879535878685,-0.3953682750258504,0.023660598950322898,-0.024072087813013465,-0.056982258358399256,0.07593965312608164,-0.0238801737084676,-0.056951653355560544,-0.07590246122406177,0.26009326149609696,-0.06753633861894967,-0.6724294736859153,0.1402909116412793,0.0016267630908704987,0.012863401503408131,0.7634510026569715,-0.34137364217258886,0.010138356672315014,0.0015107948545675558,0.021020662621559248,0.0022518186311707893,0.06533027792134595,0.007791354987776297,-0.0037429095419268133,-0.003120796629069009,-0.0007725096873990097,0.13227875005796313,-0.0013743606312611946,0.00797051486047649,0.5614997799621197,-0.21132221879116447,0.008204222072189092,4.605210415842584e-05,0.03129470545028235,-0.004883265547705581,0.04792491368864765,-0.006132349337068717,-0.002982523794868416,-0.0039999886283842885,0.00025440424319732086,-0.02592972350989995,-0.02539502927058212,0.009598919004547353,0.0031761600997780885,0.009241132995218188,0.002493766962489557,0.6651238903204928,-5.627424359328709e-05,0.27762656624722737,nan,nan,nan,nan,nan,nan
355,1.779999999999984,Standing,0.9234940721255576,0.4343480939899092,1.4904088839564285,-2.0972866554486127,0.0044377841555126646,-0.4110815380574471,-1.4453750967494134,0.9061441622658626,0.024403681899707076,0.0258141319955005,0.017617637910868823,0.027813877225577203,-0.34737152818807254,0.012008684392410584,-0.02214041646192977,-0.3955744825623623,-0.024154442005081468,-2.100293349980684,0.004436791658177364,-0.40733038868963634,-1.1938398267150274,-0.6663425374232482,0.03268048411879919,0.025375906949588044,0.020785846499164772,0.02881131486031531,-0.32577461163922367,-0.014519105574288777,-0.023821142794693557,-0.39538781868114103,0.023661856271783615,-0.024125205216842447,-0.05701429657315042,0.07595499553429043,-0.02391581451884271,-0.05706789331548096,-0.07593312046572474,0.24869465307878946,-0.06815509987750024,-0.6302333070122061,0.11779882013540133,0.0015827083694799108,0.012772102635036248,0.7580445298968294,-0.21562405566852275,0.010571053134601858,0.0014154644501713162,0.021012731022488084,0.0021584932197692905,0.06491070715765206,0.007742617531931598,-0.003709595448078994,-0.0031009345649842283,-0.0007675096323101868,0.1141785538758897,-0.0013598763191577563,0.007768896223833893,0.5427343088011406,-0.21371332629886583,0.007852964555184508,5.481525030996487e-05,0.029109751549789353,-0.004391055463527518,0.04641599771558627,-0.005929259595532345,-0.0028526517629748047,-0.003908731058125383,0.0002514642921436745,-0.010623480765796518,-0.006407642950233789,0.0030684816417588237,-0.007128162075021357,-0.023247991984083036,-0.006131848332593405,0.6659064373197324,-5.63474775213052e-05,0.27797692689483333,nan,nan,nan,nan,nan,nan
356,1.784999999999984,Standing,0.9246816605736777,0.43400579705768294,1.4874731761636908,-2.096805962566539,0.004445334327099629,-0.4110186446654062,-1.4416397081521783,0.9056313533288556,0.024458343586113526,0.025820751245841815,0.017722117258330422,0.027824290738128275,-0.34705129424403147,0.012046891016059881,-0.022158659018194495,-0.39558978245614834,-0.024158228297688496,-2.0998376914145584,0.004430024804561502,-0.40729211278767574,-1.1911956936153638,-0.6673427527993379,0.03271843941425731,0.025376161231322993,0.020919916166698197,0.028792054906387272,-0.3255484341700009,-0.014547895498533739,-0.023834922491399214,-0.3954069665329094,0.023663139949655326,-0.024134012043339547,-0.05694804665541562,0.07594213422587641,-0.023985339480146486,-0.056859560459924005,-0.07589951215391147,0.2375176896240391,-0.06845938644524696,-0.5871415585475281,0.0961385764147048,0.001510034317392839,0.012578678408183698,0.747077719447029,-0.10256178740139016,0.0109323372812897,0.0013238500682633929,0.020895869492319898,0.0020827025102143877,0.06404678880821706,0.007641324729859627,-0.003648511252945682,-0.0030599787572098704,-0.0007572585214053861,0.09113171322511102,-0.0013533707231724419,0.0076551803921148095,0.5288266199327325,-0.20004307521792053,0.007591059091624505,5.08563469902026e-05,0.026813933506685216,-0.0038519907856078136,0.04523549384455499,-0.005757984848992174,-0.0027559393411316674,-0.003829570353679476,0.000256735574342025,-0.0017613652994196774,0.013249983546960678,-0.0025722616828043046,-0.01390499226075519,0.041666571111391396,0.006721662362655157,0.6666614476956377,-5.640963240582806e-05,0.27828337099702766,nan,nan,nan,nan,nan,nan
357,1.7899999999999838,Standing,0.9258097122131147,0.4336671662209073,1.4847405477868134,-2.096404629022105,0.004452445325255437,-0.4109573387879933,-1.437996323277098,0.9056092069823779,0.024513978328711026,0.025826939914479465,0.017825387887018172,0.027834370923669915,-0.3467384246669679,0.012084230256019148,-0.022176398160430082,-0.3956047321679798,-0.02416192729589343,-2.0994455176682796,0.0044234283927483955,-0.4072553135371792,-1.1886710461643437,-0.6683288100548969,0.032754708216513564,0.02537639344192659,0.021042997549703582,0.02877525400299116,-0.3253319994843316,-0.014575379320957472,-0.02384799605648151,-0.3954254400478414,0.023664355821027352,-0.02411977619702246,-0.056911072309634214,0.07593189246419495,-0.024086314997696465,-0.05692777535423595,-0.07593030099122243,0.22561032788738541,-0.06772616735512632,-0.5465256753754788,0.08026670888688849,0.0014221996311615775,0.012261175482589719,0.7286769750160497,-0.004429269295534763,0.011126948519499883,0.0012377337275298879,0.020654125737550027,0.002016037108327867,0.06257391541271404,0.007467847991853228,-0.0035478284471177055,-0.0029899423662905437,-0.0007397996409871143,0.07843474925578267,-0.0013192823626213507,0.00735985009931352,0.5049294902040373,-0.19721145111180083,0.007253760451251024,4.644212071908359e-05,0.024616276601076972,-0.003360180679222736,0.04328693713385386,-0.00549676448474674,-0.0026147130164591707,-0.003694702986400878,0.00024317427440530973,0.002847169263417215,0.007394869156281203,-0.0020483523362911657,-0.02019510350999572,-0.013642978862389299,-0.006157767462192357,0.6673896216471953,-5.6464092845258154e-05,0.2785469293465283,nan,nan,nan,nan,nan,nan
358,1.7949999999999837,Standing,0.9268779091846698,0.4333349585515865,1.4822098735919216,-2.096073761221353,0.004459036726308086,-0.4108980892262752,-1.4344694403898506,0.9059735906282839,0.024569687979113776,0.025832755623586987,0.0179268600606626,0.027844154507350415,-0.3464350703282164,0.01212044734910567,-0.02219352540421152,-0.3956192294133232,-0.02416551362175213,-2.0991262621806386,0.004417002069641658,-0.4072198387420539,-1.1862550372815976,-0.6692344937037531,0.03278951715536995,0.02537655370651016,0.021156647121163753,0.028760429787567394,-0.3251247393164696,-0.01460164200833247,-0.023860448270748503,-0.39544326324451406,0.02366552811202428,-0.02410235447924452,-0.05693876948685655,0.0759350517892279,-0.02413112746672772,-0.05699830364806027,-0.07595259852525982,0.21363939431102652,-0.06644153386416088,-0.5061348389783608,0.06617356015032316,0.0013182802105298286,0.011849912343614712,0.7053765774494893,0.07287672918119355,0.011141930080549773,0.0011631418215045757,0.020294434728885202,0.001956716736099965,0.06067086775030491,0.007243418617304174,-0.0034254487562875597,-0.0028994490686800227,-0.0007172651717393494,0.06385109752816052,-0.0012852646213476217,0.007094959025059804,0.48320177654922525,-0.18113672977125064,0.006961787771276782,3.205291671364362e-05,0.02272991429203415,-0.0029648430847530006,0.04145203357239377,-0.005252537474999479,-0.002490442853398784,-0.0035646393345311967,0.00023445819938584212,0.0034843435555881003,-0.005539435444467453,0.0006318650065902549,-0.008962493806251332,-0.014105658764863522,-0.004459506807478467,0.6680882158429432,-5.650927235961202e-05,0.27877348809364444,nan,nan,nan,nan,nan,nan
359,1.7999999999999836,Standing,0.9278856904060061,0.43301189513356153,1.4798794310961012,-2.0958092880061736,0.0044650858783182425,-0.4108412140132834,-1.4310757905229197,0.9066212852190358,0.02462475465537147,0.025838235560585565,0.01802599926635037,0.02785365643853657,-0.3461427827626754,0.01215535783188638,-0.022209971353200762,-0.3956331993624424,-0.02416896896973438,-2.0988776577067134,0.004410779518254403,-0.40718587283789304,-1.183947017055589,-0.6700867159500529,0.03282281823159015,0.025376681118550744,0.02126278812204892,0.02874697077010817,-0.32492665831344136,-0.014626716720341415,-0.02387232906444394,-0.3954603621097495,0.02366662312517356,-0.024078092934605718,-0.05697218678077603,0.07593835745791931,-0.024133032013970317,-0.056969469878100365,-0.07594668650434916,0.20155624426726024,-0.06461268360499077,-0.46608849916408074,0.0528946430359386,0.0012098304020312098,0.011375042598365642,0.6787299733861859,0.12953891815040025,0.011013335251539228,0.0010959873997157504,0.01982784113755392,0.001900386237230627,0.05845751310820409,0.006982096556141934,-0.0032891897978484263,-0.0027939898238338342,-0.0006910695964499563,0.04972089478505401,-0.001244510277450942,0.0067931808321739845,0.46160404520170784,-0.1704444492599592,0.006660215244040146,2.5482408117224752e-05,0.02122820017703327,-0.002691803491845258,0.039616200605656945,-0.005014942401788907,-0.0023761587390877534,-0.0034197730470829266,0.00021900262985588163,0.004852308927759877,-0.006683458783896014,0.0006611337382825352,-0.000380909448519106,0.0057667539919807696,0.0011824041821309594,0.6687563744129644,-5.6548143670609644e-05,0.27896598599617956,nan,nan,nan,nan,nan,nan
360,1.8049999999999835,Standing,0.9288318230302605,0.4327009672628184,1.4777449533375804,-2.0956041252937148,0.004470591065625226,-0.41078700093308756,-1.4278322286583842,0.907449869253122,0.024678533040173325,0.02584340050826947,0.018122289331288885,0.027862876420158125,-0.3458630913492807,0.01218877935167981,-0.02222566048816824,-0.39564656820819094,-0.024172275277153085,-2.098685800724825,0.004404810492799175,-0.40715370250892435,-1.1817621996625627,-0.6708865807989717,0.03285452791768986,0.02537676062059226,0.021362984159073038,0.028734339645920398,-0.32473899259700684,-0.014650485326378564,-0.02388357132015954,-0.3954766590960157,0.023667624127496272,-0.0240465111052081,-0.05696662035089335,0.07593211563843316,-0.02411168643564364,-0.0569218982674393,-0.0759330510839717,0.18922652485086305,-0.06218557414862631,-0.4268955517041461,0.04103254249174433,0.0011010374613967069,0.010842616039161845,0.6487123729071087,0.1657168068172252,0.01075567696037086,0.0010329895367810116,0.01925801298770296,0.0018439963243110109,0.05593828267894078,0.006684303958686268,-0.0031378269934954654,-0.0026737691497066003,-0.0006612614837416018,0.038371396377739994,-0.0011938050910456559,0.006434065793731811,0.4369634786052892,-0.15997296978376344,0.0063419372199417165,1.590040830309309e-05,0.02003920740482342,-0.002526224837553745,0.037533143286902756,-0.004753721207430049,-0.0022484511431198648,-0.0032593972532466904,0.00020020046454255561,0.006316365879523651,0.0011132859765350554,-0.0012483638972296215,0.0042691156653352665,0.009514322132212975,0.0027270840754893347,0.6693931282807091,-5.658147515169688e-05,0.27912732493892234,nan,nan,nan,nan,nan,nan
361,1.8099999999999834,Standing,0.9297148207309276,0.43240523916761364,1.475801021825505,-2.095446835423148,0.004475546545053486,-0.41073577120147503,-1.424758772876654,0.9083572500031906,0.024730374554076756,0.025848261817756433,0.01821520990952062,0.02787180445596108,-0.345597749472878,0.01222050278777174,-0.02224049840255433,-0.3956592518947303,-0.024175411828119112,-2.098536908705441,0.004399143989601077,-0.40712357631114005,-1.1797129959326382,-0.6716423194332093,0.032884536925901646,0.025376788751583734,0.021458296876658744,0.028722161866424702,-0.3245627949922138,-0.014672842996608341,-0.023894118885711003,-0.3954920966624505,0.023668525016703544,-0.024013860356650023,-0.056953809203264864,0.07592415508816548,-0.024087347008198052,-0.05692796928895522,-0.07593047171153121,0.17659954013341753,-0.05914561904095539,-0.3887863024150592,0.031457974113413494,0.0009910958856520025,0.010245946322509551,0.6146911563460663,0.1814761500137091,0.010368302780686204,0.0009722618973924596,0.018584115646347488,0.0017856071605911843,0.053068375280537226,0.006344687218385884,-0.002967582877218524,-0.002536737307868602,-0.0006273101932056406,0.029778403876818915,-0.0011333006396196503,0.006025239556860668,0.40984074598489484,-0.1511477268475171,0.006001801642356661,5.626198294534167e-06,0.01906254351714111,-0.0024355558991392473,0.035239520958611936,-0.004471534045955249,-0.002109513110292609,-0.003087513286959883,0.0001801778414542398,0.006530149711615143,0.0025622295256980173,-0.0015921100535365334,0.004867885489117472,-0.001214204303185147,0.000515874488099006,0.6699970796375565,-5.660910201676177e-05,0.27926092449208034,nan,nan,nan,nan,nan,nan
362,1.8149999999999833,Standing,0.9305335907944324,0.4321273195505887,1.4740433341167696,-2.095327974373428,0.004479954734899463,-0.41068779830754404,-1.4218727266547653,0.9092518546683591,0.024779645372720732,0.025852832283444427,0.018304275126689914,0.02788042321787053,-0.345348297623265,0.012250344093649312,-0.02225440659244702,-0.395671176738767,-0.024178360434504442,-2.0984244775322676,0.0043938059551483465,-0.4070955879164172,-1.1778033883105699,-0.6723536382377988,0.03291279817654345,0.02537676317359185,0.021549337344762512,0.02871022553671438,-0.32439848349096506,-0.014693750623074745,-0.023903957615700053,-0.3955066567356762,0.023669336211767054,-0.023987008594421745,-0.05696889670186089,0.0759231196434534,-0.024062706707693924,-0.0569632589918403,-0.07593410907566003,0.16375401270096945,-0.05558392340498722,-0.3515375417471093,0.02377220994398825,0.0008816379691953542,0.009594578786195402,0.5772092443777573,0.17892093303371434,0.009854163728794892,0.000914093137598514,0.01781304343385854,0.0017237523818894953,0.04989036992259524,0.0059682611755144215,-0.0027816379785378905,-0.002384968807340032,-0.0005897212770659969,0.022486234634639193,-0.0010676068905459753,0.0055976789445735,0.38192152441367894,-0.1422637609179086,0.005652250128360785,-5.115598377081226e-06,0.01820809362075348,-0.002387265942064114,0.03286230024975222,-0.0041815252932807705,-0.0019677459978098616,-0.002912014645135419,0.00016223901270208993,0.005370352445655865,-0.003017499719204531,-0.00020708894241644005,0.004928060100825358,-0.007057940577015026,-0.0007274728257645417,0.6705665777522327,-5.6631447313593433e-05,0.2793704057492184,nan,nan,nan,nan,nan,nan
363,1.8199999999999832,Standing,0.931287560740199,0.4318691886678282,1.4724692325905717,-2.0952439826961142,0.004483839928896429,-0.410643234886145,-1.4191841644063314,0.9100623359521209,0.024825814948245418,0.025857126444234435,0.018389075638922173,0.027888710649530808,-0.3451157011738703,0.01227818715802407,-0.02226734541564482,-0.39568229643098213,-0.02418110971671762,-2.0983461129490504,0.004388806306694401,-0.4070697638959105,-1.1760330075113024,-0.6730280672443286,0.03293927914603379,0.025376693623938247,0.021636245658476765,0.02869848881473631,-0.3242461014134952,-0.01471320402893164,-0.023913098029244986,-0.3955203332731617,0.0236700693721769,-0.023961722068877665,-0.056979269565526416,0.07592131475888696,-0.02403220514658615,-0.056970193283237186,-0.07593070961714629,0.15079398915331957,-0.05162617655209717,-0.3148203052395891,0.016798335462702207,0.0007770387993933385,0.008912684279808411,0.5377124496867811,0.16209625675236772,0.009233915104936982,0.000858832158001901,0.01696010244645178,0.0016574863320560672,0.046519289878942126,0.0055686128749517045,-0.00258776463956041,-0.00222393844302165,-0.0005498564426351985,0.015672916643451437,-0.000999929690789152,0.0051648041013459085,0.3540761598535157,-0.13488580130597116,0.005296193898069347,-1.3909930720767373e-05,0.0173816627428504,-0.0023473443956137097,0.03047641549397751,-0.003890681171379323,-0.0018280827089863058,-0.0027353074970983366,0.00014663208196912084,0.005057305108815868,-0.002074572733105831,-0.00036097691328895303,0.006100312221554589,-0.0013868582793766055,0.0006798917027479178,0.6711001992258581,-5.664952926366772e-05,0.2794588996211521,nan,nan,nan,nan,nan,nan
364,1.824999999999983,Standing,0.9319759912260118,0.43163271005474463,1.4710752568321075,-2.0951897388921497,0.004487231625508076,-0.4106022150359085,-1.4167028800575048,0.9107344080250164,0.024868453862661496,0.025861149380612604,0.01846924169771058,0.02789664343897411,-0.3449008643447697,0.012303922912475042,-0.022279272367995408,-0.395692567544102,-0.024183649003899844,-2.098295500246765,0.004384159256475796,-0.4070461584395853,-1.1744053821851181,-0.6736734875477247,0.032963929144231956,0.02537658346401738,0.021718766523316602,0.028687038431723738,-0.3241059602600082,-0.014731159575050357,-0.023921524012777962,-0.3955331108021484,0.023670733527105806,-0.02393692830482116,-0.05697137431304994,0.07591566338389681,-0.02399968209578725,-0.05695647866143715,-0.0759225641478528,0.13768609716255248,-0.04729572261671051,-0.2787951516928525,0.01084876079289542,0.0006783393223294174,0.008203970047301879,0.4962568697653397,0.1344144145790967,0.008527782883215937,0.0008045872756337018,0.01603321175768133,0.0015865578886600559,0.042967365820120534,0.005147150890194087,-0.002385390470117256,-0.0020542226239753047,-0.000507857436444951,0.010122540457035822,-0.0009294100437210746,0.0047210912650357505,0.3255250652368346,-0.12908406067921266,0.0049299996396323185,-2.2031984173151096e-05,0.016504172967967256,-0.002290076602514389,0.028028230697393575,-0.003591109223743244,-0.0016851967065956751,-0.002555505797338052,0.000132830985781162,0.0049587528113005375,0.0015790504952960145,-0.001130274998030054,0.006504610159779865,0.0027429243600064074,0.0016290938586990262,0.6715969270653359,-5.666398874277083e-05,0.2795287882399708,nan,nan,nan,nan,nan,nan
365,1.829999999999983,Standing,0.9325978996793376,0.4314197596669741,1.469856808918015,-2.0951566145963647,0.004490155494235156,-0.4105648911729212,-1.4144401868381333,0.9112295639053094,0.024907162394984493,0.025864903089671848,0.018544426110480006,0.027904199193268284,-0.344704783051839,0.012327431373753608,-0.02229013388534667,-0.3957019423999869,-0.024185966531320213,-2.0982637333967,0.004379881824214111,-0.4070248278168096,-1.1729254335210961,-0.6742944603842603,0.032986692621219345,0.02537643106648334,0.02179639529185127,0.028676044938176045,-0.32397847661044105,-0.01474755617024848,-0.023929209023151675,-0.395544971904578,0.02367133712172774,-0.02391816051611011,-0.05698523161965784,0.0759156590800916,-0.02397283089461548,-0.056966705440479354,-0.07592047910375632,0.12438169066515233,-0.042590077554104655,-0.24368958281846592,0.006624859157030165,0.0005847737454159297,0.007464772597450311,0.45253864387428294,0.09903117605861667,0.007741706464599499,0.0007507418118490243,0.015036882553885387,0.0015111508588348862,0.03921625858613432,0.004701692255713279,-0.002172303470252903,-0.0018749711769891354,-0.0004635054840742123,0.006353370013019801,-0.0008554864523369383,0.0042661245551412685,0.295989732804421,-0.12419456730712668,0.0045526953974784545,-3.047950680775801e-05,0.015525753706933414,-0.0021986987095383857,0.02549672991343533,-0.0032793190396246904,-0.0015370020747422421,-0.002372220485914125,0.00012071892438664505,0.0037535577422100888,-0.0027714613215804058,-8.607610433328337e-07,0.005370240234354532,-0.0020453558084400705,0.00041700881929539256,0.672055711902094,-5.6675140813264805e-05,0.2795823756704687,nan,nan,nan,nan,nan,nan
366,1.8349999999999829,Standing,0.9331529818874592,0.4312314975817273,1.468811510225177,-2.095143173226251,0.00449265019709483,-0.4105312869590241,-1.4123988095917668,0.9115327382932105,0.024941624266670077,0.025868401756410794,0.018614372675788506,0.027911358313951536,-0.3445277757250089,0.012348672864893625,-0.02229992398168367,-0.3957104056020282,-0.024188058560025608,-2.0982484485027943,0.004375972271517681,-0.4070057369522071,-1.1715918013272142,-0.6748917405492727,0.03300756145996603,0.02537623880413041,0.021868595734071464,0.028665706891683143,-0.323863582616615,-0.014762388754619512,-0.02393616347060194,-0.3955559201325304,0.023671892285536362,-0.023899244797122632,-0.056977484111046375,0.07591096443651024,-0.023948890580003882,-0.05697984497267176,-0.07591946772364111,0.11101644162433348,-0.037652417049358795,-0.20905973856760163,0.002688274022763235,0.0004989405719347617,0.006720842779425522,0.4082754492733164,0.060634877580212895,0.006892374337117003,0.0006997333477890778,0.013989313061699581,0.0014318241366503663,0.03540146536601149,0.004248298228003626,-0.0019580192673999105,-0.0016926404082548208,-0.0004184057410791892,0.003056978781124777,-0.0007819105392859933,0.003818172920496226,0.266726438776389,-0.11945603300248143,0.004173767749336537,-3.845247058578541e-05,0.014440088444039349,-0.002067609298580527,0.022978798765209158,-0.0029665168742063217,-0.0013908894900529628,-0.002189645590480188,0.00011103276172414028,0.003783143797495783,0.001549501722292933,-0.0009389287162704347,0.004788062922319749,-0.0026279064384810914,0.00020227602304312423,0.6724753641382596,-5.668343437008189e-05,0.27962205517842326,nan,nan,nan,nan,nan,nan
367,1.8399999999999828,Standing,0.9336407135654654,0.4310690689530866,1.467936075357641,-2.0951424979562168,0.00449473790735432,-0.41050149736882147,-1.4105863311204214,0.9116379633756052,0.02497159341072141,0.02587164754794028,0.018678828641635507,0.027918106728757653,-0.34437049602911535,0.012367568036179064,-0.022308606214459327,-0.39571792599586336,-0.024189917369743588,-2.0982466612588206,0.004372430649059717,-0.4069888326464721,-1.1704020861294917,-0.6754647318736549,0.033026542201815,0.025376009721188544,0.021934912930189992,0.028656202627526564,-0.3237611050800701,-0.014775666264081852,-0.023942403093420234,-0.3955659580053063,0.023672406188035434,-0.023887076256326824,-0.0569976602436735,0.07591339501097348,-0.02392488985447828,-0.056971567628623314,-0.0759138510188017,0.0975463356012365,-0.03248572572813356,-0.17508697350723906,0.000135054006818491,0.0004175420518979998,0.005957918040521586,0.3624956942690652,0.02104501647895303,0.0059938288102664135,0.0006491583058970403,0.012891193169400217,0.0013496829612236097,0.03145593917870956,0.0037790342570877358,-0.0017364465551312916,-0.0015040787670290907,-0.0003717619435960005,0.00035744879471680995,-0.0007083244915928756,0.0033808611469965007,0.23794303954447568,-0.1145982648764397,0.003796148369795257,-4.5816588373205974e-05,0.013263439223705313,-0.00190085283131581,0.02049550730898471,-0.0026555018924679084,-0.00124792456365885,-0.0020075745551800485,0.000102780499814564,0.002433708159161623,-0.004035226525424861,0.0004861148926467222,0.0048001451051203625,0.0016554688096882693,0.0011233409678831324,0.672855204644955,-5.668902490510221e-05,0.2796493410838531,nan,nan,nan,nan,nan,nan
368,1.8449999999999827,Standing,0.9340609799298182,0.43093311779707494,1.4672285458127403,-2.095156580177423,0.004496468273252296,-0.4104754110167004,-1.4089974351970136,0.911566829601836,0.0249966243441307,0.025874702187869077,0.018737666858903358,0.02792443270265547,-0.3442325905651332,0.012384156881068345,-0.022316214004433312,-0.3957245200229628,-0.024191547160501703,-2.0982534978524923,0.004369260221127792,-0.4069741356878566,-1.1693581107377016,-0.6760190918826409,0.03304360293240018,0.02537574824772732,0.021994974326902804,0.028647676459674105,-0.3236711743576248,-0.014787364429003021,-0.023947922879569143,-0.3955750704867034,0.02367287714458568,-0.023871782182507142,-0.056953319309749686,0.07590133044631928,-0.023907596088480403,-0.05698737501283616,-0.07591449372995047,0.0840532728705616,-0.027190231202329974,-0.14150590898010745,-0.002816444241212433,0.0003460731795952134,0.005217270424223122,0.317779184681554,-0.01422675475384265,0.005006186681858304,0.0006109279857594055,0.011767643453570554,0.001265194779563712,0.02758109279642029,0.0033177689778563246,-0.001521557994797041,-0.0013188054198871675,-0.00032595815162309505,-0.00136731873428845,-0.0006340855863849133,0.0029393917230976763,0.2087950783580317,-0.11087200179721093,0.003412146117036637,-5.229469224490139e-05,0.01201227934256229,-0.001705233570491617,0.017986144489057734,-0.0023396329842339924,-0.0011039572297816096,-0.0018224962794180651,9.419131004866129e-05,0.003058814763936192,0.008868186784761443,-0.0024129129308418287,0.003458753199575484,-0.0031614768425692603,-0.0001285422297553258,0.6731944673498865,-5.669271976832663e-05,0.27966576191776843,nan,nan,nan,nan,nan,nan
369,1.8499999999999825,Standing,0.9344127743360728,0.43082491963092956,1.466683608706336,-2.0951669058231257,0.0044978274760968644,-0.4104532586155553,-1.4076488101516587,0.9113252984526122,0.02501625278790124,0.025877593770828006,0.018790638279705115,0.02793033446616554,-0.34411535793534864,0.012398283914847683,-0.022322655612921075,-0.3957301261306413,-0.024192932558841633,-2.0982659036403115,0.004366460526760876,-0.4069615292822781,-1.168454063336884,-0.6765427432458473,0.03305880147964677,0.025375450737076147,0.02204863603538006,0.02864021227574957,-0.32359334863500083,-0.01479752978005533,-0.023952753441603927,-0.39558327419513967,0.023673312216494716,-0.023916606536219215,-0.057087042357056014,0.07593751813882388,-0.02388888545741452,-0.0569729951415567,-0.07590838959618774,0.0703588812509278,-0.021639633229070303,-0.10898742128088199,-0.002065129140617983,0.0002718405689137739,0.004430480229016828,0.2697250090709786,-0.04830622984475135,0.00392568875410742,0.0005783165917859805,0.010594284160351422,0.0011803527020139816,0.023446525956913954,0.002825406755867533,-0.0012883216975527795,-0.0011212215356899164,-0.00027707966798576176,-0.002481157563887511,-0.0005599388733831313,0.0025212811157133887,0.1808094801634939,-0.10473027264127391,0.003039709449317725,-5.950213023475194e-05,0.010732341695451515,-0.0014928367849065957,0.015565144524803863,-0.0020330702104617323,-0.0009661124069565278,-0.001640741687262848,8.701438180773968e-05,-0.008964870742414787,-0.026744609461265792,0.007237538500920165,0.00374212621317647,0.002875974255891462,0.0012208267525456744,0.6734927509332239,-5.6693779888706194e-05,0.279672222602296,nan,nan,nan,nan,nan,nan
370,1.8549999999999824,Standing,0.9346977354875614,0.4307433962873422,1.4663055876820288,-2.0952048461848674,0.004498934273059211,-0.41043439406520327,-1.4064995128953612,0.9109909861383202,0.025030399873053583,0.025880417217383815,0.01883793531382455,0.027935804499886013,-0.3440156787988291,0.012410316997374264,-0.02232816134344212,-0.395734891393701,-0.024194110516001954,-2.0982844404688294,0.0043640203475787806,-0.40695109727150025,-1.1676927984895653,-0.6770574626728008,0.03307207044523038,0.025375135982971468,0.02209583147756768,0.02863385144979931,-0.32352780212443105,-0.014806140796071546,-0.023956892870631998,-0.39559054479857486,0.023673699349116,-0.024017521896255865,-0.05685199910819693,0.07590261673748906,-0.02388316324884082,-0.057013082001990456,-0.0759161479093823,0.05699223029772441,-0.016304668717466414,-0.0756042048614328,-0.007588072348367026,0.00022135939246937538,0.003772910070409011,0.22985945125949975,-0.06686246285840153,0.002829417030468213,0.000564689311161553,0.009459406823887002,0.0010940067440940204,0.019935827303905657,0.002406616505316025,-0.001101146104208974,-0.0009530526119353883,-0.00023559143206414756,-0.0037073657035932867,-0.0004880358364191585,0.002086402155570696,0.1522529694637636,-0.10294388539069835,0.002653793116721525,-6.295082093593703e-05,0.009439088437524144,-0.0012721651900522094,0.01310930211395769,-0.0017222032032432153,-0.0008278858056137569,-0.0014541206870426534,7.742652425686765e-05,-0.020183072007330237,0.047008649771816124,-0.006980280266962194,0.0011444417147405514,-0.008017372086750485,-0.0015516626389105246,0.673749006061585,-5.669471402498147e-05,0.2796704750746307,nan,nan,nan,nan,nan,nan
371,1.8599999999999823,Standing,0.9349142327121195,0.43068999280508496,1.466087048914103,-2.0952311321829367,0.004499694671610129,-0.41041943289038013,-1.4055911926715958,0.910550215940933,0.025039097701978076,0.025883103821527354,0.018879238903031188,0.027940860630671787,-0.3439366455715553,0.012419888744930154,-0.022332492180042428,-0.39573867117798267,-0.02419504440354329,-2.098311610093163,0.004361930325116383,-0.4069425308248842,-1.1670582489817058,-0.6775260778947202,0.033083604127295434,0.025374785433853544,0.022136830486355893,0.028628560154381304,-0.3234733128958884,-0.01481334275629011,-0.02396041647952457,-0.39559694905477577,0.023674059742080866,-0.024123125141374886,-0.05689368185292929,0.07592852632444523,-0.02387791150273085,-0.056901881755435264,-0.07589124664093345,0.04329944491161605,-0.010680696451443929,-0.04370775358516302,-0.0052571996138615455,0.00015207971018352874,0.002992234964628605,0.18166404475308254,-0.08815403947743639,0.0017395657848989076,0.0005373208287078287,0.00826071784132759,0.0010112261571546927,0.015806645454759533,0.0019143495111781862,-0.0008661673200616782,-0.0007559568563366164,-0.00018677750826734114,-0.005433924866684051,-0.0004180044924796666,0.0017132893232087998,0.12690990157190676,-0.09372304438388218,0.002306736413010935,-7.010982358513572e-05,0.00819980175764261,-0.0010582590836012396,0.010897845708533535,-0.0014403920437129668,-0.0007047217785144488,-0.0012808512401787963,7.20785929731915e-05,-0.021120649023804446,-0.008336548946472594,0.005181917391234272,0.0010503492219934038,0.02224004931103834,0.00498025368976678,0.6739642209449678,-5.6691277800126405e-05,0.2796591986407389,nan,nan,nan,nan,nan,nan
372,1.8649999999999822,Standing,0.9350612572585264,0.4306657267344826,1.466022719024199,-2.0952520975261475,0.0045002051536423655,-0.41040800542363504,-1.4048999464667613,0.9100798883311084,0.025042191763960605,0.02588572086016959,0.01891466403090619,0.027945495698322987,-0.3438764789290364,0.012427208621640635,-0.022335779986505808,-0.3957415482540521,-0.024195755279748175,-2.0983169864096833,0.004360256917903858,-0.4069363364644315,-1.1665798441453368,-0.6779974008170527,0.03309309363612297,0.025374418845547916,0.022171614823587843,0.02862430337752404,-0.32343205026539235,-0.014818884049032128,-0.023963176346255208,-0.39560235507467517,0.023674342594218203,-0.024176502127882162,-0.05698306086908504,0.07595645513151868,-0.024015301746529716,-0.05709279448470353,-0.07595454805829922,0.02940490928137956,-0.0048532141204747905,-0.012865977980779878,-0.004193068642200613,0.00010209640644724861,0.0022854933490155846,0.13824924096689542,-0.09406552196491812,0.0006188123965055669,0.0005234077284467958,0.007085025575000284,0.0009270135302396631,0.012033328503782699,0.0014639753420960073,-0.0006575612926756787,-0.0005754152138828269,-0.00014217524097648397,-0.0010752633040677492,-0.0003346814425050351,0.0012388720905338203,0.09568096727380102,-0.09426458446650461,0.0018979017655073652,-7.331766112593678e-05,0.006956867446390079,-0.0008513553714524881,0.008252526099205706,-0.0011082585484034973,-0.0005519733461272693,-0.0010812039798839,5.657042746736177e-05,-0.01067539730145509,-0.01787580323114977,0.005585761414688284,-0.02747804875977253,-0.03818254585365373,-0.012660283473154992,0.6741370519910183,-5.668894450213831e-05,0.2796403852049613,nan,nan,nan,nan,nan,nan
373,1.8699999999999821,Standing,0.9351417344151859,0.4306682779919431,1.4661215864442927,-2.0952849750237914,0.0045004585891022875,-0.41039989618748884,-1.4044096411137048,0.909613763005431,0.025040343197918025,0.025888239669735982,0.01894431355718262,0.027949733176274912,-0.3438338650399706,0.012432431807823658,-0.02233811895385872,-0.395743586744025,-0.02419625874526518,-2.098345716915459,0.004358867075411642,-0.40693170518328986,-1.1662065840961198,-0.6784155225092168,0.033101009564504916,0.025374032331154487,0.022200505932166298,0.028621105924080875,-0.32340017520174386,-0.014823216098100394,-0.023965447736358877,-0.3956069751074948,0.023674617021320767,-0.02418112285509863,-0.05698454774770889,0.07595751174969662,-0.02411228699786841,-0.056964814843583775,-0.0759423972818898,0.01609543133190028,0.0005102514921023725,0.01977348401874723,-0.006575499528809025,5.06870919843874e-05,0.0016218472292334686,0.09806107061128067,-0.0932250651354931,-0.0003697132085159647,0.0005037619132783168,0.0059299052552860545,0.0008474955903848259,0.008522777813162302,0.0010446372366044706,-0.0004677934705830797,-0.0004076979945783143,-0.00010069310340085775,-0.005746101155152444,-0.00027796849844309547,0.0009262562283337897,0.07465200984338723,-0.08362433843281264,0.0015831856763894702,-7.730287868545548e-05,0.005778221715691014,-0.0006394906886333013,0.006375012729703509,-0.0008664098136531111,-0.00045427802073370036,-0.0009240065639315627,5.488542051291268e-05,-0.0009241454432938456,-0.00029737572477009366,0.00021132363558888992,-0.01939705026773845,0.02559592822395096,0.0024301552818860594,0.6742665942670822,-5.6682901417083714e-05,0.27961546801962406,nan,nan,nan,nan,nan,nan
374,1.874999999999982,Standing,0.9351544820955966,0.43069837860841265,1.466378298772495,-2.0953211464399115,0.00450048119326641,-0.41039504350155204,-1.4041184045393507,0.9091893317622552,0.025033765904442687,0.025890656630227972,0.018968256542581104,0.027953585835654396,-0.3438085501432978,0.01243558741692564,-0.022339505459885018,-0.3957447984645791,-0.024196557757344632,-2.0983735098283702,0.004357818856707782,-0.40692898311028597,-1.1659575484546285,-0.6788364790921959,0.03310714523068486,0.025373659371515988,0.022223477173153608,0.028618973248847886,-0.3233789531428077,-0.01482619175456056,-0.023967131765106897,-0.39561071164722633,0.023674831524493498,-0.024158552636744955,-0.056935650352222374,0.07594329191695177,-0.024144992566394914,-0.05687023147970177,-0.0759271668355579,0.0025495360821357043,0.006020123293903693,0.05134246564044251,-0.007234283224002515,4.520832824479719e-06,0.0009705371873636291,0.058247314870826815,-0.08488624863514649,-0.0013154586950675728,0.00048339209839791153,0.00478859707969682,0.0007705318758966949,0.0050629793345582045,0.0006311218203962425,-0.0002773012052590028,-0.00024234411081982537,-5.980241588985355e-05,-0.0055585825822327675,-0.00020964374077188613,0.000544414600778092,0.04980712829825547,-0.08419131659582825,0.0012271332359883238,-7.459192769972289e-05,0.004594248197461886,-0.0004265350465981058,0.004244411787234396,-0.0005951312920331795,-0.0003368057496040181,-0.0007473079463049408,4.290063454600905e-05,0.004514043670735025,0.00977947909730322,-0.0028439665489686642,-0.006541113705301143,0.018916672776400797,0.0030460892663775187,0.6743546864179447,-5.6676384391133335e-05,0.27958152707190825,nan,nan,nan,nan,nan,nan
375,1.879999999999982,Standing,0.9350989837227552,0.430756386068105,1.4667890658688432,-2.095352831730506,0.004500272709269887,-0.4103934162571863,-1.4040242504989284,0.9088312011348694,0.025022645640606075,0.025892974294867612,0.01898656931528171,0.027957071191648006,-0.3438002995913908,0.012436702811201917,-0.02233994346989734,-0.39574519439758954,-0.024196655072434837,-2.098392552011673,0.004357089452111101,-0.4069280093856195,-1.1658297753285178,-0.6792519927096364,0.03311157487963839,0.025373282755509836,0.02223849052628169,0.02861865841507302,-0.32336813811352866,-0.014827791002874778,-0.0239682246733381,-0.3956136146841559,0.023675006960408966,-0.024126596280729936,-0.05691693257489373,0.07593413828930815,-0.024161233222741073,-0.05689698842427625,-0.07593555646112574,-0.011099674568279446,0.011601491938469486,0.0821534192696332,-0.006337058118891105,-4.169679930448369e-05,0.00032544887314649076,0.018830808084437753,-0.0716261254771651,-0.002224052767322748,0.00046353292792814687,0.003662554540120876,0.0006970711987223914,0.001650110381402328,0.00022307885525537984,-8.760200246424961e-05,-7.9186602083521e-05,-1.9463018040923742e-05,-0.003808436660562218,-0.000145880919336205,0.00019474493328530863,0.02555462522215085,-0.083102723488114,0.0008859297907058477,-7.532320123060367e-05,0.0030026706256165003,-6.296675497320794e-05,0.0021630058558085685,-0.00031984966284363873,-0.0002185816462404691,-0.0005806073859089586,3.508718309368049e-05,0.006391271203003991,0.003743555465728224,-0.0018307255287254253,-0.003248131269231434,-0.005351388914895852,-0.0016779251135657356,0.6744006037675141,-5.666786244936827e-05,0.2795395257175713,nan,nan,nan,nan,nan,nan
376,1.8849999999999818,Standing,0.9349754584193753,0.430841994867761,1.4673537406553203,-2.095379499329537,0.004499833345557752,-0.4103949128746772,-1.404119501710465,0.9085576161043305,0.0250072884108701,0.02589519011610235,0.018999373512171566,0.027960207683212543,-0.3438084559230942,0.012435855748909808,-0.022339472020745304,-0.3957448058410234,-0.02419655846904236,-2.0984076413455703,0.004356668991060776,-0.40692869995792064,-1.165815903521806,-0.6796341200550657,0.033114428009246154,0.025372880335860812,0.022248071589434672,0.028619308760648086,-0.32336716866513754,-0.01482813410405328,-0.023968759268382222,-0.395615730640748,0.02367515502983617,-0.0240966233492793,-0.056944402577690685,0.07593531992469307,-0.024157763964717197,-0.05695744724313909,-0.07594808494994201,-0.024705060675988502,0.017121759931188585,0.11293495729543808,-0.0053335198062618005,-8.787274242705446e-05,-0.00029932349818898507,-0.019050242307338087,-0.05471700610777942,-0.0030714459471948654,0.0004431642469472853,0.0025608393779714043,0.0006272983129071944,-0.0016312663406900679,-0.00016941245842171804,9.428983040716133e-05,7.771131322352665e-05,1.932067849522318e-05,-0.003017866779541023,-8.409221006489263e-05,-0.00013811446022148695,0.0027743613423500436,-0.07642546908586732,0.0005706259215527699,-8.048392980490737e-05,0.0019162126305964022,0.00013006911501353861,0.00019388967822615193,-6.862023570018016e-05,-0.00010691900882412008,-0.0004231913184233687,2.961388544141118e-05,0.00599458629012734,-0.005494000559390387,0.00023632707698651085,0.0006938516047753202,-0.012091763772566985,-0.002505697763254109,0.6744038564185432,-5.6657268935667576e-05,0.2794900163752843,nan,nan,nan,nan,nan,nan
377,1.8899999999999817,Standing,0.9347844687554695,0.43095456816327876,1.4680734544481848,-2.095405178232368,0.004499172830823181,-0.4103993472392091,-1.4043914677111944,0.9083822650363776,0.024987996355139184,0.025897312787085177,0.0190068446748518,0.02796301310854127,-0.3438319625124257,0.01243317142383195,-0.02233815684192681,-0.3957436832417989,-0.024196280452069067,-2.0984245380207476,0.0043565347335096875,-0.4069309333372426,-1.165904246308374,-0.6799918041453047,0.03311578110097214,0.025372475170144064,0.022252889197445645,0.02862074350277582,-0.3233750794778302,-0.01482734832100357,-0.023968806606146306,-0.3956170924762731,0.023675269121920764,-0.02406451796906928,-0.05697036712175555,0.07593582236013763,-0.02413268536442186,-0.056969749503963,-0.07594672920439156,-0.038197932781177314,0.022514659103560444,0.14394275857289363,-0.0051357805661390995,-0.00013210294691403852,-0.0008868729063803473,-0.05439320014587619,-0.03507021359056268,-0.003858411146183698,0.0004245341965654965,0.0014942325360469287,0.0005610850657455654,-0.004701317866301111,-0.0005368650155715415,0.00026303576369856164,0.0002245198448892261,5.560339465872753e-05,-0.003379335035481332,-2.6851510217734135e-05,-0.0004466758643919038,-0.017668557313573485,-0.07153681804778753,0.0002706183451965595,-8.103314334929673e-05,0.0009635216021942626,0.00028694842554747083,-0.0015821625385254293,0.00015715660994183812,-9.467552816934803e-06,-0.0002723671050173374,2.281841691858613e-05,0.006421076042004413,-0.005192908812972841,0.0001004870889099352,0.005015720059067259,-0.0024604521647827084,0.0002711491100907365,0.6743644934166902,-5.6645244309366713e-05,0.2794326886575699,nan,nan,nan,nan,nan,nan
378,1.8949999999999816,Standing,0.9345261728602882,0.4310936650251243,1.4689483215232477,-2.0954315226928606,0.004498301574260459,-0.4104065428568887,-1.4048290385569175,0.908310326631816,0.024965023465680945,0.025899354372227085,0.01900917591044929,0.027965503815106686,-0.34386985999334824,0.012428763564827854,-0.022336051235815498,-0.39574187224937046,-0.02419583235925425,-2.0984427388791755,0.004356686316812683,-0.4069347099314075,-1.1660938509766772,-0.6803190223867318,0.03311568648515498,0.025372059978195482,0.022254350065238973,0.028622495292696008,-0.3233917322618457,-0.014825480503506135,-0.023968368516848432,-0.39561771068569385,0.023675341582076927,-0.024029482517027915,-0.05696440979450613,0.07592892580657477,-0.024096258032530547,-0.056943655105079656,-0.07593524642022899,-0.05165917903627427,0.027819372369109627,0.17497341501255972,-0.005268892098548742,-0.0001742513125444221,-0.0014391235359192248,-0.0875141691446471,-0.01438768091233008,-0.004594577891647762,0.00040831702838145073,0.0004662471194976463,0.0004981413130831816,-0.007579496184503711,-0.0008815718008193887,0.0004211212222625049,0.0003621984856877213,8.961856296373999e-05,-0.003640171685591342,3.03166605991953e-05,-0.0007553188329744998,-0.037920933660641976,-0.06544364828542105,-1.892316343228719e-05,-8.303838971620457e-05,0.00029217355866547126,0.0003503579840369499,-0.003330556803107793,0.000373563499487035,8.761785957431518e-05,-0.00012364188414982206,1.4492031232836722e-05,0.00700709040827313,0.0011914654498852532,-0.0013793107125706745,0.007285466378263077,0.005218879776669113,0.0022965568325158934,0.6742828551664183,-5.663182055023887e-05,0.2793667225715523,nan,nan,nan,nan,nan,nan
379,1.8999999999999815,Standing,0.9342002941846776,0.43125919286131326,1.469976986082498,-2.0954554533974052,0.004497221825880693,-0.41041637948866694,-1.405425006637865,0.9083367124831307,0.024938578123565112,0.02590132305542421,0.019006554043749246,0.027967693895843772,-0.34392148424469565,0.012422711124447441,-0.022333185976738314,-0.3957394047035213,-0.024195222030887534,-2.098457819913457,0.0043571298360907135,-0.40694005751792334,-1.1663851489240948,-0.680622964668174,0.033114148589580485,0.025371639483684906,0.02225306170927436,0.028624373400470266,-0.32341710778113436,-0.01482254678783017,-0.023967440823171548,-0.39561758916778966,0.023675362799929656,-0.023996547162362682,-0.05695817493723064,0.07592232006363887,-0.0240598960503495,-0.05693674227251813,-0.0759279352034504,-0.06517573512209425,0.03310556723778612,0.20573291185004675,-0.004786140908910986,-0.00021594967595325962,-0.0019673263556502086,-0.11919361618952176,0.005277170262960054,-0.005289068423166409,0.000393736639424848,-0.0005243733400084895,0.00043801614741695197,-0.01032485026948319,-0.0012104880760824535,0.0005730518154369172,0.0004935091698280965,0.00012206567334250662,-0.003016206856287271,8.870385560601004e-05,-0.0010695173031691628,-0.058259589483538377,-0.060788456288424934,-0.0003075791148985494,-8.409890211531473e-05,-0.00025767119292279656,0.0003756215548517096,-0.005075103857736438,0.0005867431351928972,0.00018553873537683572,2.4303580834875247e-05,4.243570545778767e-06,0.006587070933046281,0.0012469714550980596,-0.001321148587179682,0.007272396436209627,0.0013825665123049142,0.0014622433557188927,0.6741590952480101,-5.661658695692019e-05,0.27929155964354846,nan,nan,nan,nan,nan,nan
380,1.9049999999999814,Standing,0.9338066998768957,0.4314509533186315,1.4711586944123758,-2.095475174593291,0.004495935691474843,-0.4104287185414549,-1.4061706076047844,0.9084512787342046,0.024908897485270805,0.025903222823182578,0.018999186550059506,0.027969594472761077,-0.34398606265232806,0.0124151061150359,-0.022329602187375973,-0.39573631765389616,-0.024194458599006836,-2.0984686085056747,0.0043578567593959006,-0.4069469245610061,-1.1667747540650133,-0.6809036761399628,0.0331112125166144,0.025371213283621474,0.02224929439062139,0.028626311555850287,-0.32345091989917585,-0.01481858683446591,-0.023966037180945324,-0.3956167552406307,0.023675335506853454,-0.023970075758610966,-0.05697445777243373,0.07592162861795913,-0.024029409454796022,-0.056960954643073436,-0.07592829460994602,-0.07871886155639983,0.03835209146364601,0.23634166597553652,-0.003944239177115748,-0.000257226881169989,-0.002467810557592252,-0.14912019338386426,0.022913250214762412,-0.005936127658861507,0.00037995355167323535,-0.0014734987379478653,0.0003801153834610572,-0.012915681526479664,-0.001521001882308425,0.0007167578724684951,0.000617409925027574,0.00015268637613960698,-0.002157718443589016,0.00014538466103735612,-0.001373408616558811,-0.07792102818370769,-0.05614229435777462,-0.0005872145932174771,-8.524001268665937e-05,-0.0007534637305937685,0.0003876310760040577,-0.0067624236083018,0.0007919906728521969,0.00028072844524474363,0.00016678543178279972,-5.458615240675215e-06,0.005294280750343355,-0.0032565670406172666,-0.0001382891359478116,0.006097319110695765,-0.004842474111061463,-7.188129912383181e-05,0.6739930400321279,-5.659933172162831e-05,0.2792070775395397,nan,nan,nan,nan,nan,nan
381,1.9099999999999813,Standing,0.933345485705901,0.4316689330304957,1.4724919937170449,-2.0954913257048546,0.004494459871530289,-0.4104433361609429,-1.4070516532262867,0.9086448315625525,0.024876307469850756,0.025905054115438805,0.018987332813870956,0.02797121345724627,-0.3440624034977258,0.012406090120002173,-0.022325369089293983,-0.3957326670825865,-0.024193556141314493,-2.098487446117166,0.004358602246700243,-0.40695520781579375,-1.1672938688330996,-0.6809778235341627,0.033106978093967045,0.025370607886771257,0.022240896487746898,0.028628999642059175,-0.3234956931620981,-0.014813250783597381,-0.023963983548185602,-0.39561510059888844,0.023675229136361244,-0.02394496706601399,-0.05697804134338829,0.07591838816241618,-0.023998867881648896,-0.05697294407062232,-0.07592599486427276,-0.09224283419894096,0.0435959423728423,0.2666598609338043,-0.003230222312749432,-0.000295163988910869,-0.0029235238976010754,-0.17620912430047347,0.03871056566956653,-0.006518003084010182,0.00036625845124565185,-0.0023707472377103196,0.0003237968970383735,-0.015268169079552776,-0.0018031990067454693,0.000846619616398104,0.0007301142619429343,0.00018049153846880456,-0.0037675222982474386,0.00014909746086859836,-0.0016566509575271587,-0.1038229536172767,-0.014829478839980606,-0.0008468845294712517,-0.00012107937004364255,-0.0016795805748978897,0.000537617241777912,-0.008954652584450162,0.001067210173705652,0.0004107265519440686,0.00033092834845389917,-2.1274098442189357e-05,0.005021738519394982,-0.0007167141909127685,-0.0006480911085898996,0.006108314629425015,-0.002397885509776503,0.00045994913465144513,0.6737845796882891,-5.658006376635749e-05,0.2791130165946648,nan,nan,nan,nan,nan,nan
382,1.9149999999999812,Standing,0.9328169306238439,0.4319127805404604,1.4739772451332784,-2.095504180180253,0.004492793335482883,-0.41046005568819954,-1.4080571344808894,0.9088985140066282,0.02484112951387219,0.02590681225828361,0.01897124910687838,0.02797255902079871,-0.3441495428998469,0.01239577821570256,-0.02232054099006185,-0.39572850019053335,-0.024192526070745346,-2.098510483934233,0.0043595270565929085,-0.40696514403900796,-1.1679190813349638,-0.6810913830862764,0.03310098548663496,0.02537011358144821,0.02222437934632419,0.02863373867312191,-0.3235494535140143,-0.014806704759258452,-0.023961496941519035,-0.3956125521003044,0.023674958731181552,-0.023922079797001814,-0.056974931097743854,0.07591406285089682,-0.023968362421496515,-0.056964185080206675,-0.07591921096746343,-0.105711016411426,0.048769501992938405,0.297050283246731,-0.0025708950796391045,-0.00033330720948127095,-0.003343905451319858,-0.20109625092054334,0.05073648881514948,-0.0070355911957131895,0.00035162856896113075,-0.0032167413985152216,0.0002691127104882513,-0.017427880424211444,-0.0020623808599227094,0.0009656198464268049,0.0008333784106299771,0.00020601411382964905,-0.004607563413393682,0.00018496197853297948,-0.0019872446428427443,-0.12504250037285722,-0.022711910422725884,-0.0011985214664174209,-9.886106460970001e-05,-0.0033034282845415958,0.0009478062125474361,-0.010752070383241741,0.0013092048677858514,0.0004973213333133428,0.0005096997168109825,-5.408103593819383e-05,0.00457745380243556,0.0006220491288865791,-0.0008650623038732526,0.006101092030476445,0.0017517980831281846,0.0013567793618671613,0.6735333386936228,-5.655909980356216e-05,0.2790106085588498,nan,nan,nan,nan,nan,nan
383,1.919999999999981,Standing,0.9322209827909315,0.4321821015549406,1.4756132931990713,-2.0955118700394064,0.0044909423264577735,-0.41047871247907536,-1.4091773877385407,0.9091933959468979,0.024803651646775136,0.025908490066624934,0.01895119700645493,0.027973634838646694,-0.3442466231516587,0.012384272784714954,-0.022315162233433387,-0.39572385801435234,-0.02419137851966776,-2.098532634851152,0.004360667531816766,-0.4069765468456555,-1.168651026177424,-0.6812154405997661,0.03309341471981483,0.025369651456162542,0.022198738927036707,0.028640879081898593,-0.3236122934885071,-0.01479891034202255,-0.02395851007671802,-0.3956092357168559,0.023674614677256497,-0.023904824248360268,-0.05698920191467428,0.07591440045582018,-0.023943877165802114,-0.05697407291908732,-0.07591743715980864,-0.11918956658246746,0.053864202896035954,0.3272096131585921,-0.001537971830685037,-0.00037020180502191747,-0.0037313581751598846,-0.22405065153027767,0.0589763880539233,-0.007495573419411038,0.00033556166826455666,-0.0040104200846900325,0.00021516356959683575,-0.019416050362362342,-0.0023010861975208898,0.0010757513256926085,0.0009284352362007323,0.00022951021551693396,-0.004430183383835053,0.00022809504477156248,-0.00228056132949934,-0.14638896849199756,-0.024811502697948705,-0.0015141533640269749,-9.242505713329279e-05,-0.005128083857496911,0.0014280817553360692,-0.012567994898557089,0.0015588834471806116,0.0005973729602029616,0.0006632766896990357,-6.881078501088514e-05,0.003451109728308983,-0.0028541633860849295,6.752098467356204e-05,0.004897051138880186,-0.001977567776129758,0.0003547615309576187,0.6732396065419751,-5.653635624188108e-05,0.278899003663111,nan,nan,nan,nan,nan,nan
384,1.924999999999981,Standing,0.9315579998080448,0.4324761443537938,1.4774011086075853,-2.095518268250462,0.004488921924487428,-0.4104990626372403,-1.4103974438817548,0.9095142224104766,0.024764202906896387,0.025910084330249505,0.018927485001095756,0.027974443003196223,-0.34435238209742997,0.012371724249353353,-0.022309308045257333,-0.3957188008595957,-0.02419012841685058,-2.098554883664157,0.004362050546440817,-0.4069894113927645,-1.1694850300137902,-0.6813667097667231,0.03308433427404418,0.02536921395607463,0.022165835927091718,0.02864977702004213,-0.32368385588087717,-0.014789949372551165,-0.023955021198036275,-0.3956052309294276,0.02367424338866532,-0.023886678587179296,-0.056972260486781105,0.07590782342742176,-0.02392199668752315,-0.05698123125031196,-0.0759154758532863,-0.13259659657733322,0.05880855977063505,0.3575630817027961,-0.0012796422110919986,-0.0004040803940691211,-0.004070031632989847,-0.24401122864282582,0.06416529271576427,-0.007889747975750133,0.00031885272491448397,-0.004742401071834757,0.0001616329099058288,-0.021151789154253024,-0.0025097070723203462,0.0011708376352111349,0.0010114309513245695,0.000250020563435986,-0.0044497626009471734,0.0002766029248101206,-0.0025729094218040114,-0.1668007672732484,-0.030253833391383288,-0.0018160891541289899,-8.750001758187232e-05,-0.006580599988997683,0.0017795876287071345,-0.014312478474015348,0.0017921938942767697,0.0006977757363490501,0.0008009574856600953,-7.425771823526746e-05,0.003629132236194322,0.003388285578634944,-0.0013154056796821827,0.004376095655792592,-0.0014316662449276561,0.0003922613044677897,0.6729035077348282,-5.651163531126743e-05,0.27877772370919873,nan,nan,nan,nan,nan,nan
385,1.9299999999999808,Standing,0.9308275409403752,0.4327946526537585,1.4793397708244735,-2.0955174010885864,0.004486726657690693,-0.4105210254161902,-1.4117133256753889,0.9098361561570096,0.024723077678136033,0.025911572705461777,0.018900355204744063,0.027974985328211615,-0.3444663946726294,0.012358183861379187,-0.022302990481068072,-0.39571334902779143,-0.024188780764526335,-2.09857527432304,0.004363727975201465,-0.40700387736665306,-1.1704296256303115,-0.6814941303713227,0.033073836353225874,0.02536872832690456,0.022130285985614978,0.028658788723419464,-0.32376485893118645,-0.014779838085845766,-0.023950956934383805,-0.39560055867791283,0.023673869832679433,-0.023883984253101218,-0.05702132676155182,0.07591805259882853,-0.023901375333498582,-0.05697628946238177,-0.07591110730591462,-0.14609177353391747,0.06370165999294049,0.38773244337764684,0.00017343237516796728,-0.0004390533593471989,-0.004392555789978543,-0.26317635872682604,0.06438674930660693,-0.008225045752071121,0.00029767504245428576,-0.005425959270338679,0.0001084650030783407,-0.02280251503988623,-0.002708077594833235,0.0012635128378521918,0.00109036636085989,0.0002695304648491843,-0.004078131776631237,0.0003354857521296187,-0.0028931947777084345,-0.18891912330424462,-0.02548412091991657,-0.002099584163662081,-9.712583401404494e-05,-0.0071099882953480145,0.0018023406754667406,-0.016200610061856482,0.0020222573410797117,0.0008128527304938301,0.0009344503029566941,-7.471119717719987e-05,0.000538866815615636,-0.009813254954142779,0.0020458342813530813,0.0041242708049137175,0.0009883575860372253,0.0008737094743364222,0.6725254146257411,-5.648456293724498e-05,0.27864580991098287,nan,nan,nan,nan,nan,nan
386,1.9349999999999807,Standing,0.9300303486010325,0.4331364084669017,1.4814327181205107,-2.095525346638537,0.004484410465536195,-0.4105441397909668,-1.4130962223266392,0.9101630174608634,0.024680649242780173,0.025912970621920987,0.018870231841716066,0.02797525914230627,-0.3445863436226459,0.012343927060114822,-0.022296361877191473,-0.3957076123857765,-0.024187362983678205,-2.0985952798271845,0.004365722381868783,-0.4070201472176181,-1.171491950958351,-0.6815967536843442,0.03306184932253192,0.025368193259442656,0.022094289310560105,0.028667123101068715,-0.3238558821640928,-0.014768559579956821,-0.023946292915267422,-0.3955951747143802,0.02367347365213001,-0.02388992026725634,-0.05688231936658831,0.07588880311060532,-0.023887639788379447,-0.05699547425614329,-0.07591305699205411,-0.15943846786853944,0.06835116262864743,0.41858945920741036,-0.00158910999010842,-0.0004632384308995563,-0.004622874955332221,-0.27657933025005943,0.06537226077074984,-0.008485687071172095,0.00027958329184244596,-0.006024672605599333,5.476281893125903e-05,-0.023989790003295732,-0.002851360252872742,0.001325720775319585,0.001147328402988045,0.0002835561696258534,-0.004001100828920476,0.00039888133346353426,-0.0032539701930091804,-0.21246506560791345,-0.02052466260431198,-0.0023974061387900254,-0.00010701349238091015,-0.007199335010974861,0.0016668755298503207,-0.01820464658126652,0.0022557011777892023,0.0009328038232767706,0.0010767927065247957,-7.923610988470092e-05,-0.0011872028310242724,0.027801478992702244,-0.005849897644642457,0.002747109023826757,-0.0038369587523047035,-0.00038993722789839864,0.6721052090485812,-5.6455833764580896e-05,0.27850303843829,nan,nan,nan,nan,nan,nan
387,1.9399999999999806,Standing,0.9291645100800132,0.4335023748007536,1.4836741080040148,-2.095508840444514,0.004481891584036669,-0.41056879535553126,-1.414572928154788,0.9104397942411488,0.024637105515774256,0.0259142082964373,0.018837153182855886,0.027975271382533543,-0.3447141492962915,0.012328727465305334,-0.02228926172157971,-0.3957015005526458,-0.024185852297211156,-2.098611627765582,0.004368072119318178,-0.4070381872981124,-1.1726684538234504,-0.6816554629390852,0.03304840595341882,0.02536760282552862,0.022058862636889887,0.02867442708859923,-0.32395670650033176,-0.014756163342542783,-0.023941053373726318,-0.3955890709213791,0.023673046978050623,-0.024040608527038307,-0.057069290128182126,0.07595349022321361,-0.02387056234039172,-0.056956018452133494,-0.0759017796736794,-0.17316770420385855,0.07319326677037502,0.44827797670082914,0.0033012388045068697,-0.0005037762999052016,-0.004931112912887373,-0.2953411656297807,0.05535535605710229,-0.008708745401183713,0.0002475349032627498,-0.00661573177203581,2.4480454542699333e-06,-0.025561134729123226,-0.0030399189618978677,0.001420031122352452,0.0012223666261391088,0.0003021372934102092,-0.003269587679501988,0.00046994748987909244,-0.0036080160988676635,-0.2353005730199024,-0.011741850948198523,-0.002688673822620283,-0.00011808678280695245,-0.007085334734044006,0.0014607975061030753,-0.020164867247798514,0.0024792474828075027,0.0010479083082205515,0.0012207586002230793,-8.533481587773806e-05,-0.03013765195639298,-0.037394152318763654,0.01293742252165896,0.003415489597545597,0.007891160801959299,0.0022554636749401863,0.6716436073011891,-5.6423301619953634e-05,0.27834792653226975,nan,nan,nan,nan,nan,nan
388,1.9449999999999805,Standing,0.9282313400510763,0.4338909271281232,1.4860693807306173,-2.0955052432057593,0.004479309086687928,-0.41059410291585563,-1.4160860746473345,0.9107131702953136,0.024592706899671732,0.025915363710381566,0.01880172324416009,0.027975009005272642,-0.34484537960301936,0.012313111147487371,-0.02228200626456663,-0.39569522394806295,-0.02418430119738603,-2.09861925701768,0.004370763094760723,-0.40705831937866366,-1.1739777492768164,-0.6816918709574442,0.033033297086822934,0.025366966373476074,0.022023633631329028,0.02868078136097786,-0.3240687644542328,-0.014742478717531081,-0.02393516235264112,-0.39558214796506064,0.02367255237104904,-0.024126149212991554,-0.05699112005674638,0.0759501843470431,-0.023908988935698046,-0.057079825219191985,-0.07593474595985081,-0.18663400578737394,0.07771046547391965,0.479054545320502,0.0007194477509591167,-0.0005164994697480936,-0.005061512064871851,-0.30262929850929987,0.05467521083295826,-0.008879723220504888,0.00023108278885349606,-0.0070859877391592245,-5.247545217994105e-05,-0.026246061345569657,-0.00312326356359244,0.0014510914026165625,0.001255320916566911,0.00031021996502533116,-0.0015258504194873574,0.0005381950885090741,-0.004026416110246482,-0.2618590906731971,-0.0072816036718004705,-0.0030217733191770036,-0.00012729041050955062,-0.0070458011121714344,0.0012708544757262874,-0.022411590780208917,0.0027369250023403227,0.0011782042170392717,0.001384591263702676,-9.892140031609929e-05,-0.017108137190649842,0.015634014287149764,-0.0006611752341008168,-0.007685319061265119,-0.02476135341169801,-0.0065932572342810615,0.6711393729776429,-5.639157610425147e-05,0.27818175808308726,nan,nan,nan,nan,nan,nan
389,1.9499999999999804,Standing,0.9272319891750742,0.4343005323559291,1.4886230470207473,-2.09550722008717,0.00447659259198654,-0.4106201581909368,-1.4176431447620095,0.9109399358364138,0.02454809090994885,0.025916360786008452,0.01876414729958279,0.027974491034120023,-0.34498039928908353,0.012297036206169579,-0.02227454444074258,-0.39568876713298373,-0.02418270535255578,-2.098649787065949,0.004373702341974673,-0.40707973932377023,-1.1753681189956415,-0.6817216748057418,0.03301684496908443,0.025366348077605134,0.021984683008059495,0.028687656678309737,-0.3241880880761279,-0.014727882971107435,-0.023928905468340683,-0.39557458936920914,0.02367204218409949,-0.024151340664553683,-0.05689258030598267,0.07593279217871401,-0.024003127006894148,-0.0568394854139095,-0.07589778618897372,-0.19987017520042524,0.08192104556117497,0.5107332580259935,-0.00039537628211415497,-0.0005432989402776739,-0.005211055016230943,-0.31141402293501236,0.04535310822002414,-0.008923197944576243,0.00019941512537722627,-0.0075151889154599725,-0.00010359423052393246,-0.027003937212832233,-0.003214988263558494,0.001492364764809479,0.0012913630158448623,0.0003191689660503279,-0.0061060096538283,0.0005878494427898991,-0.0042839890213135666,-0.27807394376501454,-0.005960769659504693,-0.003290423547700699,-0.0001236591741880303,-0.007790124653906442,0.0013750634663755106,-0.02386472437901924,0.0029191492847291103,0.0012513768600878128,0.0015117191702993177,-0.00010203738991045463,-0.005038290312425793,0.019707950152741384,-0.003478433665818953,-0.01882761423922018,0.0480679610564977,0.007391954175418167,0.6705935546974775,-5.63540360802455e-05,0.2780026132747988,nan,nan,nan,nan,nan,nan
390,1.9549999999999803,Standing,0.9261637644210481,0.43473280512827367,1.491324089830618,-2.0954964177348923,0.004473779518006363,-0.41064687759895235,-1.4192418719858129,0.9111229763183314,0.024503164627398256,0.02591721545177796,0.018724689207536678,0.027973710224432773,-0.34511894340046084,0.012280534912547303,-0.022266872581759214,-0.3956821429697708,-0.024181067850823846,-2.0986602352625896,0.0043768399687461575,-0.4071025316612167,-1.1768635715173013,-0.6818140177868559,0.03299882400235754,0.025365766198372046,0.021932829773218882,0.028698167217234692,-0.32431629785430616,-0.014711982733413596,-0.023922129909641602,-0.3955663280190553,0.023671496067503017,-0.02415634737815892,-0.056896352156478876,0.0759344126940798,-0.02412162196430327,-0.05689672166922444,-0.07592915770125198,-0.21364495080522922,0.0864545544689207,0.5402085619741089,0.0021604704554811496,-0.0005626147960353652,-0.005343881603118792,-0.31974544476065925,0.03660809638353221,-0.008985256510118651,0.000170933153901606,-0.007891618409222449,-0.0001561619374500748,-0.02770882227546443,-0.0033002587244552782,0.0015343717966734118,0.0013248326425935341,0.0003275003463866515,-0.0020896393281462913,0.0006275253542969285,-0.004558467489292312,-0.2990905043319228,-0.01846859622282206,-0.003604193345378003,-0.00011637584661797406,-0.010370646968122874,0.0021021077849909405,-0.025641955635645135,0.003180047538767761,0.0013551117398160617,0.0016522700307680066,-0.00010922331929484857,-0.0010013427210473526,-0.0007543700992414804,0.0003241030731576922,-0.023698991481824513,-0.011447251062987655,-0.006274302455652145,0.6700071494638233,-5.631502072004485e-05,0.27780834866871573,nan,nan,nan,nan,nan,nan
391,1.9599999999999802,Standing,0.9250279195745761,0.435186430045689,1.4941753563067706,-2.0954799402828317,0.004470878174637026,-0.4106740104595888,-1.4208649917275593,0.9112613067329312,0.024458302167898564,0.02591792182139427,0.01868368375441099,0.027972674181065815,-0.3452596146927774,0.012263774187050465,-0.022259086536537773,-0.3956754187907379,-0.02417940525512983,-2.098670467620739,0.004380035458984892,-0.4071258528827426,-1.1784204806731373,-0.6819440568139039,0.032979673039704324,0.025365211885809733,0.0218636386460053,0.028713909308084616,-0.32445002686633495,-0.014695065877947487,-0.023915038068811713,-0.39555760624015907,0.0236710014600342,-0.024148476168458697,-0.05695103649025663,0.07594503794969609,-0.02418030566158825,-0.056986433733173414,-0.07595798518586855,-0.22716896929440783,0.09072498348307102,0.5702532952305233,0.003295490412147595,-0.0005802686738674346,-0.005426572127288995,-0.32462394834930436,0.027666082919952716,-0.008972491899938165,0.00014127392326194853,-0.008201090625137103,-0.0002072086733917408,-0.02813425846330287,-0.003352145099367355,0.0015572090442880712,0.0013448358065747852,0.000332519138802681,-0.002046471629878062,0.0006390980477468609,-0.004664244305181858,-0.31138183116719365,-0.026007805409608235,-0.0038301925306438393,-0.00011086251246228055,-0.01383822544271673,0.003148418169984628,-0.02674580240575915,0.0033833710932217927,0.0014183681659776634,0.0017443557792391883,-9.892149376344141e-05,0.0015742419400441797,-0.010936866755551479,0.0021250511232586092,-0.011736739456996152,-0.017942412789795328,-0.005765496923313269,0.6693783047508,-5.6272013574993844e-05,0.277601254986073,nan,nan,nan,nan,nan,nan
392,1.96499999999998,Standing,0.9238244918161128,0.43565957613879236,1.4971775138931593,-2.0954696008885234,0.004467567196142924,-0.41070487943187445,-1.4227425372746458,0.9115479102687312,0.024412026703077138,0.02591800539713345,0.01863977669035734,0.027971185815461184,-0.34542019718715733,0.012244649524530509,-0.022249960738965898,-0.3956677475235019,-0.02417750698765164,-2.09868750460028,0.004383343447815058,-0.4071498441665327,-1.1800436902727494,-0.6820157423660775,0.03295963823615735,0.025364582297635288,0.021786517457033812,0.028731634695006874,-0.324589595957475,-0.014677294105905337,-0.023907570006507093,-0.39554843109937193,0.023670552521539028,-0.02412323398736745,-0.05697347721398226,0.07594588607803762,-0.024186668499665345,-0.05697964256820873,-0.07595753499934778,-0.2406855516926588,0.09462921862066279,0.6004315172777539,0.002067878861670467,-0.0006621956988203943,-0.006173794457130371,-0.3755091094173029,0.05732070716000012,-0.009255092964284938,1.6715147836049302e-05,-0.008781412810730393,-0.000297673120926418,-0.03211649887598408,-0.003824932503991158,0.0018251595143747483,0.0015342534471998086,0.00037965349563823134,-0.0034073959082298027,0.0006615977660332158,-0.004798256758015352,-0.32464191992242547,-0.01433711043473361,-0.004006960709395204,-0.00012591763488908528,-0.015424237794297534,0.003545077384451475,-0.0279138182280042,0.0035543544084302285,0.0014936124609241422,0.0018350281574246025,-8.978769903417881e-05,0.005048436218249871,-0.004488144745124766,0.00016962566830673424,-0.0012725676154189992,0.0013582329929378197,9.003730415271718e-05,0.6687077926474063,-5.62264107508559e-05,0.27737968390560996,nan,nan,nan,nan,nan,nan
393,1.96999999999998,Standing,0.9225531008558544,0.43615197883921986,1.5003318821706515,-2.095463510072804,0.004463775239041209,-0.4107396800192866,-1.4248656632370196,0.9119401676474939,0.024362815697109658,0.02591768916804664,0.018592331156058184,0.027969325325953493,-0.3456008848398206,0.012223138762460155,-0.022239589575463993,-0.39565911693321776,-0.02417537089951027,-2.0987076463739123,0.004386833425863613,-0.40717504495390605,-1.18175143800297,-0.6820084977425753,0.0329386067004182,0.025363865824590066,0.02170953987925974,0.028748546578482068,-0.32473636122873134,-0.01465868732527027,-0.02389966167968552,-0.39553867479529864,0.023670068072170154,-0.024087950471507445,-0.056953626943869316,0.07593593178227952,-0.024163870747446903,-0.05692674457299832,-0.07594243098856544,-0.254278192051687,0.09848054008549581,0.630873655498442,0.001218163143826683,-0.0007583914203429411,-0.0069601174824336365,-0.424625192474753,0.07845147575253358,-0.009842201193496344,-6.324581736144085e-05,-0.009489106859831169,-0.000372097901537816,-0.03613753053265352,-0.004302152414070568,0.0020742327003812175,0.001726118056827357,0.0004272176282737022,-0.004028354726404962,0.0006979956097109972,-0.005040157474666089,-0.34154954604410953,0.0014489247004369557,-0.0042063071478300445,-0.0001432946090442094,-0.015395515554814384,0.0033823766950389785,-0.02935305425126441,0.003721356127013746,0.0015816653643148599,0.0019512608146558352,-9.688987377464955e-05,0.007056703172000583,0.00397005402258832,-0.001990859151620368,0.004559550443688553,0.010579599042082125,0.0030208021564672623,0.6679970554446217,-5.6178908040290335e-05,0.27714622847441855,nan,nan,nan,nan,nan,nan
394,1.9749999999999799,Standing,0.9212129056962512,0.4366636121675112,1.5036379293937905,-2.0954561152450477,0.004459456188160702,-0.41077851089814815,-1.4272304235671414,0.9124103734640829,0.02431005336610784,0.02591704596489511,0.018540677003201035,0.027967130094982348,-0.3458018804013986,0.012199217187368988,-0.022228020238262775,-0.3956495158047457,-0.024172994674335292,-2.0987245322653068,0.0043905687785606535,-0.4072019082374535,-1.1835630577441474,-0.6819115160492262,0.03291639600998546,0.025363059531864,0.02163718372569527,0.02876307836036204,-0.32489185464561826,-0.01463916847767531,-0.023891240515960893,-0.3955282110621905,0.02366948105379728,-0.024051953369159107,-0.056942909562680784,0.07592785309014786,-0.02413186939069597,-0.056909838643732544,-0.07593365479892963,-0.2680390319206355,0.10232666565827096,0.661209444627778,0.0014789655512512526,-0.0008638101761015213,-0.007766175772310943,-0.47295206602434575,0.09404116331780563,-0.010552466200363268,-0.00012864063030560674,-0.010330830571429889,-0.00043904619422887063,-0.04019911231559242,-0.0047843150182332855,0.0023138674402434856,0.0019202256944093974,0.0004752450349954747,-0.0033771782789302866,0.0007470705394079909,-0.005372656709487407,-0.3623239482354966,0.019396338669828237,-0.004442138086548769,-0.00016125854521265566,-0.014471230712894804,0.00290635637599437,-0.031098683377389153,0.003903769518991785,0.0016842327449250105,0.002092746621625699,-0.00011740367457540178,0.007199420469667671,0.0021434762377063954,-0.0016157384263299768,0.00640027135018712,0.003381185853154154,0.0017552379271609047,0.6672463519118833,-5.612895396600448e-05,0.27690038577471376,nan,nan,nan,nan,nan,nan
395,1.9799999999999798,Standing,0.919803444586105,0.437194165961865,1.507095896916635,-2.0954455777968772,0.0044545801974992276,-0.4108212837233754,-1.4298286190863088,0.9129427167349634,0.024252359242353562,0.025916258551544155,0.018484232932235112,0.027964611187707888,-0.34602283806932554,0.012172924521705987,-0.02221531299089318,-0.3956389599220059,-0.024170382461981707,-2.098737108661821,0.004394581404710259,-0.40723070021893953,-1.185487895124041,-0.6817418717401696,0.03289282373750219,0.025362190191870086,0.02157098294290033,0.028774687901394928,-0.3250568757113127,-0.014618684579091705,-0.02388228402350289,-0.39551696235612815,0.02366875511512917,-0.024021749086324137,-0.05696310850757412,0.0759274173985754,-0.02410207602295363,-0.05694007038973045,-0.07593543081372116,-0.2818922220292493,0.10611075887076403,0.691593504568903,0.002107489634121232,-0.0009751981322948785,-0.00855456504545118,-0.5196391038334677,0.10646865417609537,-0.011538824750855664,-0.0001574826701914385,-0.011288814193184707,-0.000503781454891962,-0.04419153358539634,-0.0052585331326002824,0.002541449473918648,0.002111176547968911,0.0005224424707173096,-0.0025152793028484994,0.0008025252299211079,-0.005758396297207763,-0.3849674759787178,0.033928861811295646,-0.004714454496652677,-0.00017386799878299302,-0.013240156558988013,0.002321908206577412,-0.0330042131388922,0.004096779716721088,0.0017912984916004927,0.0022497412124676914,-0.00014518773362176668,0.006040856566993762,-0.004039788978666957,-8.713831449104134e-05,0.005958673548467817,-0.00604634919958117,-0.00035520295830574096,0.6664554945350607,-5.607632481288311e-05,0.27664222005880196,nan,nan,nan,nan,nan,nan
396,1.9849999999999797,Standing,0.9183247910933295,0.4377428644000629,1.5107074848025348,-2.095435252587066,0.004449129081633643,-0.41086782158621393,-1.432648748316559,0.913529814249638,0.02418891668698401,0.025915440498224675,0.018422553620446622,0.027961760323222236,-0.34626299930760374,0.012144349332169383,-0.022201538699804776,-0.39562748528929675,-0.02416754327708571,-2.098749680450689,0.0043988654976762995,-0.4072614795011407,-1.1875271617233205,-0.6815240508101478,0.032867779284883866,0.02536128461024734,0.021510193193679535,0.02878362003726776,-0.3252315924028919,-0.014597206902291986,-0.023872796182948776,-0.3955049146979052,0.0236678923461997,-0.02399255099187588,-0.05697608065726736,0.07592556862714807,-0.02406947719774128,-0.05696714269963734,-0.07593606435848184,-0.29573069855507944,0.10973968763957757,0.7223175771799515,0.0020650419622417365,-0.00109022317311683,-0.009307572567711196,-0.5640258460500569,0.11741950293490792,-0.012688511073910494,-0.00016361066389613543,-0.012335862357697618,-0.0005701728971300726,-0.04803224765564057,-0.005715037907320954,0.0027548582176808918,0.002294926541828568,0.000567836979199066,-0.0025143577735310826,0.0008568185932080138,-0.006155856440240354,-0.40785331985588363,0.043564186004374277,-0.0050088905236646605,-0.00018111632454919792,-0.012157949844159209,0.0017864271745665088,-0.03494333831584298,0.004295535359943763,0.001897568110822773,0.0024095316445891324,-0.00017255378589401234,0.005839618889651011,-0.002594429938647557,-0.00036975428546715954,0.006519765042469516,-0.005414461981377415,-0.00012670895213672342,0.6656244339368937,-5.602102813283322e-05,0.2763715453560022,nan,nan,nan,nan,nan,nan
397,1.9899999999999796,Standing,0.9167769293251276,0.43830891949609996,1.5144737076264758,-2.095426630244126,0.0044430792237519804,-0.410917992250306,-1.4356833791068853,0.9141665498860595,0.024119436263895844,0.025914626100871637,0.01835529802758167,0.02795855345025547,-0.3465218104797719,0.012113556109677617,-0.022186738856596198,-0.39561511839486285,-0.024164483683274028,-2.098764992551123,0.004403397077069313,-0.4072942144315062,-1.189681387564984,-0.6812827872751624,0.032841193433400015,0.025360357362919427,0.021452594415411478,0.02879061247131604,-0.32541609143038097,-0.014574682946370193,-0.023862766538906507,-0.3954920853920239,0.02366691686576763,-0.02396363427448652,-0.05696777617409245,0.07591913992002607,-0.024033270666836325,-0.05696118146638441,-0.07592896609221211,-0.3095723536403862,0.11321101920742073,0.7532445647882027,0.0017244685880343962,-0.001209971576332447,-0.010034132818411045,-0.606926158065245,0.12734712728429612,-0.013896084617633123,-0.00016287947060735164,-0.013451118572990682,-0.0006413745933534857,-0.05176223443362628,-0.006158644498353154,0.002959968641715469,0.002473378886784911,0.0006119187623370443,-0.003062420086871141,0.0009063158786026858,-0.006546986073101366,-0.43084516833271114,0.04825270699707284,-0.0053171702967701115,-0.00018544946558243187,-0.011519755653611297,0.0013984868096551853,-0.03689980549781696,0.004504791184358636,0.0020059288084538036,0.0025658611762587116,-0.00019509608641401504,0.005783343477872181,0.00166089663498184,-0.001285741424401864,0.007241306180990958,0.0011922466505860279,0.001419653253945186,0.6647534854705953,-5.596299834051458e-05,0.27608765523487616,nan,nan,nan,nan,nan,nan
398,1.9949999999999795,Standing,0.9151598251879669,0.43889178278622804,1.5183928594100566,-2.0954165925556434,0.004436395377140664,-0.4109717456395941,-1.4389300597891639,0.9148481095990088,0.024044107339405044,0.025913773160752145,0.018282206244528434,0.02795495364091198,-0.34679905388566784,0.012080570057549525,-0.02217092513199125,-0.3956018705470092,-0.02416120626616312,-2.0987821084328333,0.0044080473817184745,-0.40732831751246945,-1.1919277418808065,-0.6811054318046609,0.03281307551164943,0.02535949062367725,0.02138625577463426,0.02879966139880185,-0.32560853398527984,-0.014551069056231537,-0.023852299677396653,-0.3954785983268868,0.023665885521283934,-0.023940213272231923,-0.0569766169908745,0.07591732489749978,-0.02399907601378309,-0.05695467704791319,-0.0759220862784124,-0.3234208274321382,0.11657265802561131,0.783830356716164,0.0020075376965375874,-0.0013367693222632203,-0.010750677857617371,-0.6493361364557388,0.13631194258984408,-0.0150657848981602,-0.00017058802389801725,-0.014618356610646529,-0.0007199618686977214,-0.05544868117919794,-0.006597210425618356,0.003162744920989756,0.0026495695707338136,0.0006554834221813278,-0.0034231763420464775,0.000930060929832306,-0.006820616192643844,-0.44927086316449055,0.03547109410030992,-0.005623584350117868,-0.00017334784843538092,-0.013267728155443663,0.0018097854971625062,-0.03848851097977572,0.004722778027731247,0.002093372301970862,0.002697413027424347,-0.0002062688967393973,0.004684200450919588,-0.0017681633564112422,-0.00036300450525759,0.0068389306106465715,0.0013008836942445983,0.001375962759943053,0.6638429344455524,-5.590220878882505e-05,0.27578992147970505,nan,nan,nan,nan,nan,nan
399,1.9999999999999793,Standing,0.9134740023128449,0.4394906229906564,1.5224629694000207,-2.095405763749283,0.004429049820274821,-0.4110289889527998,-1.4423827452263691,0.9155745267275796,0.02396343633243988,0.025912804048804965,0.018203135485468702,0.027950915453611003,-0.347094222804397,0.012045451040576487,-0.022154129217067855,-0.3955877667045538,-0.024157717033281442,-2.098801956943294,0.004412619298956061,-0.40736279110156814,-1.19422988171108,-0.681043095110566,0.03278371039822294,0.02535871917315463,0.021296899970032937,0.028815509642810152,-0.3258059631277877,-0.014526392353262325,-0.023841535391730014,-0.3954647017968558,0.023664903097546586,-0.023919364220047597,-0.05698277991558335,0.07591532642251296,-0.02397183102254166,-0.056971555722336385,-0.07592137798603751,-0.33716457502439,0.11976804088567486,0.8140219979928031,0.0021657612720947465,-0.0014691113731686845,-0.011448662641149267,-0.690537087441029,0.145283425714164,-0.016134201393032756,-0.0001938223894363607,-0.015814151811946467,-0.0008076374601953168,-0.059033783745836683,-0.007023803394607681,0.003359182984678792,0.002820768491075214,0.0006978465763353358,-0.003969702092124466,0.0009143834475172991,-0.006894717819737688,-0.4604279660546681,0.012467338818959367,-0.005873022685296792,-0.00015429010452419782,-0.01787116092026422,0.0031696488016601876,-0.039485828501578224,0.004935340593842208,0.0021528571333277817,0.0027793060062039072,-0.00019648474746925893,0.004169810436865215,-0.0012325849417690405,-0.00039969499736269956,0.005448998248286707,-0.003375734884639106,0.00014165847497698224,0.6628928626673084,-5.58386342403727e-05,0.27547802909353686,nan,nan,nan,nan,nan,nan
400,2.0049999999999795,Standing,0.9117199027698458,0.4401044269292469,1.5266831331165784,-2.095394829971275,0.004421004187855317,-0.41108968121772793,-1.4460388077064037,0.9163446956115375,0.02387800348276227,0.025911624301201117,0.018117994858748987,0.02794638752068319,-0.3474070560185651,0.012008230020972323,-0.022136361709836055,-0.3955728191605748,-0.02415401906200692,-2.098827553932923,0.0044170264503382945,-0.40739715221545175,-1.1965740219255112,-0.6810280321256162,0.0327535075637757,0.02535794785418464,0.021183413679055272,0.028838483726985144,-0.326007205299224,-0.014500751698476077,-0.023830481781918503,-0.39545057208443757,0.023664042490801125,-0.023899997665097823,-0.056978337093786385,0.07591127090595672,-0.023945945811646736,-0.056976560078994945,-0.07591830786805012,-0.350819908599817,0.12276078771809654,0.8440327433115608,0.0021867556015994685,-0.001609126483900724,-0.012138452985619518,-0.7312124960069207,0.15403377679159144,-0.017086569935521583,-0.0002359495207694864,-0.017028125343942702,-0.0009055865855620842,-0.06256664283361543,-0.007444203920832786,0.003553501446360304,0.002989508795799823,0.0007395942549043939,-0.005119397925871615,0.0008814302764466873,-0.006872222776726771,-0.46882804288627533,0.003012596989970407,-0.006040566889447476,-0.00015426379399847924,-0.022697258195532775,0.004594816834998142,-0.040248434287255455,0.005128130957249682,0.002210721962302434,0.002825942483647392,-0.0001721213490921404,0.003873310989954446,0.0008885643593924573,-0.0008111033112482831,0.005177042178984676,-0.0010008713317116772,0.0006140235974775089,0.661903647292582,-5.5771849954890675e-05,0.2751513771747736,nan,nan,nan,nan,nan,nan
401,2.0099999999999794,Standing,0.9098967936915392,0.4407325135560935,1.5310533308121563,-2.095381309233628,0.0044122080814455,-0.4111538748779327,-1.4499020891909322,0.9171566605691851,0.02378817434504582,0.025910151122005055,0.018026693100457188,0.02794131183721786,-0.3477377979654521,0.01196887808203357,-0.02211759486818247,-0.3955570146017244,-0.02415010940982883,-2.0988556935876423,0.004421440286842444,-0.40743236265978017,-1.1990076804808276,-0.6808760729544162,0.03272255280429291,0.025356963828816123,0.021065667326589287,0.02886195946787433,-0.32621601249043003,-0.014474130652400082,-0.023818867840892915,-0.3954360445302387,0.02366323982903998,-0.02388677426443584,-0.05699632371885037,0.07591306350726862,-0.023921994258656525,-0.056972788102436785,-0.07591366042340149,-0.3646218156613223,0.12561732536932074,0.874039539115587,0.002704147529401795,-0.0017592212819634813,-0.012838732040954209,-0.7726562969056882,0.16239299152951275,-0.017965827543290108,-0.00029463583921255195,-0.018260351658359958,-0.0010151366930656262,-0.0661483893774079,-0.007870387787750482,0.0037533683307168046,0.0031609117700811076,0.0007819304356175355,-0.005627930943829275,0.0008827673008298746,-0.007042088865679724,-0.4867317110632772,0.030391834239996963,-0.006190951896557822,-0.00019680507370297516,-0.023549270493197036,0.004695148177836883,-0.04176143824120923,0.005324209215198909,0.002322788205117634,0.0029055108397799552,-0.00016053235222866633,0.0026446801323962957,-0.0035973250127972816,0.0003585202623801937,0.004790310598042349,0.0007543953116317256,0.0009294889297276652,0.6608758277780791,-5.570191494857925e-05,0.27480932404293273,nan,nan,nan,nan,nan,nan
402,2.0149999999999793,Standing,0.9080044151593553,0.4413740706078101,1.5355749083170716,-2.095369963073625,0.004402627651060823,-0.41122149486111054,-1.4539675912952856,0.9180146843133685,0.023694156360160933,0.025908341848421713,0.01792922254719293,0.027935629400286863,-0.3480860374142544,0.011927444495534114,-0.022097854240506868,-0.3955403720390423,-0.02414599293137256,-2.0988847038696776,0.004425990422859623,-0.4074693061978907,-1.2015613431673229,-0.6805818240195787,0.032690453107017854,0.02535579985533336,0.02095274474473111,0.02888290638570821,-0.32643482321874095,-0.014446444740430737,-0.023806617408203636,-0.39542082660906913,0.02366234514546794,-0.023870943006707418,-0.05695712403526713,0.07590201400564006,-0.023904334358786434,-0.05698822391771359,-0.0759141688969104,-0.3784757064367916,0.12831141034332041,0.9043155009830551,0.002269232000628778,-0.0019160860769352121,-0.01352399663557132,-0.8131004208706925,0.17160474883668148,-0.018803596976977727,-0.00036185471666805573,-0.019494110652851154,-0.0011364873861999265,-0.06964788976046458,-0.008286717299891081,0.003948125535120449,0.0033285125364164864,0.0008232956912541539,-0.005802056407035209,0.0009100272034357304,-0.007388707622100739,-0.5107325372990551,0.058849786967512335,-0.006419939455010956,-0.00023279469655211466,-0.022584516371635343,0.004189383566775598,-0.04376214566218384,0.005537182393869137,0.0024500865378556114,0.003043584233913249,-0.00017893671440825958,0.003166251545684543,0.007839936716648323,-0.0022099003257106476,0.0035319799740182083,-0.0030871630553612524,-0.00010169470178113163,0.6598095324030281,-5.562904791994638e-05,0.27445195821934076,nan,nan,nan,nan,nan,nan
403,2.019999999999979,Standing,0.9060415617875353,0.4420289773926644,1.5402460593895415,-2.0953462447428013,0.004392146708822239,-0.4112928280631308,-1.458254143299411,0.91890401200152,0.02359586205204604,0.025906137102640368,0.017825405564410333,0.02792927639917561,-0.34845319708177663,0.011883761575330805,-0.022077033686899068,-0.39552282391070875,-0.024141652765630732,-2.0989138673908063,0.004430787115898331,-0.4075085878139531,-1.2042606205144013,-0.6801284948956777,0.03265687431181788,0.02535446550922861,0.020849750594334835,0.028899606631960152,-0.32666580415036667,-0.014417558796949522,-0.023793653382046795,-0.3954046941303309,0.02366126512888051,-0.023908457391721424,-0.057082108686155174,0.07593518183191364,-0.023885250127892194,-0.05697081257424501,-0.07590734231214738,-0.3925706743639985,0.13098135697086444,0.9342302144939933,0.004743666164750471,-0.0020961884477167796,-0.014266640404042786,-0.8573104008250562,0.177865537630308,-0.019658861622978904,-0.0004409491562689774,-0.02076339655651966,-0.0012706002222510216,-0.07343193350443897,-0.008736584040661851,0.004164110721560096,0.0035096256667093316,0.0008680331483657575,-0.005832704225783185,0.000959338607741661,-0.007856323212480198,-0.5398554694156955,0.09066582478019208,-0.00671575903999476,-0.000266869220950032,-0.020598830079254858,0.0033400492503885154,-0.046196186325147784,0.005777188696242974,0.0025928052313680416,0.003226495747641089,-0.0002160033174856682,-0.007502877002801157,-0.024996930177609386,0.006633565254716344,0.0038168461788479894,0.0034822686937161333,0.0013653169526028908,0.658705077389511,-5.555247999889732e-05,0.2740790620065616,nan,nan,nan,nan,nan,nan
404,2.024999999999979,Standing,0.9040095552278619,0.4426953501955005,1.545072990774414,-2.0953430161433197,0.004380836098095183,-0.4113672724916276,-1.4627218770592083,0.9198548016908332,0.023493329095438734,0.025903593280987826,0.017715494288679863,0.027922195380625105,-0.3488362293938154,0.011838191210808589,-0.022055356373050724,-0.39550451393576996,-0.02413712500399273,-2.098944773966203,0.004435852509413532,-0.40755085281106324,-1.207137694033246,-0.6795650650802857,0.03262131377601178,0.02535300610449031,0.020756967155390892,0.02891188339306034,-0.3269116079951639,-0.014387182930148555,-0.02377985821055097,-0.3953874276046037,0.023659933888634826,-0.024007469003009183,-0.05684082972641497,0.07589854946689176,-0.023883330290785272,-0.0570217371070913,-0.07591806452212299,-0.40640131193468454,0.13327456056721645,0.9653862769745072,0.0006457198962931598,-0.002262122145411186,-0.014888885699360373,-0.8935467519594529,0.1901579378626322,-0.02050659132146134,-0.0005087643305085776,-0.02198225514609417,-0.0014162037101009084,-0.07660646240775476,-0.00911407290444312,0.0043354627696686595,0.0036619949877622184,0.0009055523276007379,-0.006181315079373665,0.0010130787030401215,-0.008452999422022024,-0.5754147037689252,0.11268596307840668,-0.00711210716121926,-0.0002918809476598591,-0.01855668778878844,0.002455352220037886,-0.04916076895944847,0.006075173360193564,0.0027590342991649767,0.0034533051454434995,-0.000266248049136649,-0.019802322257551755,0.04825579194804004,-0.0073264730043756795,0.00038396742138398915,-0.010184906569258015,-0.0021444419951231635,0.6575620946298487,-5.5474344596269675e-05,0.2736914017136041,nan,nan,nan,nan,nan,nan
405,2.029999999999979,Standing,0.9019066899599703,0.443373469792743,1.550051265874513,-2.0953214058938454,0.004368446800278954,-0.4114455894044524,-1.4674217017632913,0.9208216307412962,0.023386403452276404,0.02590059079952475,0.01759910667065866,0.027914320378578543,-0.3492389517535272,0.0117902825576194,-0.02203253490331818,-0.39548526337551176,-0.02413236443734854,-2.098985526408619,0.004441227523193754,-0.40759606547573013,-1.2101909781643212,-0.678917368598514,0.032583599375697735,0.02535145563278348,0.0206718126594184,0.02892052576722899,-0.32717234492938224,-0.014355260756244381,-0.023765244093556428,-0.3953690122745014,0.02365838060366876,-0.024126282267340697,-0.05689899344274101,0.07593017242767673,-0.023889283378096492,-0.0568768183001678,-0.07588763574704004,-0.4205730535783223,0.13562391944849822,0.9956550200197798,0.004322049894897333,-0.0024778595632457055,-0.015663382564964076,-0.9399649408166012,0.1933658100925894,-0.021385128632465708,-0.0006004962926153898,-0.02327752360424043,-0.0015750004093121883,-0.08054447194235342,-0.009581730637837777,0.004564293946508416,0.00385011205164512,0.0009521133288381731,-0.00815048848314545,0.0010750027560443099,-0.009042532933381281,-0.610656826215071,0.12953929635433642,-0.007542880062809179,-0.000310094341365974,-0.017030899194498527,0.001728474833730088,-0.05214738684366926,0.0063844347808346925,0.002922823398908135,0.0036830660204650338,-0.000310656993212925,-0.023762652866302896,-0.01163274326520778,0.006324592156993758,-0.0011906174622441385,0.02898376138469952,0.006085755016591237,0.6563819773949408,-5.5390390602850794e-05,0.27328744758942003,nan,nan,nan,nan,nan,nan
406,2.034999999999979,Standing,0.8997316428436448,0.4440634823577265,1.5551764075395402,-2.0952913049559614,0.004355031024747386,-0.411527406842656,-1.4723283728485959,0.9218322271182804,0.023274620253755783,0.02589720239565919,0.017476347165988195,0.027905579769695592,-0.34965952640087317,0.011740254287587872,-0.02200871063701526,-0.3954651577043693,-0.024127392814830152,-2.099004492511974,0.00444689484569943,-0.40764503250948386,-1.213484170998545,-0.6782273094025761,0.03254311854946848,0.025349772598483426,0.020589668545749312,0.02892680598537148,-0.3274530784917664,-0.014321114091165463,-0.023749455792637143,-0.3953492262544375,0.023656592360390402,-0.024184822457466205,-0.05699067919962094,0.07595945915662902,-0.024046376714234482,-0.05705998901644888,-0.07595247682949299,-0.435009423265096,0.13800251299670635,1.025028333005463,0.006020187576810783,-0.0026831551063136415,-0.016363487640712028,-0.9813342170609088,0.2021192753968341,-0.022356639704124222,-0.0006776807731117556,-0.02455190093409301,-0.001748121776590031,-0.0841149294691896,-0.010005654006305447,0.004764853260584036,0.004021134228490737,0.0009943245036772657,-0.0037932206710347372,0.0011334645011352412,-0.009793406750742693,-0.6586385668447616,0.13801183918758414,-0.008096165245850847,-0.00033660686001096845,-0.01642882273381713,0.00125604362849763,-0.056146712476833754,0.006829333015783585,0.003157660183857264,0.003957204012771942,-0.0003576486556718429,-0.011708038025101557,-0.018337151375985294,0.00585734579045848,-0.03141866722759807,-0.03663414325621528,-0.012968216490592037,0.6551640313789686,-5.530647358178212e-05,0.27286848638426375,nan,nan,nan,nan,nan,nan
407,2.0399999999999787,Standing,0.8974882957974589,0.4447626820626243,1.560456073158195,-2.0952699567454713,0.004340511314150156,-0.41161253107864365,-1.4774272060488776,0.922878541696433,0.023158372699883526,0.025893388020714746,0.017347280362212582,0.02789592102538302,-0.3500967816449433,0.011688247273833167,-0.021983975008451177,-0.3954442565901444,-0.024122224093257608,-2.099048923547608,0.004452578489271738,-0.4076959197668854,-1.21692237034649,-0.6776654516766961,0.03250010258241925,0.025348194652878773,0.02048515065410985,0.028938677113600354,-0.32774655755497134,-0.014285049933721653,-0.023732999200502765,-0.3953284625050842,0.02365473298455729,-0.024191920406425586,-0.0569851552657967,0.07595938171104022,-0.024129098196683154,-0.05699138469726076,-0.07595088847704336,-0.44866940923718196,0.13983994097955593,1.0559331237309486,0.0042696420980397635,-0.0029039421194460104,-0.017024847197534734,-1.0197666400563608,0.20926291563053262,-0.023249510774451445,-0.0007628749888887239,-0.025813360755122302,-0.0019317488625143163,-0.0874510488140279,-0.010401402750941027,0.004947125712816738,0.004180222844971895,0.0010337443145089803,-0.008886207126730576,0.001136728714461771,-0.010177451480309463,-0.6876398695889542,0.11237154517599968,-0.008603193409846993,-0.00031558912093066166,-0.020903578327892677,0.0023742256457751996,-0.05869581264098574,0.00721283148876212,0.003291318426875833,0.004152749870672695,-0.00037187516662209825,-0.0014195897918759873,0.0011047867648482507,-1.5489117761211847e-05,-0.016544296489734114,0.013720863837624511,0.00031767048992577956,0.6539075449900176,-5.521703154025156e-05,0.2724360313236608,nan,nan,nan,nan,nan,nan
408,2.0449999999999786,Standing,0.8951768076106449,0.4454705521684713,1.5658842871795275,-2.095250104738646,0.004324830959761175,-0.4117009160467637,-1.482717364657373,0.9239570992281242,0.02303761531928568,0.025889126543580006,0.017211917847328003,0.027885279045438947,-0.3505505709797302,0.011634279852754727,-0.02195832191221644,-0.3954225667014126,-0.024116859960924296,-2.0991063808992076,0.004458073658969251,-0.4077478766748886,-1.2204994744895659,-0.6772291028748606,0.03245481546412121,0.025346640534522423,0.020342517510508452,0.02896079326814645,-0.3280521349976391,-0.014246793994304705,-0.02371579468228515,-0.3953069396673113,0.023652937399434186,-0.024170233602148167,-0.05693187274264853,0.07594432650303137,-0.024151400831249815,-0.056892172791803614,-0.07593297253461441,-0.4622976373628162,0.14157402116939832,1.0856428042665316,0.0039704013651052205,-0.003136070877796232,-0.017676993624009974,-1.0580317216991144,0.21571150633824068,-0.024151476119569415,-0.0008522954269480933,-0.027072502976915554,-0.0021283959888144673,-0.09075786695738358,-0.010793484215688006,0.00513061924694751,0.00433797774635786,0.0010728264666625149,-0.011491470319977465,0.001099033939502426,-0.010391381600633291,-0.7154208286151653,0.08726976036711187,-0.009057423659607345,-0.0003108236712698171,-0.028526628720279668,0.004423230909219266,-0.061115488533552365,0.00765118788338942,0.0034409036435231253,0.004304567554578168,-0.0003591170246209339,0.004337360855483789,0.010656504629634838,-0.00301104160176787,-0.004460526913332003,0.019842381091430286,0.0035831884857882956,0.6526152213346827,-5.512528547504584e-05,0.2719870706919328,nan,nan,nan,nan,nan,nan
409,2.0499999999999785,Standing,0.8927997675832116,0.446200375193481,1.5714646748103909,-2.0952486669102175,0.00430813904881131,-0.4117915557852667,-1.48813106214,0.9250684281668898,0.02291296568286824,0.025884496130018732,0.017070834770651997,0.027873631276284824,-0.3510155727105126,0.011578982872261433,-0.0219321037595823,-0.39540033886939574,-0.024111363347337735,-2.09917405232046,0.004464135498611748,-0.40780611496108116,-1.2243137727164046,-0.6791287373831438,0.03240283014874746,0.025346667920479328,0.02015635045219245,0.02899462007940112,-0.32837569036386793,-0.01420561542147818,-0.023697349611773343,-0.39528449882998723,0.02365119957127521,-0.02413841819593928,-0.056912907239932885,0.07593513604186468,-0.02415356104548898,-0.056889367893382996,-0.07593272142883442,-0.4754080054866596,0.14596460500193523,1.116077526172665,0.0002875656856686469,-0.003338382189972953,-0.01812794770060838,-1.0827394965253632,0.22226578775313452,-0.02492992728348764,-0.0009260827122544598,-0.028216615335201353,-0.002329553830824817,-0.09300034615648171,-0.011059396098658653,0.0052436305268281375,0.004445566403379776,0.0010993227173122068,-0.013534284250477376,0.0012123679284995956,-0.011647657238506574,-0.7628596453677466,-0.3799269016566466,-0.010397063074749921,5.4771913807865865e-06,-0.037233411663200544,0.006765362250933396,-0.06471107324576889,0.008235714565304997,0.003689014102361237,0.004488167464814934,-0.0003475656317952614,0.006363081241777233,0.0037931005431286902,-0.0018380922333391552,-0.00043204284783325206,0.0005609796841231293,5.0221155998367035e-05,0.6512874203724514,-5.503032461737328e-05,0.27152206659734707,nan,nan,nan,nan,nan,nan
410,2.0549999999999784,Standing,0.8909452989997009,0.4466250210513678,1.5744841637572804,-2.094204905641381,0.004294513487125132,-0.4118661116430428,-1.4925077854920097,0.9270342414217277,0.02279603645974273,0.025880950640772483,0.0169344737777933,0.027861319740819655,-0.35140141416987836,0.011533056641102655,-0.02191126041675922,-0.3953818992028759,-0.024106804103289792,-2.098366036222119,0.004470127115923523,-0.4078474011019294,-1.2273822373902243,-0.6797190338749719,0.03235958235726329,0.025345664478463148,0.01997425522020778,0.029027149437035736,-0.328644899380297,-0.014170769731590581,-0.02368159810648467,-0.3952670369242103,0.023651720716441553,-0.024112751289284824,-0.05696297660685189,0.07594170843246209,-0.024148948875948543,-0.05695977514501631,-0.07594706237480435,-0.3708937167021257,0.08492917157736403,0.6038977893778883,0.20875225376726664,-0.0027251123372356717,-0.014911171555221635,-0.8753446704019678,0.3931626509675883,-0.023385844625102608,-0.0007090978492493479,-0.02727219857173945,-0.002462307093033726,-0.07716829187314908,-0.009185246231755463,0.004168668564616315,0.003687933303964152,0.0009118488095889003,0.16160321966822452,0.0011983234623549463,-0.008257228169652266,-0.613692934763953,-0.11805929836562151,-0.008649558296832735,-0.00020068840323615614,-0.036419046396934204,0.006505871526923276,-0.05384180328581806,0.006969137977519699,0.003150301057734899,0.003492381155392588,0.00010422903326887724,0.005133381330891669,-0.01001387338380024,0.001314478119483561,0.0009224339080874163,-0.014081450326663155,-0.0028681891939850617,0.649925664171808,-5.4935184583403536e-05,0.27105758327107826,nan,nan,nan,nan,nan,nan
411,2.0599999999999783,Standing,0.8894858286437316,0.44691718670790864,1.5758740208238091,-2.092532590202189,0.004282889668713977,-0.41192586865462516,-1.4959271437414257,0.9293040321936907,0.022686972376583774,0.025879063335117917,0.016806276369192335,0.027848886965472476,-0.35170927051317746,0.011496359433336106,-0.021895289235044687,-0.39536719529189357,-0.02410316760347325,-2.0970236766363657,0.004475241185637169,-0.40787864605902396,-1.2298034594346534,-0.6801199494039172,0.03232195288228228,0.02534511895725641,0.019817314711390605,0.029052753294997347,-0.32886200101101154,-0.014142484611364444,-0.023669094354662593,-0.3952519226441115,0.023652822606967494,-0.024084182832569728,-0.05699839706972086,0.07594469618053575,-0.024127770560304,-0.05699517866669479,-0.07595119545179109,-0.2918940711938594,0.058433131308166145,0.27797141330575,0.3344630878383686,-0.002324763682230853,-0.011951402316473089,-0.6838716498831866,0.45395815439259984,-0.021812816631790594,-0.00037746113091361745,-0.025639481720193202,-0.0024865550694359467,-0.06157126865981655,-0.007339441553309709,0.0031942363429064507,0.00294078219647454,0.000727299963308758,0.2684719171506671,0.0010228139427292612,-0.006248991418908376,-0.4842444088857925,-0.08018310578905977,-0.00752589499620262,-0.00010910424134756905,-0.031388101763435004,0.005120771592322125,-0.04342032614290117,0.0056570240452273645,0.002500750364415303,0.0030228560197556554,0.00022037810518830904,0.005713691343019259,-0.007084092573794597,0.0005975496147296917,0.004235663128908369,-0.007080704335696332,-0.0008266153973482669,0.6487097150918147,-5.488220849621085e-05,0.2707993712629144,nan,nan,nan,nan,nan,nan
412,2.064999999999978,Standing,0.8883053887403269,0.44717823131597,1.5763461346412215,-2.090565516626886,0.004272906653380376,-0.4119728233255744,-1.4985444116390487,0.9315682736225128,0.022587815443032566,0.025878576225728603,0.016689274287592655,0.027836598759858805,-0.3519485026691637,0.011467781328120121,-0.021883286060644793,-0.39535576793021415,-0.024100342342592902,-2.0954316528100105,0.004479935552420962,-0.4079051942304412,-1.2320244652165897,-0.6790369853776665,0.032289490624345066,0.025343546053750065,0.01969408333855276,0.029068400753220626,-0.32906069271100125,-0.014116939170972427,-0.02365753755935491,-0.39523730507431054,0.023653687799632422,-0.024054602407920567,-0.056980310732541145,0.07593606303014923,-0.02409757956731101,-0.056970616819308664,-0.07594101783603217,-0.2360879806809311,0.05220892161227549,0.09442276348248912,0.3934147150606218,-0.00199660306672037,-0.009390934189842125,-0.5234535795246065,0.45284828576440783,-0.019831386710241823,-9.742187786251102e-05,-0.023400416319935766,-0.0024576411227338994,-0.04784643119725653,-0.005715621043196927,0.0024006348799784404,0.0022854723358876287,0.0005650521760696111,0.3184047652710643,0.0009388733567585725,-0.005309634283446207,-0.4442011563872516,0.216592805250132,-0.006492451587443405,-0.0003145807012689567,-0.024646274567569213,0.003129491644655927,-0.039738339997941845,0.005109088078403436,0.0023113590615367187,0.002923513960194769,0.00017303853298574823,0.005916084929832422,0.003617267435943025,-0.0017266300773037709,0.006038198598597689,0.004912369477224884,0.002035523151782656,0.6476413923363818,-5.4867449975533175e-05,0.27072757388655533,nan,nan,nan,nan,nan,nan
413,2.069999999999978,Standing,0.8873252160368115,0.4474531347691617,1.5763168489516253,-2.088490964526576,0.004264412034236321,-0.4120091380632329,-1.5005272459601262,0.9336830375102328,0.02249895041580266,0.025879175029467523,0.01658556867279623,0.02782460566637504,-0.35213121436022954,0.01144589291572794,-0.021874331704426417,-0.3953470422964172,-0.02409818489792525,-2.093739625581571,0.004484251160202288,-0.40793073615203546,-1.2340481679390671,-0.6775002546739756,0.0322587511136178,0.025342357242819087,0.019602000446393687,0.029075395457040326,-0.32924055971968264,-0.014094206615324392,-0.02364757311772786,-0.3952218605325154,0.023653433563584642,-0.02402678900119005,-0.05696462792369288,0.0759282251515924,-0.02406528772395701,-0.056949743394836355,-0.07593133436402705,-0.19603454070309892,0.054980690638341996,-0.005857137919265842,0.4149104200619711,-0.0016989238288109285,-0.007262947531704958,-0.3965668642154966,0.4229527775440032,-0.01777300544598101,0.0001197607477838238,-0.02074112295928489,-0.002398618696753032,-0.03654233821316457,-0.004377682478436224,0.0017908712436754707,0.0017451267593892508,0.00043148893353083293,0.3384054456879425,0.0008631215562651725,-0.005108384318847765,-0.40474054449547464,0.3073461407381877,-0.006147902145453544,-0.0002377621861955869,-0.018416578431814826,0.0013989407639399128,-0.03597340173628316,0.004546511129607071,0.0019928883254094693,0.0030889083590230626,-5.0847209555758294e-05,0.005562681346103009,0.0031365617696524056,-0.0015675757113676357,0.006458368670800373,0.0041746848944612955,0.0019366944010247066,0.6467073334143992,-5.488342459032866e-05,0.27080570874406934,nan,nan,nan,nan,nan,nan
414,2.074999999999978,Standing,0.8864907702079997,0.4477534461270964,1.5760278761157636,-2.086417383279132,0.004257267533253461,-0.41203712589940883,-1.502038108999817,0.9356053106686909,0.022421498072753617,0.02588032156438367,0.016496065655959152,0.027813008759106254,-0.35227024969740167,0.01142917761004283,-0.021867562373218626,-0.39534040362742456,-0.02409654319749911,-2.0920334181502684,0.004488238194800606,-0.40795649932087286,-1.2359231912874398,-0.6758429013901145,0.03222871752854605,0.02534172612020822,0.019538663433436076,0.02907465052089783,-0.32940566552362444,-0.014073790526695953,-0.02363882664657023,-0.3952057725290961,0.023652163027931952,-0.02400458037749405,-0.056984504863666706,0.07592891092682667,-0.024038049137116848,-0.056969498533413016,-0.07593119937931908,-0.16688916576235688,0.0600622715869379,-0.05779456717235056,0.41471624948886937,-0.0014289001965719446,-0.005597567235185262,-0.3021726079381267,0.3844546316916162,-0.015490468609808277,0.00022930698322908135,-0.01790060336741574,-0.0023193814537572923,-0.027807067434428318,-0.0033430611370223965,0.0013538662415581056,0.0013277337985230211,0.0003283400852279706,0.34124148626043144,0.0007974069196635537,-0.0051526337674785575,-0.3750046696745393,0.331470656772213,-0.00600671701434988,-0.00012622452217367786,-0.012667402591522115,-0.00014898722849951396,-0.033021160788364826,0.004083217725687741,0.0017492942315262352,0.003217600683854739,-0.00025410713053805026,0.004441724739200249,-0.003975387994764424,0.0001371550468561415,0.005447717368032165,-0.003951027715332167,2.6996941593637313e-05,0.6458889676294957,-5.492228511731287e-05,0.27099588979664707,nan,nan,nan,nan,nan,nan
415,2.079999999999978,Standing,0.8857670327989258,0.4480734672708986,1.5756189292750018,-2.084418860629246,0.004251323074829523,-0.4120587917425057,-1.5032051487792901,0.9373451374147073,0.022356332982681887,0.02588152312872156,0.016420672219358282,0.027801899872943507,-0.3523764593333633,0.011416355600471129,-0.021862331350654254,-0.3953353331627768,-0.024095288932666627,-2.0903815539314117,0.004491894539413483,-0.40798220480537273,-1.2376385982654827,-0.6743130473657513,0.032199227879106514,0.02534171211606118,0.01949778508515082,0.029068212009563155,-0.32955565406197435,-0.014055620545485596,-0.023631095496671167,-0.3951897731033596,0.023650276424140318,-0.023984223866017444,-0.05699212436813156,0.07592728509795028,-0.02401224196625205,-0.0569877415342162,-0.07593096659620083,-0.1447474818147875,0.06400422876043961,-0.08178936815235044,0.3997045299772329,-0.00118889168478745,-0.004333168619377595,-0.2334079558946196,0.34796534920327016,-0.013033018014345909,0.00024031286757808182,-0.015078687320173863,-0.002221777232549028,-0.021241927192330503,-0.0025644019143401336,0.0010462045128742934,0.001014092929550561,0.00025085296649620195,0.33037284377135234,0.0007312689225754535,-0.005141096899972421,-0.343081395608604,0.3059708048726527,-0.0058979298879075995,-2.8008294080216335e-06,-0.008175669657051125,-0.0012877022669347724,-0.02999770766998064,0.0036339962420715486,0.0015462299798122236,0.003199885147294334,-0.0003773207583267683,0.004071302295321562,-0.0015239008929706496,-0.0003251657752773485,0.005161434172959504,-0.0036486001606364678,4.6556623651836383e-05,0.6451676737762624,-5.497687552367294e-05,0.2712632699602176,nan,nan,nan,nan,nan,nan
416,2.0849999999999778,Standing,0.885130127865971,0.448401678754066,1.575169231943449,-2.082537045739374,0.004246221162671146,-0.41207648368226046,-1.5041702119338773,0.9388612288176343,0.022302640835137572,0.02588245124347578,0.016358066375174733,0.027791366556237596,-0.35246200625584007,0.011405991307712464,-0.02185793089259474,-0.3953312502484429,-0.02409427831165867,-2.0888281600074876,0.004495183924760305,-0.4080071051410933,-1.2391719191567465,-0.6731124786022687,0.03217049953988002,0.025342301505464834,0.019472590612884175,0.029058227802001554,-0.32968911781320837,-0.014039730953668792,-0.02362420714313535,-0.3951746901572248,0.023648234141428595,-0.023965882048346127,-0.056980300127506885,0.07592181839682703,-0.023987079554706563,-0.056976767417758215,-0.07592457397436957,-0.12738098659094413,0.06564229663347888,-0.08993946631059303,0.3763629779744003,-0.0010203824316754899,-0.0035383879509503034,-0.19301263091744827,0.3032182805854227,-0.010738429508862678,0.00018562295084346332,-0.012521168836710074,-0.0021066633411823635,-0.01710938449535273,-0.0020728585517331387,0.0008800916119028044,0.0008165828667765509,0.00020212420159113775,0.3106787847848542,0.0006578770693642996,-0.004980067144110395,-0.30666417825274794,0.24011375269649465,-0.005745667845298682,0.00011787788073054704,-0.005038894453328771,-0.0019968415123203433,-0.026692750246806056,0.003177918363360661,0.0013776707071634987,0.0030165892269637764,-0.00040845654234444216,0.0036683635342638116,0.00236484812493439,-0.0010933402246495732,0.00503248230909762,0.0021948232915965865,0.0012785243662510528,0.644528169228089,-5.504077179661444e-05,0.2715765658019045,nan,nan,nan,nan,nan,nan
417,2.0899999999999777,Standing,0.8845621744641978,0.4487270362054898,1.5747222700809096,-2.0807846106595203,0.004241791688796268,-0.4120915555691767,-1.5050103291898191,0.9402057021753792,0.02225905081405603,0.02588295107235522,0.016306642449140218,0.02778144559980608,-0.35253421467220364,0.011397221203656362,-0.021854005874411244,-0.39532780402369494,-0.024093424854381637,-2.0873871603157315,0.004498054105048439,-0.4080305223943759,-1.2405269112611634,-0.6722981769459851,0.03214293574802051,0.025343321262928334,0.019456672204520433,0.02904662750551452,-0.32980660663890854,-0.014025923663160172,-0.023617879184233703,-0.39516118317516885,0.023646428977922275,-0.023951452316521692,-0.05699060747508616,0.075921725640084,-0.023965456699006054,-0.05697796347454366,-0.07592138978158415,-0.11359068035464423,0.06507149028475864,-0.08939237250786948,0.35048701597071363,-0.0008858947749755722,-0.0030143773832467325,-0.16802345118836887,0.26889467154898805,-0.00871800421630849,9.996577588821739e-05,-0.010284785206903286,-0.001984191286302689,-0.014441683272718019,-0.0017540208112203728,0.0007850036366990938,0.0006892449495968835,0.00017069145540659725,0.2881999383512532,0.0005740360576269207,-0.004683450656530537,-0.2709984208833647,0.1628603312567179,-0.005512758371901819,0.00020395149270007194,-0.0031836816727487914,-0.0023200592974069126,-0.02349776514003716,0.0027614581017240667,0.00126559178032904,0.0027013964111833547,-0.0003610327012642546,0.0028859463648866998,-0.0020614695158550685,-1.8551348607735024e-05,0.004324571140101655,-0.00023921135708940104,0.0006368385570822826,0.6439578312204858,-5.510899161397323e-05,0.27191079904654714,nan,nan,nan,nan,nan,nan
418,2.0949999999999775,Standing,0.884053136644316,0.4490388345344191,1.574301281290403,-2.079177106690147,0.004237929144620189,-0.4121047669772616,-1.5057623285402792,0.9414240695111499,0.022224119916631795,0.025883001120587522,0.016264650394770763,0.027772179488125163,-0.3525971117845103,0.011389571137227935,-0.021850416124145854,-0.3953248019885532,-0.02409268111785224,-2.08607910447244,0.004500422280657972,-0.408051264253436,-1.2416727953754578,-0.6719300488001438,0.032117074645494535,0.02534469907622156,0.019438117358562292,0.029036928325608478,-0.32990588564326695,-0.014014202541629927,-0.023612132865081736,-0.3951497931684406,0.023645143992351438,-0.023938768466907102,-0.056990274840220415,0.07591963004789143,-0.02394744646767835,-0.056989944299383755,-0.07592108640663034,-0.10180756397636569,0.06235966578586464,-0.08419775810131264,0.32150079387461433,-0.0007725088352158225,-0.002642281616977888,-0.1503998700920235,0.24367346715413102,-0.0069861794848471576,1.0009646460255219e-05,-0.00839841087389088,-0.001853222336183519,-0.012579422461329873,-0.001530013285685266,0.000717950053078165,0.0006004070283480064,0.00014874730587929365,0.261611168658308,0.0004736351219065518,-0.004148371812016627,-0.22917682285889476,0.07362562916826139,-0.005172220505195032,0.0002755626586451866,-0.003710969191628318,-0.0019398359812083975,-0.019855800871676512,0.0023442243060489546,0.0011492638303933211,0.0022780013456403327,-0.00025699711416767273,0.0025367699229179442,6.652697314895846e-05,-0.00041911843851463217,0.0036020462655405195,-0.0023961649680194334,6.067499076239393e-05,0.64344592799298,-5.51776516464859e-05,0.27224694822788476,nan,nan,nan,nan,nan,nan
419,2.0999999999999774,Standing,0.8835973588522844,0.44932845936268284,1.5739173541360938,-2.0777227887424807,0.004234539172556525,-0.412116590907061,-1.5064468518482117,0.9425454062318092,0.022196542136321863,0.025882629113898287,0.016230332856794982,0.027763600728032942,-0.3526531764986792,0.011382748965449191,-0.02184709442441656,-0.39532212617777035,-0.024092017940575496,-2.084925904290517,0.004502215112706807,-0.40806802048643287,-1.2425658042309193,-0.6720721956184003,0.03209354109802802,0.025346409963545556,0.019404650193949134,0.029032750215016674,-0.3299835143199694,-0.014004696326274648,-0.02360713721327252,-0.3951409324360249,0.0236445601478003,-0.02392798980401783,-0.056988041642664876,0.0759174407334953,-0.023930602115280242,-0.0569810687355126,-0.07591649811505506,-0.0911555584063187,0.05792496565274621,-0.07678543086181096,0.29086358953329194,-0.0006779944127326,-0.0023647859598747434,-0.13690466158648906,0.22426734413185936,-0.005515556061986337,-7.44013378469503e-05,-0.006863507595156275,-0.0017157520184444097,-0.011212942833779443,-0.001364434355748675,0.0006643399458589923,0.0005351621565648096,0.00013263545534880026,0.23064003638462774,0.00035856640976690026,-0.003351246599371552,-0.17860177109231007,-0.028429363651293824,-0.004706709493303153,0.0003421774647996535,-0.006693432922632001,-0.000835622118360693,-0.015525735340490624,0.0019012430710556374,0.000999130361843,0.0017721464831514226,-0.00011676891022763646,0.0021557325778539757,0.00044663951110706675,-0.00043786287922556764,0.003368870479621998,0.0017751127742310587,0.0009176583150546448,0.6429852795171377,-5.524356214025229e-05,0.2725703564550833,nan,nan,nan,nan,nan,nan
420,2.1049999999999773,Standing,0.8831896812399155,0.44959032610662647,1.5735743093527015,-2.0764211090954845,0.004231555857967355,-0.41212733091846976,-1.5070770187888676,0.9435916638910704,0.02217515079523979,0.02588188137039733,0.016202065551121227,0.027755720600792018,-0.35270404381378334,0.01137656086227568,-0.0218439952979371,-0.3953196968230978,-0.02409141605213441,-2.083921807326592,0.0045034834883913785,-0.4080807959197964,-1.243246655203289,-0.6724658697399727,0.032072971373789706,0.025348080168550485,0.019363507240370382,0.02903201273596198,-0.3300427686926574,-0.013997149421229968,-0.023602640498995835,-0.3951345823299875,0.023644696518452222,-0.023919445569960993,-0.0569950090324256,0.0759175750537244,-0.02391772297730513,-0.05699237297801439,-0.07591689506989992,-0.08153552247378162,0.0523733487887268,-0.06860895667844477,0.26033592939924727,-0.0005966629178340766,-0.002148002281757052,-0.12603338813117,0.20925153185225143,-0.0042782682164148765,-0.00014954870019160386,-0.005653461134751405,-0.0015760254481845548,-0.010173463020827255,-0.001237620634701912,0.0006198252958916072,0.0004858709345098219,0.00012037768821723958,0.20081939278496092,0.00025367513691440047,-0.002555086672703181,-0.13617019447394269,-0.07873482431448917,-0.004113944847662311,0.0003340410009859031,-0.008228590715750153,-0.00014749581093842208,-0.011850874537599103,0.0015093810089360843,0.0008993428553371896,0.0012700212074789033,2.7274130384498672e-05,0.0017088468113676143,-0.0013934779521453829,2.6864045821480378e-05,0.002575827595022367,-0.00226084850035865,-7.939096897251858e-05,0.6425710009413228,-5.530486290590359e-05,0.27287064990110477,nan,nan,nan,nan,nan,nan
421,2.1099999999999772,Standing,0.8828286598200278,0.4498198149582654,1.5732725357895483,-2.075278741339961,0.004228975242287432,-0.41213695005396905,-1.507645583399569,0.9445830017583094,0.022159093818570296,0.025880834625271854,0.01617858470992825,0.027748540657893672,-0.3527495683172618,0.01137102332734767,-0.021841178317924228,-0.3953175202265215,-0.024090877253878665,-2.083074150615487,0.004504366514198113,-0.40809014644284125,-1.2437388281617265,-0.6729912370403385,0.032055462944298896,0.025349614855373365,0.0193262818815352,0.02903147874707493,-0.3300856179111913,-0.013991565480676281,-0.023598668268145398,-0.3951303776542516,0.023645368516662317,-0.023911852003519498,-0.05698552892221335,0.07591433846945465,-0.023905291289166172,-0.056981551807309405,-0.07591257633429886,-0.07220428397752922,0.045897770327784825,-0.06035471263065658,0.22847355110468068,-0.0005161231359846195,-0.0019238270998607411,-0.11371292214029612,0.1982675734478119,-0.003211395333898275,-0.0002093490250953615,-0.0046961682385954825,-0.001435988579669454,-0.009104900695688756,-0.0011075069856018303,0.0005633960025745914,0.00043531931525895396,0.00010775965114867178,0.16953134222099503,0.0001766051613469557,-0.001870104608974962,-0.09843459168748842,-0.10507346007316788,-0.0035016858981623033,0.00030693736457618957,-0.007445071767036662,-0.00010679777741056897,-0.008569843706773904,0.0011167881107375418,0.0007944461700873808,0.0008409351471824679,0.00013439964201885046,0.0015187132882992312,0.0018960220424508393,-0.0006473168539497766,0.002486337627791881,0.0021642341409975397,0.0008637471202115886,0.642199221734609,-5.5360114038722555e-05,0.2731417021668678,nan,nan,nan,nan,nan,nan
422,2.114999999999977,Standing,0.8825110690066948,0.450015715411373,1.5730095840877523,-2.074286503833731,0.004226753516035617,-0.4121455499087618,-1.5081571130252658,0.9455262415940957,0.022147747191075776,0.02587952226882931,0.016158802645754828,0.027742042455783246,-0.3527903120786448,0.0113660683782011,-0.021838624743405716,-0.39531556924502653,-0.02409039491723025,-2.082365376365261,0.004504971064621338,-0.4080969825304606,-1.2440972976249458,-0.673522052691791,0.03204076654771922,0.02535091392964647,0.019299604824048352,0.02902922299956483,-0.330116519036954,-0.01398755793311675,-0.023595104945027187,-0.3951277431101466,0.023646324005160417,-0.023907212059313107,-0.05700377999356765,0.07591751895017623,-0.02389776746409998,-0.05700363965524282,-0.07591618169189635,-0.06351816266658798,0.03918009062151938,-0.05259034035921377,0.19844750124597213,-0.0004443452503629531,-0.0017199709585501803,-0.10230592513937291,0.188647967157243,-0.002269325498903881,-0.0002624712885086251,-0.003956412834684345,-0.001299640422085079,-0.008148752276601681,-0.000990989829314145,0.0005107149037023464,0.00039019629899844226,9.646732968254439e-05,0.1417548500452127,0.00012091008464499863,-0.001367217523877751,-0.0716938926438503,-0.10616313029050668,-0.002939279315935319,0.0002598148546211344,-0.0053354114973698154,-0.0004511495020196131,-0.006180225152538321,0.0008015095119063727,0.0007126646236423885,0.0005269088210023457,0.00019109769962006058,0.0009279888412784117,-0.0036502142708603564,0.0006360961443145452,0.0015047650132385731,-0.004417569586683082,-0.0007210715194959973,0.6418681053254376,-5.540861144715891e-05,0.2733795199016788,nan,nan,nan,nan,nan,nan
423,2.119999999999977,Standing,0.8822397203668557,0.4501749297942873,1.572782997285742,-2.073461047291489,0.004224973720060804,-0.41215270006158816,-1.5085819009249535,0.9464410667999956,0.022140842343395837,0.025878033244982553,0.016142184809660683,0.02773621201347804,-0.35282409225068284,0.011361953171914647,-0.02183650546953361,-0.3953139481707342,-0.02408999493371776,-2.081818310557205,0.004505450540318498,-0.408101515429595,-1.2443365666348716,-0.6738441630346463,0.03202891777485124,0.025351892251562584,0.019286837505639254,0.02902426548071929,-0.3301369913452712,-0.01398501888326588,-0.023592069364744884,-0.3951262103952447,0.023647349865661825,-0.023903308477549758,-0.056967732748387775,0.07590915832632127,-0.023890004197127647,-0.05695541819733883,-0.07590447601269254,-0.054269727967819065,0.03184287658286991,-0.04531736040208445,0.1650913084483892,-0.00035595919496257493,-0.0014300305652765908,-0.08495757993755007,0.18296504117998086,-0.0013809695359873904,-0.0002978047693515119,-0.0033235672188290533,-0.0011660884610409253,-0.006756034407601471,-0.0008230412572908387,0.00042385477442154695,0.0003242148584732424,7.999670249820866e-05,0.10941316161115777,9.589513943198229e-05,-0.0009065798268724336,-0.04785380198514606,-0.0644220685710737,-0.0023697545735953617,0.00019566438322262693,-0.0025534636818192844,-0.0009915037691078476,-0.00409446166344468,0.0005078099701740094,0.0006071160564604299,0.00030654298038104743,0.0002051721002815947,0.0007807163526696755,0.007209449035974347,-0.0016721247709927918,0.0015526533944665417,0.009644291580798695,0.0023411358407619074,0.641575278087461,-5.5450100911002535e-05,0.2735832433060297,nan,nan,nan,nan,nan,nan
424,2.124999999999977,Standing,0.8820067429725132,0.45030191317648605,1.5725875731659626,-2.0727636547784063,0.004223495829867479,-0.4121589018218713,-1.5089541978790018,0.9473120063914491,0.022138024483354408,0.025876313096291566,0.01612794565745466,0.027731001617875263,-0.3528535035057909,0.011358368291844447,-0.02183462025314594,-0.3953125329769827,-0.024089646526633018,-2.081366477013071,0.004505869632882446,-0.4081055205882225,-1.244568791553873,-0.6738679212801755,0.032018920445010146,0.02535248847235876,0.019287574582003496,0.02901648554425722,-0.33015593850312763,-0.013982910321838998,-0.023589159291221896,-0.3951248650540836,0.023648107435790072,-0.023914899834850924,-0.05704373481373075,0.07592727508526391,-0.023920342525259757,-0.05707116473126667,-0.07593438932688105,-0.04659547886848518,0.025396676439750552,-0.03908482395585042,0.13947850261657277,-0.0002955780386649843,-0.0012403520566343982,-0.07445939080966359,0.17418791829068933,-0.0005635720082857248,-0.00034402973819768964,-0.0028478304412042723,-0.001042079120555551,-0.0058822510216143785,-0.0007169760140401395,0.0003770432775334311,0.0002830387502897469,6.968141694810834e-05,0.09036670882682143,8.381851278962621e-05,-0.0008010317255081066,-0.04644498380028439,-0.004751649105831091,-0.001999465968219927,0.00011924415923504197,0.0001474152728487303,-0.0015559872924140318,-0.003789431571293188,0.0004217122853767466,0.000582014704597733,0.00026906823222175254,0.00015151402564912632,-0.002318271460232984,-0.015200413068595226,0.003623351788527963,-0.006067665626421748,-0.023149306785568903,-0.005982662837704053,0.6413215683366595,-5.5484466127615685e-05,0.2737515457983652,nan,nan,nan,nan,nan,nan
425,2.129999999999977,Standing,0.8818272519383121,0.4503890889746652,1.5724227607638794,-2.0722645197404956,0.004222637907825708,-0.4121627242956715,-1.509177737779351,0.9481829307705881,0.02213960089607538,0.025874568671794714,0.016116555728715495,0.027726421129755926,-0.352871149645828,0.011356189502626539,-0.0218335203421203,-0.39531168006903944,-0.024089437431313684,-2.081128602203437,0.004506284825178936,-0.4081071197052849,-1.2446135374689797,-0.6737877108201208,0.0320112331058655,0.025353223185603572,0.01929975399182418,0.029006791223390116,-0.3301596733000694,-0.01398281099974846,-0.02358755412812011,-0.39512397546977396,0.023648619127700374,-0.023950380666465945,-0.05690367578145992,0.07590270890210112,-0.023994262286654522,-0.05687729334459903,-0.07590390479828577,-0.03589820684022099,0.017435159635823316,-0.032962480416659445,0.09982700758209662,-0.00017158440835418655,-0.000764494760038135,-0.04470798006981995,0.1741848758278206,0.00031528254419458616,-0.00034888489937066246,-0.002277985747833054,-0.0009160976238677441,-0.0035292280074118217,-0.0004357578435816532,0.00021998220512807175,0.00017058158865122206,4.1819063866508545e-05,0.0475749619267524,8.303845929792963e-05,-0.00031982341248085953,-0.00894918302134231,0.016042092010934452,-0.0015374678289292857,0.00014694264896222622,0.002435881964136912,-0.0019388641734210325,-0.0007469593883521041,1.986441810780047e-05,0.0003210326203575763,0.00017791686192730616,0.00010233838206013922,-0.007096166323004114,0.028011806454166188,-0.004913236632559821,-0.014783952278952857,0.038774277333528395,0.00609690571905905,0.6411028374614409,-5.5511937219884346e-05,0.27388814289237373,nan,nan,nan,nan,nan,nan
426,2.1349999999999767,Standing,0.8816837217740523,0.45044794798304705,1.5722808586402173,-2.0718664030717973,0.004222001982903507,-0.4121657058285727,-1.5093594057966324,0.9489925218584111,0.02214545388501782,0.025872552301168576,0.01610710315224944,0.027722396993132108,-0.3528849727448488,0.01135447333763252,-0.021832577663883027,-0.3953110104281062,-0.024089273425546384,-2.080961141147653,0.004506578834201431,-0.40810863882844617,-1.2446464319286796,-0.673669117734099,0.032004691901976405,0.025353906668224558,0.01932088245841906,0.02899553446427594,-0.33016143486233146,-0.013983127861661122,-0.023586250097452393,-0.3951228980115828,0.023648749370809075,-0.02402701381280388,-0.057027619774782996,0.07594124040906387,-0.02408439985901948,-0.05695372610527916,-0.07593467106737631,-0.028706032851975902,0.011771801676369832,-0.028380424732443555,0.07962333373966049,-0.0001271849844402554,-0.0005963065802354595,-0.03633360345631037,0.16191821756459393,0.0011705977884880069,-0.00040327412522789117,-0.001890515293211075,-0.0008048273247639088,-0.002764619804158982,-0.0003432329988037157,0.00018853564745420135,0.00013392818664900307,3.280115345975738e-05,0.033492211156809414,5.8801804499042594e-05,-0.00030382463225213304,-0.006578891939966236,0.02371861720437088,-0.001308240777817735,0.0001366965241973851,0.004225693318975929,-0.002251351822835232,-0.0003523124524089428,-6.337238253260767e-05,0.00026080613354338467,0.00021549163823027606,2.604862174004624e-05,-0.01532662926758701,-0.024788798664615582,0.007706301392550381,-0.018027514472991477,-0.015286552136025158,-0.006153253818108514,0.640925537573059,-5.5532593438752874e-05,0.27398893697638566,nan,nan,nan,nan,nan,nan
427,2.1399999999999766,Standing,0.8815871313878092,0.45047381377766393,1.5721613762325233,-2.0716350503519605,0.004221940317687818,-0.41216648232267616,-1.509405633541272,0.9497964717615965,0.022155331885115568,0.02587052207622536,0.0161002568646794,0.027718926785241477,-0.3528879083372075,0.011354056561496222,-0.02183233450300905,-0.3953108626129963,-0.024089238307405936,-2.0809369321433127,0.004506693121491059,-0.4081085790356568,-1.2445537724566296,-0.6736120768700858,0.03199981354794854,0.025354747300822943,0.019347066228242935,0.028983952369932293,-0.33015280460514,-0.01398477216949979,-0.0235858426882282,-0.39512217481624656,0.023648725319565217,-0.02406466140489007,-0.057010166887077524,0.07594333799077864,-0.0241219297810212,-0.05701679157946494,-0.0759542736720222,-0.019318077248611707,0.005173158923380595,-0.0238964815388132,0.04627054396738393,-1.2333043137829943e-05,-0.0001552988206878239,-0.009245548927910407,0.16078998063709316,0.0019756000195502573,-0.00040604498864357807,-0.0013692575140073675,-0.000694041578126019,-0.0005871184717349104,-8.335522725953266e-05,4.8632174795338635e-05,2.956302197120711e-05,7.0236280896916495e-06,0.0048418008680387314,2.2857457925785583e-05,1.1958557880999273e-05,0.018531894409997543,0.011408172802620437,-0.0009756708055720714,0.00016812651967698308,0.005236753964774641,-0.002316418868729068,0.0017260514382905268,-0.0003288615677335103,8.148184483876652e-05,0.00014463906724669956,-4.810248771671797e-06,-0.007529518417238269,0.003490577541094376,0.0004195163429527027,-0.007505984400343797,-0.012613094837155945,-0.003920520929179624,0.6407812145150982,-5.5547665328899174e-05,0.2740621043117224,nan,nan,nan,nan,nan,nan
428,2.1449999999999765,Standing,0.8815391769916455,0.4504674542208617,1.5720611579732637,-2.071562519396691,0.004222403072017893,-0.4121650781118143,-1.5093212277875252,0.9505789296464009,0.022169995115079253,0.025868394680973326,0.01609612676857846,0.027715994526366753,-0.35288005982136544,0.011354925518794723,-0.021832747711817212,-0.39531123254071193,-0.024089330802567276,-2.081072791080894,0.004506607407296232,-0.4081062271841048,-1.2442983198975115,-0.673654494523968,0.03199702349112115,0.02535575245883061,0.01937714688756896,0.028972413977899632,-0.3301307383212654,-0.013988073328610049,-0.023586426733534473,-0.3951221484334074,0.023648713714575727,-0.024074544975471453,-0.05694871822043217,0.0759316741147621,-0.0241259049184778,-0.056979201124420835,-0.07594675250759701,-0.009590879232738454,-0.0012719113604404003,-0.020043651851897527,0.014506191053917851,9.255086601487463e-05,0.00028084217237279524,0.016881150749345552,0.15649157696088167,0.002932645992737234,-0.0004254790504068969,-0.0008260192201885121,-0.0005864517749451098,0.0015697031684098806,0.0001737914597001643,-8.264176163268546e-05,-7.398554312178896e-05,-1.8499032267838758e-05,-0.027171787516288362,-1.7142838965591632e-05,0.000470370310398353,0.05109051182363641,-0.008483530776416556,-0.0005580113654783852,0.00020103160153357703,0.006016131865205276,-0.002307678406532186,0.004413256774922867,-0.0006602318220518964,-0.00011680906125467334,5.276567824394107e-06,-2.320997897974371e-06,-0.001976714116276622,0.012289733329070908,-0.002332775203308756,-0.000795027491320514,0.007518091008820374,0.0015042328850396625,0.6406745001469907,-5.5555940198204094e-05,0.274105472076477,nan,nan,nan,nan,nan,nan
429,2.1499999999999764,Standing,0.8815371037341827,0.45043202814791866,1.571976625087774,-2.071626936253096,0.004223311374702864,-0.4121617732835312,-1.509127074077907,0.9513236465849639,0.022189269833361218,0.02586614981683369,0.01609471383291022,0.02771357236136065,-0.3528628947475949,0.011356905149324994,-0.021833689385763404,-0.39531204957341337,-0.02408953347209389,-2.081343776210166,0.004506270790594616,-0.408101682839396,-1.2439037217496594,-0.6737971414339747,0.03199641542867906,0.025356825346016267,0.019409532721807177,0.02896130861726424,-0.330096852270354,-0.013992802716702186,-0.023587767931273266,-0.39512293033093465,0.02364879279720592,-0.024072329054047808,-0.056958649915988306,0.07593346905856753,-0.0241095847111438,-0.05693467311016388,-0.07593453156052703,-0.0004146514925687673,-0.007085214588606286,-0.016906577097951996,-0.012883371281043738,0.0001816605369941594,0.0006609656566209849,0.03883074192363441,0.14894338771260832,0.003854943656393038,-0.00044897282792766757,-0.00028258713364773063,-0.00048443300122092065,0.003433014754102647,0.0003959261060544207,-0.00018833478923829263,-0.00016340654029221434,-4.053390532291056e-05,-0.05419702585441254,-6.732334032305587e-05,0.0009088689417561797,0.07891962957040902,-0.028529382001363002,-0.00012161248841811953,0.00021457743713110272,0.006477166847642888,-0.002221072127078433,0.006777210182275257,-0.0009458776184274218,-0.0002682395477583659,-0.0001563795054397961,1.581652603907789e-05,0.00044318428472919693,-0.001986339111228176,0.0003589887610878596,0.003264041466800067,0.008905602851389723,0.002444189413997966,0.6406060477794278,-5.555879394094189e-05,0.2741204191818834,nan,nan,nan,nan,nan,nan
430,2.1549999999999763,Standing,0.8815800955883615,0.45036938301778817,1.5719053457699428,-2.071826654621794,0.004224694395836459,-0.41215650069486476,-1.5088186189208237,0.9520355710330238,0.022213022650195098,0.025863815433106972,0.01609618744879759,0.027711639958656293,-0.35283604470123303,0.011360038398427877,-0.021835183667140424,-0.3953133302328823,-0.02408985066269523,-2.081735739866383,0.004505655957403601,-0.40809505847988226,-1.2433875988508645,-0.6740124762539704,0.03199804939466997,0.025357881794380747,0.01944344278685604,0.028950802552645337,-0.3300524932967213,-0.013998780434652625,-0.02358970904178412,-0.39512459034713654,0.023649006226374832,-0.02406126196910423,-0.05699185493413538,0.07593889316522408,-0.024089018834648257,-0.05694663784557266,-0.07593392072491637,0.008598370835760797,-0.012529026026100027,-0.014255863566254903,-0.0399436737395784,0.00027660422671908346,0.0010545177332927846,0.06169103141667955,0.14238488961198986,0.004750563366776085,-0.0004668767453431038,0.00029472317747384486,-0.00038648054087142986,0.005370009272375437,0.0006266498205766871,-0.00029885627540422483,-0.0002561318937883475,-6.343812026811292e-05,-0.07839273124339072,-0.0001229666382030712,0.0013248719027580775,0.1032245797589853,-0.043066963999132804,0.0003267931981829042,0.00021128967289633073,0.006782013009772893,-0.002101212923780606,0.008871794726534002,-0.001195543590087778,-0.0003882221021714229,-0.0003320032403765074,4.26858337818954e-05,0.002213416988715156,-0.006641003629415355,0.0010848213313094466,0.004113175299108601,-0.002392947081755409,0.0001221671221329373,0.640574477191828,-5.555694469267793e-05,0.2741097804929428,nan,nan,nan,nan,nan,nan
431,2.159999999999976,Standing,0.8816694279206997,0.4502799996298635,1.571846199900144,-2.072168386768518,0.004226592774532144,-0.4121490804106616,-1.5083839286721463,0.9527205882863731,0.022241333827728738,0.025861415901801476,0.01610077338582758,0.02771018785783131,-0.3527985514023212,0.011364438390914926,-0.021837296768540116,-0.3953151200848182,-0.024090293724695473,-2.0822566246217327,0.0045047754496889405,-0.40808619828479314,-1.242740640731631,-0.6742745710755008,0.03200207159580247,0.02535890103341394,0.019478972275848726,0.028940868741031637,-0.32999699119612297,-0.014006081846579041,-0.023592283793918124,-0.3951272076273785,0.023649376233403546,-0.02404250996815167,-0.0569842942010889,0.07593436394056033,-0.024065096004796796,-0.05697678892786883,-0.07593673437309395,0.017866466467635032,-0.01787667758493894,-0.01182917395975593,-0.06834642934482546,0.00037967573913694745,0.001484056840628262,0.08693804973545552,0.13700345066985842,0.005662235506728226,-0.00047990626109917467,0.0009171874059982782,-0.00029042016499624367,0.007498659782366192,0.0008799984974100646,-0.00042262027993821634,-0.0003579703871721315,-8.861240004853886e-05,-0.10417695106992697,-0.00017610154293198045,0.0017720390178171436,0.12939162384668204,-0.052418964306070535,0.00080444022650013,0.0002038478066385007,0.00710589779853754,-0.0019867623227400612,0.01110042011967295,-0.0014602823852831897,-0.0005149504268004893,-0.0005234560483954083,7.400140574312605e-05,0.003750400190512548,0.0015121466092963562,-0.0009058449327491933,0.00478456597029248,-0.006030216459233884,-0.000562729635517582,0.6405792287292804,-5.5550060495942804e-05,0.2740755442811276,nan,nan,nan,nan,nan,nan
432,2.164999999999976,Standing,0.8818053460803121,0.4501647278072436,1.5717981561119538,-2.072648363176418,0.0042289785806956725,-0.4121395589469107,-1.5078267293623904,0.9533722896281268,0.022274215772755755,0.025858947306655725,0.01610856907426165,0.02770920658855727,-0.35275063325119393,0.011370078933856997,-0.021840005175110176,-0.3953174088947911,-0.024090860061407933,-2.082911004753993,0.004503655654257558,-0.4080750481303852,-1.2419582635970918,-0.6745609182461355,0.032008571832869086,0.025359871696990277,0.019516739265769335,0.028931332376368267,-0.3299299803866097,-0.01401475793496714,-0.02359552058906478,-0.39513078475929236,0.023649887750215984,-0.02402041945422907,-0.05696687032266652,0.07592720646647508,-0.024036070936039863,-0.05697405191778899,-0.07593159563841624,0.02718363192249036,-0.023054364523973893,-0.009608757638038718,-0.09599528157995219,0.000477161232705846,0.0019042927501891666,0.11143986195117934,0.1303402683507472,0.006576389005403089,-0.0004937190291503615,0.0015591376868135795,-0.00019625385480804094,0.00958363022545029,0.0011281085884140912,-0.0005416813140116359,-0.00045776199458458884,-0.00011326734249233427,-0.13087602645204188,-0.00022395908627640827,0.0022300308815842657,0.156475426907848,-0.05726943412693172,0.0013000474133226213,0.0001941327152673484,0.00755339798412196,-0.001907272932673691,0.01340216190265014,-0.001735217677619606,-0.000647359029331385,-0.0007154263827698558,0.00010230336248771942,0.00441810278452006,0.0034847756844761956,-0.0014314948170495554,0.005805013751386825,0.0005474020159679819,0.0010277469355425388,0.6406207431079121,-5.553819021401613e-05,0.274018698309716,nan,nan,nan,nan,nan,nan
433,2.169999999999976,Standing,0.8819864509494367,0.4500251821891058,1.5717598623572326,-2.073257308817351,0.004231809635061956,-0.41212808487558344,-1.5071570883552141,0.9539836077628439,0.02231148574844617,0.025856407827223978,0.01611958195968545,0.02770868291410012,-0.35269304213303565,0.011376870754422655,-0.021843251725473026,-0.39532016061392883,-0.024091540757038562,-2.0836912425500054,0.004502318531733505,-0.4080617991305791,-1.241052181613054,-0.6748505773252559,0.03201750468083071,0.025360770652980088,0.019557370064084974,0.02892198594757489,-0.32985234385730877,-0.014024714831073168,-0.023599370037575958,-0.39513523574824644,0.0236504956138416,-0.024000065316442543,-0.05697838743856622,0.07592653833750686,-0.024006033381506916,-0.05696030635174953,-0.07592390732741688,0.03622097382492294,-0.027909123627554773,-0.007658750944246956,-0.12178912818664933,0.0005662108732565623,0.002294814265451544,0.1339282014352508,0.1222636269434111,0.007453995138082463,-0.000507895886349675,0.0022025770847599693,-0.00010473489142954866,0.011518223631655354,0.0013583641131315561,-0.0006493100725703122,-0.0005503438275395981,-0.0001361391261260294,-0.15604755920244517,-0.00026742450481062586,0.0026497999612186446,0.18121639680755053,-0.05793181582407074,0.0017865695923250536,0.00017979119796250563,0.008126159663127675,-0.0018692857586754695,0.015527305860186382,-0.0019913792212056104,-0.0007698897022352419,-0.0008901977908115793,0.00012157272512305162,0.004070827557304984,-0.0023034231799410475,-0.0001336257936451334,0.006007510906589587,0.0027491132078918974,0.0015376621998712658,0.6406990645929763,-5.5522088004266615e-05,0.2739403433553989,nan,nan,nan,nan,nan,nan
434,2.174999999999976,Standing,0.8822118729396162,0.44986244786496626,1.5717300964206908,-2.073993568175263,0.004235089188343968,-0.41211465941112807,-1.5063747106081,0.9545567873861203,0.022352955672139553,0.025853817273107635,0.0161338559242688,0.02770860627766289,-0.3526257768915299,0.01138481394400238,-0.021847039973357362,-0.3953233748627378,-0.024092335826220057,-2.0845898557156346,0.00450077704356167,-0.4080466799808713,-1.2400350443771917,-0.6751258644044504,0.03202877044310661,0.02536158332478099,0.01960134657371012,0.028912652926476195,-0.32976509099451295,-0.014035842643960085,-0.023603787094745234,-0.39514045843961165,0.023651152649072252,-0.023979641588983733,-0.05698577541489746,0.07592496265013485,-0.023980676631715478,-0.05697206842335096,-0.07592249449386589,0.04508439803590706,-0.0325468648279128,-0.005953187308356164,-0.14725187158234565,0.0006559106564025352,0.0026850928910743237,0.15647554942280126,0.11463592465527224,0.008293984738676756,-0.0005181108232685911,0.002854792916670008,-1.5327287446446837e-05,0.013453048301153552,0.0015886379159450565,-0.0007576495768668003,-0.0006428497617874147,-0.00015901383629894327,-0.17972263312586814,-0.00030829763436712764,0.003023829941565974,0.20342744717246294,-0.05505741583890039,0.002253152455179177,0.00016253436018027836,0.008795301925029177,-0.0018666042197394315,0.01745057255916515,-0.0022255625773833568,-0.0008834114338553669,-0.0010445382730396202,0.00013140704613077986,0.004084745491761823,-0.0014775952662475476,-0.00031513747440126995,0.0050713499582879336,-0.002352414320286422,0.00028256671020031516,0.6408133174298715,-5.550218323166676e-05,0.27384207280046335,nan,nan,nan,nan,nan,nan
435,2.1799999999999757,Standing,0.8824815720834408,0.44967690783780456,1.571707742418694,-2.074856449815904,0.0042388084091207956,-0.4120992859037265,-1.505479491847833,0.9550914919897436,0.022398496721147233,0.025851188897725887,0.01615140725249444,0.02770896907810276,-0.3525488405492948,0.011393908200115068,-0.021851372693003655,-0.3953270514199812,-0.02409324523913565,-2.0856077006197182,0.004499057553968572,-0.40802978206095414,-1.2389113546245276,-0.6753520906691926,0.03204232785966224,0.025362295933902938,0.019649055569217283,0.0289031879645536,-0.32966864997473383,-0.014048098062110907,-0.023608772740296147,-0.3951463766795692,0.02365182454394222,-0.023959091751785726,-0.05697625995993617,0.07591973533864992,-0.02395662645730151,-0.056979662052540916,-0.07592037064543439,0.0539398287649043,-0.03710800543234409,-0.004470800399348768,-0.17257632812817264,0.0007438441553654504,0.0030747014803099004,0.17904375205340162,0.10694092072467261,0.009108209801535781,-0.0005256750763493123,0.0035102656451286227,7.256008797443341e-05,0.015387268447019525,0.0018188512225375496,-0.0008665439292583607,-0.000735311448683907,-0.00018188258311869105,-0.20356898081670224,-0.00034389791861956184,0.0033795839834336906,0.22473795053280088,-0.04524525294841551,0.0027114833111256146,0.00014252182438911183,0.009541799101432807,-0.0018929923845189052,0.01928820395582015,-0.0024510836301644802,-0.0009971291101830081,-0.0011836479915052858,0.00013437897399319303,0.0041099674396011905,0.0019030909922580729,-0.0010454622969857967,0.004810034882793249,-0.0015187258379913936,0.00042476968629845846,0.6409628372533867,-5.547826224663927e-05,0.27372509700116504,nan,nan,nan,nan,nan,nan
436,2.1849999999999756,Standing,0.8827944661438146,0.4494695049656598,1.571691379059675,-2.0758380609783953,0.0042429365537238846,-0.41208205284216964,-1.5044774382046544,0.9555900305561283,0.022447931923150942,0.025848522820797623,0.016172184768806608,0.02770975842920827,-0.35246270559192305,0.011404097643691609,-0.02185621767064495,-0.39533116791471534,-0.024094263404132423,-2.08674054152767,0.004497178496120153,-0.408011260439591,-1.2376853205951095,-0.6755352910808788,0.03205804596088087,0.02536293444587503,0.01970060682072404,0.028893527389150776,-0.329563380014943,-0.014061442691178011,-0.023614333371969675,-0.3951529004176974,0.02365247267599265,-0.023941559101659612,-0.05698433695171533,0.07591876517068329,-0.023932999423336987,-0.0569720499588199,-0.07591500639522294,0.06257881207476526,-0.041480574428956085,-0.0032726718038283923,-0.1963222324982421,0.0008256289206178011,0.0034466123113735267,0.2004107286357035,0.09970771327693198,0.009887040400741596,-0.0005332153856528131,0.004155503262433002,0.0001578702211017245,0.017226991474351624,0.002037888715308284,-0.0009689955282590813,-0.0008232989468251404,-0.00020363299935408059,-0.22656818159038772,-0.00037581156968382343,0.0037043242726252455,0.2452068058836122,-0.03664008233726182,0.0031436202437259675,0.0001277023944188686,0.01031025030135126,-0.0019321150805650658,0.02105399195816944,-0.0026689258134208202,-0.0011121263347056917,-0.0013047476256435092,0.00012962641008631425,0.003506530025222457,-0.0016153983558329233,-0.00019403359332617143,0.004725406792904454,0.0015224187442028567,0.0010728500422885904,0.6411474229580002,-5.545059263404675e-05,0.27359013550061617,nan,nan,nan,nan,nan,nan
437,2.1899999999999755,Standing,0.8831494607723273,0.44924106551731,1.5716796962572348,-2.076935782202781,0.004247454596802868,-0.41206302213116014,-1.5033717976979653,0.9560463281008958,0.022501028133318623,0.025845836376887425,0.01619612460826743,0.02771096784601308,-0.35236765072420345,0.011415349381316681,-0.021861559907777425,-0.3953357109190983,-0.024095387026556482,-2.0879801971798297,0.004495134644336359,-0.4079912972603303,-1.2363643189822529,-0.6756961824121498,0.03207576755419431,0.025363521173358203,0.01975586553443868,0.02888366651738344,-0.3294498790880326,-0.014075805739424052,-0.023620442513812994,-0.3951599656149857,0.023653079072917246,-0.023924572071770813,-0.05698338655489101,0.0759159207223422,-0.02391484094915802,-0.05698547702630089,-0.07591507729209931,0.07099892570252626,-0.04568788966995632,-0.0023365604880224893,-0.21954424487709956,0.0009036086157966906,0.0038061422019003066,0.22112810133782593,0.09125950895350339,0.01061924203353596,-0.0005372887820396829,0.004787967892164103,0.0002418833609618611,0.019010973543914837,0.0022503475250144366,-0.0010684474264949049,-0.0009086008765881991,-0.00022472448481191705,-0.2479311304319192,-0.00040877035675871234,0.003992635852146262,0.2642003225713351,-0.032178266254196806,0.003544318662687339,0.00011734549663417467,0.011051742742927738,-0.00197217435346742,0.022700185382085594,-0.002872609649208141,-0.0012218283686639523,-0.0014130394576506126,0.00012127938491882143,0.0033974059777600522,0.00019007936486296504,-0.000568889668218751,0.003631694835793296,-0.0026854134961978686,-1.4179375275061258e-05,0.6413662691772469,-5.5419670258451374e-05,0.2734381707606166,nan,nan,nan,nan,nan,nan
438,2.1949999999999754,Standing,0.8835462672080275,0.4489918260029381,1.5716717169649201,-2.0781467527081747,0.004252328421768672,-0.41204227878917493,-1.5021674423899158,0.9564527024457335,0.022557572323873006,0.025843137707946655,0.01622313277122137,0.027712587876814812,-0.35226408281290705,0.011427615436936218,-0.021867376726950313,-0.39534066129773,-0.024096611302900486,-2.0893288346685286,0.004492924017033412,-0.4079698344772777,-1.234941724959561,-0.6758493752865778,0.03209546623582483,0.02536407881172398,0.019814643484975327,0.02887363749561769,-0.3293276812463857,-0.014091238984468629,-0.023627133524980463,-0.3951675993261879,0.0236536630279519,-0.02390913858406829,-0.05698409072731163,0.07591369161135303,-0.023895540441016733,-0.056973870297816906,-0.07590950597405938,0.07936128714004761,-0.04984790287438492,-0.0015958584629287957,-0.2421941010787716,0.0009747649931608553,0.004148668397042488,0.24087106160988217,0.08127486896753346,0.011308838110876566,-0.000539733788154092,0.0054016325907878015,0.0003240061603464988,0.02071358225927633,0.002453211123907333,-0.001163363834577514,-0.0009900757263372325,-0.00024485526880054106,-0.2697274977397474,-0.0004421254605895466,0.004292556610514325,0.28451880453839573,-0.03063857488562064,0.003939736326103843,0.00011152767315547135,0.011755590107329857,-0.0020058043531498457,0.024439568329377763,-0.0030866490089154373,-0.0013382022334942041,-0.0015267422404478602,0.00011679100693081649,0.0030866975405047185,-0.00014083448412279377,-0.00044582219783496896,0.00386010162825714,0.00232134569679712,0.0011142636079870755,0.6416185115321159,-5.5385259823409965e-05,0.2732701145219769,nan,nan,nan,nan,nan,nan
439,2.1999999999999753,Standing,0.8839826317931118,0.44872313526049173,1.5716661309173277,-2.079462794125209,0.004257521731556247,-0.4120199691117525,-1.5008736425669766,0.9568039521732532,0.022617303965470726,0.02584042490923612,0.016253062576789566,0.02771460225887637,-0.3521527581252903,0.011440806292968628,-0.02187361910109802,-0.39534598263970233,-0.024097927276187415,-2.0907723607713717,0.004490538726120254,-0.4079470816339821,-1.2334333455260238,-0.6759987708382884,0.032117004442561096,0.025364587203228234,0.019876658872788444,0.028863454126869158,-0.3291980254526156,-0.01410759231980277,-0.02363430588654706,-0.3951757646260472,0.023654230339925475,-0.023895426844245483,-0.05698796107433866,0.0759123767973673,-0.023885811967897297,-0.05700306762107594,-0.07591435150176272,0.08727291701685169,-0.05373814848927161,-0.001117209518488526,-0.2632082834068492,0.001038661957515023,0.004461935484492946,0.2587599645878554,0.07024994550393386,0.011946328319544012,-0.0005425597421063968,0.005985961113639428,0.00040287641231139085,0.022264937523354282,0.0026381712064818814,-0.0012484748295411338,-0.0010642683944699226,-0.0002631946573857416,-0.2887052205686211,-0.000477058182631619,0.004550568659122932,0.3016758867074355,-0.02987911034211022,0.004307641347253596,0.00010167830085032981,0.012403077562623476,-0.0020366737497063163,0.025931158754006874,-0.0032706670668280202,-0.0014344723133191853,-0.001633059971865018,0.00011346239471537665,0.0027423479645610734,-0.0007740694054059461,-0.00026296279714653806,0.0019456946238872285,-0.005839464651806704,-0.0009691055406693817,0.6419037186382504,-5.534783678014841e-05,0.2730864150308747,nan,nan,nan,nan,nan,nan
440,2.204999999999975,Standing,0.884460426723132,0.4484337297592542,1.5716628872430802,-2.080890369785724,0.0042630323092231375,-0.41199602799790797,-1.4994850308441465,0.957097981957174,0.02268003746642394,0.025837725204674835,0.016285866997907142,0.027717001859549742,-0.35203331797641296,0.011454964766064722,-0.02188032436729837,-0.3953516925073789,-0.024099339225814715,-2.092329588308664,0.004487969852929021,-0.4079226696444903,-1.2318111329093304,-0.6761581084542977,0.032140511881051055,0.025365090467109115,0.019941698294927895,0.028853197391227294,-0.32905879138495436,-0.014125109971983026,-0.02364210489609022,-0.3951845838124231,0.023654827875375727,-0.02388194868676568,-0.05698234346746469,0.07590911729771366,-0.023870711991332973,-0.05692757213600352,-0.07589549765789703,0.0955589860040391,-0.05788110024750766,-0.0006487348494689986,-0.2855151321029606,0.0011021155333779647,0.004788222768901029,0.27772234456603584,0.05880595678416636,0.012546700190642869,-0.0005399409122570686,0.006560884223515102,0.0004799201346745675,0.023888029775464538,0.0028316946192187796,-0.0013410532400696324,-0.001141973535309728,-0.0002823899254598573,-0.31144550745843813,-0.0005137746382465642,0.004882397898357349,0.32444252333868684,-0.03186752320185352,0.004701487697991096,0.00010065277617624787,0.013007884427890484,-0.0020513471283724553,0.027846813532248157,-0.003503530436051304,-0.0015598019086322597,-0.0017638372751867472,0.00011950709005059292,0.0026956314959609502,0.0011235213747927454,-0.0006518999307277384,0.0030199953128644055,0.015099097014484718,0.003770768773137692,0.6422203880567222,-5.53071966695085e-05,0.2728882614376912,nan,nan,nan,nan,nan,nan
441,2.209999999999975,Standing,0.8849707346337082,0.44812895034331235,1.5716593751773127,-2.0823976240951816,0.004268765986424314,-0.4119709456820741,-1.4980345944421856,0.9573261017697243,0.022745405326694307,0.025834983884461905,0.016321189954101086,0.027719753217454318,-0.35190833659222387,0.011469785486818101,-0.02188730450856613,-0.3953576661953274,-0.02410081661197881,-2.0939373900541223,0.00448522230877183,-0.40789766528857324,-1.2301575598625996,-0.6763034628604567,0.032165455286758265,0.025365462161059473,0.020009285240195553,0.02884280205740865,-0.32891634049290963,-0.01414303804259541,-0.023650055801099034,-0.39519377953353296,0.02365539529250312,-0.023873888319788122,-0.0570047231051051,0.0759125524403237,-0.023970824941366795,-0.057103573709535074,-0.07594989090107405,0.10206158211525687,-0.0609558831883752,-0.0007024131535126947,-0.3014508618915126,0.001146735440235182,0.005016463166776869,0.2900872803921994,0.045623962510057306,0.013073572054072915,-0.0005482640425858503,0.007064591238788877,0.0005502715809149264,0.024996276837824162,0.002964144150676006,-0.0013960282535523626,-0.0011947375897020313,-0.0002954772328183928,-0.3215603490916461,-0.0005495088314383528,0.0050008711834129286,0.3307146093461828,-0.029070881231817718,0.0049886811414423995,7.433879007156548e-05,0.01351738905353176,-0.0020790667637288237,0.028490178408949927,-0.0035856141224769465,-0.0015901810017628394,-0.0018391442219673404,0.00011348342547924043,0.0016120733955111172,-0.004475927528081522,0.0006870285220098471,-0.02002259000676455,-0.035200314706310964,-0.010878648635404149,0.642569287207087,-5.52640792717546e-05,0.27267493803527804,nan,nan,nan,nan,nan,nan
442,2.214999999999975,Standing,0.8855258152163421,0.4478009478520328,1.5716588296416267,-2.084034433528843,0.0042748450918675095,-0.4119439841721205,-1.4964704140494267,0.9575021518709617,0.02281338163700051,0.025832328806742313,0.016359316181999674,0.027722868136725226,-0.3517739203563491,0.011485730729665968,-0.021894869792104008,-0.3953640920106881,-0.024102405669824918,-2.0956937875822894,0.004482273637827184,-0.40787037607624865,-1.2283409031727939,-0.6764728582487325,0.03219254148001352,0.025365909129681608,0.020079368412471415,0.028832501425877146,-0.32876068386323754,-0.014162545739573913,-0.02365890261612544,-0.3952038221161463,0.02365606696275094,-0.02386341402413819,-0.05692419495844652,0.07589408335887507,-0.024073932270363176,-0.05690462598039642,-0.0759230842006489,0.11101611652676997,-0.06560049825590908,-0.00010910713720530354,-0.3273618867322435,0.0012158210886390969,0.00539230199070879,0.31283607855175266,0.03521002024746159,0.01359526206124041,-0.0005310155439182699,0.007625245579717924,0.0006229838541816678,0.026883247174962516,0.0031890485695733883,-0.0015130567075753733,-0.0012851630721404496,-0.0003178115692220388,-0.351279505633456,-0.0005897341889293265,0.005457842464921203,0.3633313379611197,-0.03387907765515783,0.005417238651050942,8.939372442696913e-05,0.014016634455172313,-0.0020601263063010546,0.031131325934421986,-0.003901539395700595,-0.0017693630052812571,-0.002008516522667402,0.0001343340495639434,0.0020948591299861713,0.016105629331715887,-0.0036938162897256887,-0.020621465799276126,0.03978954582773202,0.005361340085030223,0.6429452098609425,-5.5216785626276214e-05,0.2724503912370009,nan,nan,nan,nan,nan,nan
443,2.219999999999975,Standing,0.8860275091079749,0.4475109470536217,1.571638487807399,-2.08545606064194,0.00428040175950669,-0.41192021497540326,-1.495135412550694,0.9575666030052422,0.022881254589166778,0.025829144982404108,0.016397299638500236,0.027726120574041595,-0.35165657868279415,0.01149965572857451,-0.021901051382753705,-0.3953696891617199,-0.02410379191713222,-2.0968854575162723,0.0044795229780742905,-0.4078542295909583,-1.2273390842543965,-0.6766235167340686,0.03221488847816838,0.02536522900452601,0.02014644345829146,0.02882181455521445,-0.32866752232823276,-0.014174682525301449,-0.023663245844786133,-0.3952111342677628,0.023655943843555693,-0.02399530806975435,-0.05713855273178794,0.07595964514435263,-0.024129277905482284,-0.05686028717470371,-0.07592230461119583,0.10033877832654957,-0.058000159682216064,-0.004068366845528667,-0.284325422619404,0.0011113335278361092,0.004753839343449729,0.26700029974655026,0.01289022685610516,0.013574590433253628,-0.000636764867641481,0.007596691300112348,0.0006504874632735277,0.023468334710985105,0.00278499978170874,-0.0012363181299390614,-0.0011194302063495312,-0.000277249461460504,-0.2383339867965667,-0.0005501319505785843,0.0032292970580752576,0.2003637836794853,-0.030131697067234408,0.004469399630971507,-0.00013602503111968667,0.013415009164008958,-0.0021373741325391615,0.01863230700095435,-0.0024273571455070853,-0.0008686457321382758,-0.0014624303232991407,-2.4623839049941326e-05,-0.026378809123231903,-0.0428715546682828,0.013112357095512074,-0.011069127023821351,0.008867761138541624,0.00015591789061621206,0.643354539272377,-5.516777157453766e-05,0.2722091700220451,nan,nan,nan,nan,nan,nan
444,2.2249999999999748,Standing,0.8864874081376817,0.44725175816898105,1.5716114479706818,-2.0867712747112606,0.004285743273732825,-0.4118979463096573,-1.493888351177044,0.957616908090646,0.022945929466233365,0.025826086861909466,0.01643526734851669,0.02772950506215466,-0.35154666117680317,0.011512708733762065,-0.021906776788342228,-0.3953749278054287,-0.02410509029616505,-2.0977333952053985,0.004477235909079412,-0.40784613148747406,-1.2268847741411015,-0.6765776031331544,0.03223279761126026,0.02536381820515389,0.020204135620546522,0.028812615463950687,-0.32861991448661276,-0.014181326975729032,-0.023664796425166185,-0.3952165202264126,0.02365546825198059,-0.024135410953315676,-0.05694947531265988,0.07594211148290536,-0.024164276345178554,-0.056928512757223174,-0.07594282366592278,0.09197980594134743,-0.05183777692813131,-0.00540796734345335,-0.26304281386411,0.0010683028452270868,0.004453733149190518,0.24941227472997857,0.010061017080754277,0.012934975413317125,-0.0006116240989286613,0.007593542003290957,0.0006768976226133121,0.02198350119819655,0.0026106010375109745,-0.0011450811177047583,-0.0010477287417642671,-0.0002596758065656826,-0.1695875378252484,-0.000457413798975678,0.0016196206968436774,0.09086202265899687,0.009182720182833958,0.0035818266183764024,-0.0002821598744238643,0.01153843245101252,-0.001839818252752573,0.009521568324000687,-0.0013288900855163495,-0.00031011607601066926,-0.0010771917299725702,-9.511831502029698e-05,-0.02802057671226469,0.037815483825612305,-0.003506732289453451,-0.006999687939254385,-0.013645116503892288,-0.0041038109453905075,0.6437410554878786,-5.5126222880709664e-05,0.2719958313540744,nan,nan,nan,nan,nan,nan
445,2.2299999999999747,Standing,0.8869030105757156,0.44702451576027513,1.5715823165562572,-2.0879441784819694,0.004290509267784612,-0.4118780837620744,-1.49277969278986,0.9576061566117784,0.02300679955905981,0.02582307966227356,0.01647206874563215,0.027732975137693478,-0.3514483088353783,0.011524400194716492,-0.02191181152023972,-0.3953796189446424,-0.02410625199188582,-2.0983533047922314,0.004475655913724644,-0.40784414319118745,-1.2268131786401095,-0.6763028461648751,0.03224642428330463,0.02536203370262378,0.02025263013792799,0.02880482369805183,-0.3286061923701251,-0.014183869328737626,-0.023664650888348654,-0.3952200932788599,0.023654781521757377,-0.02419336123308723,-0.056843740153038086,0.07592915900749819,-0.02416329529601097,-0.05697405771259922,-0.07595264821544571,0.08312048760679777,-0.04544848174118433,-0.0058262828849073136,-0.23458075414175258,0.0009531988103573697,0.003972509516578183,0.22173167743679745,-0.002150295773537779,0.012174018565289378,-0.0006014399271811442,0.007360279423091372,0.0006940151077636098,0.019670468284971314,0.0023382921908853696,-0.0010069463794985776,-0.0009382278427389547,-0.00023233914415391344,-0.12398191736658692,-0.0003159990709535868,0.0003976592573241497,0.014319100198402657,0.054951393655866376,0.0027253344088742524,-0.00035690050602183246,0.009698903476293657,-0.0015583531797718287,0.002744423297534199,-0.0005084706017189329,2.910736350649303e-05,-0.0007146104894476877,-0.00013734604464312204,-0.011590055954311142,0.02114703192435811,-0.002590495081434295,0.00019620983351641922,-0.009108991075208565,-0.0019649099045875302,0.6441043969698388,-5.508675696846489e-05,0.271806708094585,nan,nan,nan,nan,nan,nan
446,2.2349999999999746,Standing,0.8872754019165925,0.4468281853193901,1.5715542429652438,-2.0889775425538697,0.004294664015741403,-0.41186063603977907,-1.4918051993443262,0.9575354219015335,0.023062399321411763,0.025820283742856377,0.016506999440880243,0.02773648143031457,-0.3513615146671564,0.011534730626508857,-0.02191621528163725,-0.3953837647814087,-0.024107277225498432,-2.098818293049834,0.004474624316514116,-0.4078457939294397,-1.2269643795562506,-0.6759478941749727,0.03225614046190889,0.025360296975984443,0.020275006595908786,0.02880356435048342,-0.32861369256992373,-0.014183439648358479,-0.02366378980039968,-0.3952220360994717,0.02365398380727862,-0.024225012722570216,-0.05688075420808992,0.07594196284762594,-0.024137473618076676,-0.05695544767614415,-0.07594447628985655,0.07447826817536485,-0.039266088177002265,-0.005614718202672115,-0.20667281438004736,0.0008309495913582251,0.003489544459071264,0.19489868910674873,-0.014146942048972435,0.011119952470390302,-0.000559183883437248,0.006986139049618832,0.0007012585242178727,0.017358833644374867,0.00206608635847291,-0.0008807522795060456,-0.0008291673532600901,-0.00020504672252283997,-0.0929976515204488,-0.00020631944210559196,-0.00033014765045378896,-0.03024018322822415,0.0709903979804882,0.0019432357208514779,-0.0003473453278674837,0.00447529159615914,-0.0002518695136814104,-0.0015000399597184513,8.593607582925596e-05,0.00017221758979428506,-0.00038856412236984076,-0.0001595428957513361,-0.00633029789659739,-0.007402811010366245,0.002560768025549511,0.005164335586858519,0.0037220072910136136,0.0016343851178318332,0.6444393903284598,-5.5052989495785385e-05,0.271643058092109,nan,nan,nan,nan,nan,nan
447,2.2399999999999745,Standing,0.8876073934173581,0.44666048962094806,1.5715291261415452,-2.0898898734136764,0.004298296037413361,-0.41184523464878825,-1.4909396657560514,0.9574233376592853,0.023112218579121803,0.02581780401467078,0.016539672482398536,0.027739982459969895,-0.3512844805441287,0.011543911667867973,-0.021920142232793472,-0.395387450904516,-0.024108187339465004,-2.099172752100602,0.00447384196483824,-0.40784873706364544,-1.2272052159802742,-0.6757072512321365,0.03226263342381017,0.025358906038810802,0.020255256561809674,0.028813754309801834,-0.3286311705840281,-0.014181004103345994,-0.02366289227141327,-0.3952227603267349,0.023653226698407952,-0.024227348652246378,-0.05695281163314997,0.075957476782752,-0.024101093004639498,-0.056926512890881485,-0.07593233612969476,0.06639830015312419,-0.033539139688409256,-0.005023364739751576,-0.18246617196132953,0.0007264043343914325,0.0030802781981590717,0.17310671765496005,-0.02241684844964453,0.009963851542008063,-0.0004959456371192106,0.006534608303658251,0.000700205931065478,0.015406824605549391,0.0018362082718231284,-0.000785390231244009,-0.0007372246214587157,-0.00018202279331471738,-0.07089181015363004,-0.00015647033517521337,-0.000588626841141685,-0.04816728480471236,0.04812858856724507,0.0012985923802573067,-0.00027818743472832295,-0.003950006819822128,0.002037991863682843,-0.0034956028208663974,0.0004871090024969985,0.00017950579728190897,-0.00014484545264342345,-0.00015142177413324514,-0.0004671859352324186,-0.014411485012009818,0.0031027870252108214,0.007276122687435787,0.005786957052532955,0.0024280320323579936,0.6447441277951033,-5.502543691813288e-05,0.2715035795068079,nan,nan,nan,nan,nan,nan
448,2.2449999999999743,Standing,0.8879015157234749,0.446518722365279,1.5715079426815433,-2.0906962595660707,0.004301486329203173,-0.41183154979794884,-1.4901641715922058,0.9572855462156709,0.023156195007727313,0.02581569105360855,0.01656985780400664,0.027743442417629775,-0.3512157090924493,0.011552118489541158,-0.021923691180130836,-0.39539074635877225,-0.024109000015015324,-2.099442191288077,0.0044731764038203085,-0.40785202318882413,-1.2274786144890748,-0.6756307424229423,0.032266724116405035,0.025357850770384927,0.020201420303748666,0.02883310998246324,-0.3286532538339278,-0.014177333745174372,-0.023662100190790427,-0.39522269501991936,0.023652658909406918,-0.02420229815087843,-0.05697374291542275,0.07595795564527678,-0.02406775129838692,-0.05693652957644548,-0.07592917171672801,0.05882446122335449,-0.028353451133815533,-0.004236692000360899,-0.16127723047888012,0.0006380583579624607,0.002736970167882636,0.1550988327691248,-0.027558288722892045,0.008795285721102157,-0.00042259221244631755,0.006037064321620442,0.0006919915319761964,0.013754290335877073,0.0016413643346368783,-0.0007097894674724527,-0.0006590908512548337,-0.00016253511006429205,-0.053887837495027235,-0.00013311220358621563,-0.0006572250357346284,-0.05467970176011745,0.01530176183884794,0.0008181385189729918,-0.00021105368517493673,-0.010767251612201604,0.0038711345322806736,-0.004416649979941733,0.0007340716343241869,0.00015841612456925593,1.3061363111453072e-05,-0.00011355780020706334,0.005010100273590052,-0.004186256454556968,9.577250495603146e-05,0.006668341250515212,-0.0020033371127992907,0.0006328825933488093,0.645018721282947,-5.500249752211574e-05,0.27138567845205747,nan,nan,nan,nan,nan,nan
449,2.2499999999999742,Standing,0.8881595350175535,0.4464002009569149,1.5714910953180197,-2.0914028795015676,0.004304267101243725,-0.4118194495219487,-1.4894738128311251,0.9571284902205055,0.023194431149986736,0.025813949318996596,0.01659739113268313,0.027746827418124308,-0.35115470404047233,0.011559407539401722,-0.021926874642889962,-0.3953936717093231,-0.02410972103484642,-2.0996424930189033,0.004472716497570629,-0.40785601842132074,-1.2277969085657963,-0.6755648585399127,0.032269112936568096,0.02535688226561566,0.020140330584462494,0.02885368743724419,-0.32868031303950385,-0.014172921921728416,-0.02366117795547068,-0.3952220516629482,0.023652323516824426,-0.024162447056687738,-0.05694686231261407,0.0759460787986828,-0.02403742650679667,-0.05696498932055573,-0.07593051440259517,0.05160385881573755,-0.023704281672815748,-0.0033694727047121056,-0.14132398709938682,0.0005561544081103629,0.002420055200026038,0.13807175221613205,-0.03141119903307923,0.007647228451884687,-0.00034834692239095076,0.005506665735298055,0.00067700009890664,0.012201010395397144,0.0014578099721126972,-0.0006366925518255973,-0.0005850701101653103,-0.00014420396621960495,-0.040060346165183586,-9.198124993590936e-05,-0.0007990464993179169,-0.06365881534427867,0.013176776605931109,0.0004777640326126056,-0.0001937009538540299,-0.012217943857234822,0.0041154909561903685,-0.005411841115209519,0.0008823646891912882,0.00018444706394965158,0.00012867139422832974,-6.707851649806148e-05,0.007970218838138162,0.0053761205617370265,-0.0023753693187959233,0.0060649583180501345,-0.005691948822048773,-0.00026853717343110043,0.6452640226451057,-5.49827803285138e-05,0.271286880717517,nan,nan,nan,nan,nan,nan
450,2.254999999999974,Standing,0.8883830615469461,0.44630273705613127,1.571478432622808,-2.092010847565445,0.004306642007791606,-0.41180891777277484,-1.4888702942005057,0.9569528654754174,0.023226999320581254,0.025812572779364128,0.016622169451228117,0.027750105597949725,-0.3511014904661497,0.011565774154703215,-0.021929672026960917,-0.3953962245856406,-0.024110350044271704,-2.099785728903806,0.004472525891428727,-0.40786103244371996,-1.228159936550952,-0.6754998475247829,0.03227001799859652,0.02535598020791656,0.02008596239582551,0.028871418182253583,-0.3287118819165926,-0.014168106571698367,-0.02366007309181614,-0.3952208839841395,0.023652141052843124,-0.024119143729028465,-0.05692769084639873,0.07593526897231712,-0.024004923620362287,-0.056967951498996194,-0.07592594101963514,0.04470530587851538,-0.019492780156727854,-0.0025325390423509776,-0.12159361277551664,0.00047498130957621793,0.0021063498347715817,0.12070372612387484,-0.03512494901763665,0.0065136341189038875,-0.00027530792649345853,0.004955663708996852,0.0006556359650834419,0.010642714864530736,0.001273323060298663,-0.0005594768141912125,-0.0005105752634993471,-0.00012580188505658283,-0.028647176980514045,-3.812122838036865e-05,-0.0010028044798434917,-0.07260559703112324,0.013002203025961187,0.00018101240568479276,-0.00018041153981984443,-0.010873637727396863,0.0035461490018783097,-0.0063137754177584725,0.0009630700060098045,0.00022097273090747392,0.00023353576173795428,-3.649279626072491e-05,0.008660665531854773,0.0038342932430671,-0.002161965273136675,0.0065005772868770295,-0.0005924356880930024,0.0009146765920078637,0.6454810914150214,-5.496609264063618e-05,0.27120529646891395,nan,nan,nan,nan,nan,nan
451,2.259999999999974,Standing,0.8885736055685368,0.44622440481660763,1.571469511403974,-2.0925228685956943,0.004308630932384624,-0.41179990916397496,-1.4883526335092883,0.9567627530143312,0.023253902700380837,0.025811569067811173,0.016644179701282607,0.027753247651419306,-0.3510559197974934,0.011571234596762521,-0.0219320801361552,-0.39539841112319035,-0.024110888759292553,-2.09987787941292,0.004472647594700861,-0.4078673277383086,-1.2285779661334484,-0.675400323897753,0.032269569039736726,0.02535509730686005,0.020046350428935905,0.028883971789693035,-0.3287484934635947,-0.014162994234154751,-0.023658691318026497,-0.39521920612136624,0.023652029877283192,-0.024081301183796852,-0.05694495526422145,0.0759329345953178,-0.023973515431064362,-0.05696039662055472,-0.07591924733112582,0.038108804318134,-0.015666447904724427,-0.0017842437667648803,-0.10240420604979494,0.0003977849186036259,0.0018017217599721517,0.10353213824347102,-0.03802249221722673,0.005380675959916696,-0.00020074231059104307,0.004402050010898136,0.0006284106939160036,0.00911413373125596,0.001092088411861424,-0.00048162183885706714,-0.0004373075099458903,-0.00010774300417000565,-0.01843010182279764,2.434065442697557e-05,-0.0012590589177294146,-0.08360591649931574,0.01990472540599008,-8.979177195884237e-05,-0.00017658021130148555,-0.00792239337792082,0.0025107214878902777,-0.0073223094004190095,0.0010224675087233295,0.00027635475792893395,0.000335572554657208,-2.223511198632697e-05,0.007568509046322289,-0.003452883564542734,-0.0004668753998633426,0.006281637859584653,0.0015109756882948945,0.0013387377018646398,0.6456709843938117,-5.495277686480095e-05,0.27113933176659194,nan,nan,nan,nan,nan,nan
452,2.264999999999974,Standing,0.8887334411020027,0.4461630810639658,1.5714639767176837,-2.092948286142435,0.004310285157110949,-0.4117922554052958,-1.4879110505125976,0.9565680895049081,0.023275395699682476,0.02581093574339682,0.016663531065206554,0.02775623124803465,-0.351017173379154,0.011575884846970811,-0.021934146317696405,-0.39540026996407407,-0.024111346849237145,-2.0999241120590115,0.0044730826244115795,-0.40787503155283933,-1.2290542483241014,-0.675284235247396,0.03226776682469262,0.02535425277746223,0.02002327142715575,0.028890883297736886,-0.32879022738809655,-0.014157623146973563,-0.02365700491987092,-0.3952170227155338,0.023651915941200797,-0.02404642624428804,-0.056969518573109265,0.07593257627107255,-0.023949003666547154,-0.05697516188995817,-0.07591852993983042,0.031967106693173264,-0.012264750528371749,-0.0011069372580746663,-0.08508350934809633,0.00033084494526491686,0.001530751735835291,0.08831659933812547,-0.03893270188462995,0.004298599860327835,-0.00012666488287082595,0.003870272784789447,0.0005967193230688028,0.007749283667882799,0.0009300500416578691,-0.00041323630824053475,-0.0003717681767470177,-9.161798891809635e-05,-0.009246529218261159,8.700594214357453e-05,-0.0015407629061453074,-0.09525643813059229,0.023217730071387402,-0.0003604430088199353,-0.00016890587956416543,-0.004615800356031213,0.0013823016087700355,-0.008346784900375203,0.0010742174362375935,0.0003372796311147015,0.00043668116649112434,-2.278721647932381e-05,0.006974987901762424,-0.00491266177756278,-7.166484905061886e-05,0.004902352903441912,-0.002953053880689979,0.00014347825907924249,0.6458348309370183,-5.4942659940020705e-05,0.27108765593351847,nan,nan,nan,nan,nan,nan
453,2.269999999999974,Standing,0.8888657439352181,0.446116286860297,1.5714615830141352,-2.093299269440504,0.004311657722421467,-0.4117857451191016,-1.4875330394191986,0.9563780162780096,0.023291945204851235,0.025810654058479248,0.016680409294126362,0.02775904217817319,-0.3509841949245634,0.01157984928933936,-0.021935932380955207,-0.39540185164107955,-0.024111736804322995,-2.0999339089128046,0.0044737967750733305,-0.40788397926091563,-1.2295806001024112,-0.6751708495313966,0.032264694062066286,0.025353469004424017,0.020014593071924533,0.028892855818984344,-0.3288363477622994,-0.01415204716807844,-0.02365504326276288,-0.39521440539488184,0.023651773797493548,-0.024011452952027022,-0.05696849556128562,0.07592683650781364,-0.023925769239864295,-0.05697818924104148,-0.07591545281916323,0.02646056664307995,-0.009358840733764936,-0.0004787407097096543,-0.07019665961385842,0.0002745130621037425,0.001302057238833372,0.07560221867983442,-0.03801464537971528,0.003309901033751754,-5.633698351441032e-05,0.003375645783961413,0.000562186027707618,0.006595690918117461,0.0007928884737097718,-0.00035721265176041217,-0.00031633540109139187,-7.799101717033169e-05,-0.0019593707586043063,0.00014283013235025368,-0.001789541615261118,-0.1052703556619569,0.022677143199878604,-0.0006145525252669956,-0.00015675460764301847,-0.0017356710462437114,0.00039450424949180585,-0.009224074840573698,0.0011151957790247885,0.00039233142160766246,0.0005234641303849211,-2.8428741449609442e-05,0.006994658452203541,0.0002046023647279448,-0.0011479526517850199,0.004646885336571711,-0.0006054702166609785,0.0006154241334374118,0.6459742333091898,-5.4935019129532866e-05,0.2710487645309296,nan,nan,nan,nan,nan,nan
454,2.2749999999999737,Standing,0.8889728151170009,0.4460823087411426,1.5714616656832376,-2.0935805074064904,0.004312765609263163,-0.4117803096727253,-1.4872156689115343,0.9561942106518801,0.023304078667576486,0.02581067564254486,0.016694967320151913,0.027761668961983166,-0.3509566468305226,0.011583167350977034,-0.021937445447508298,-0.39540317274380815,-0.02411206259929089,-2.0999121016321274,0.004474739964625573,-0.40789391868613484,-1.2301477749118446,-0.6750867063771684,0.032260450648937365,0.02535276576132757,0.020015954306077634,0.02889124761428749,-0.3288860316881546,-0.014146282473945273,-0.023652835461258546,-0.39521144329165536,0.023651604427347015,-0.02397949197417628,-0.05696356208471818,0.07592076410623745,-0.02390495890985219,-0.05697741612710729,-0.07591194239989968,0.02141423635655259,-0.006795623830874382,1.6533820471321525e-05,-0.056247593197248494,0.0002215773683392318,0.0010870892752643828,0.0634741015328271,-0.03676112522587701,0.0024266925450504052,4.316813122529734e-06,0.0029116052051105035,0.0005253567619951887,0.0055096188081615385,0.0006636123275349613,-0.00030261331061823445,-0.00026422054571973114,-6.515899357916952e-05,0.0043614561354755835,0.00018863791044850445,-0.0019878850438363647,-0.11343496188666076,0.016828630845646977,-0.0008486826257840474,-0.00014064861928951816,0.00027224683062056785,-0.00032164093937053686,-0.009936785171036194,0.0011529388266331075,0.0004415603008674486,0.0005924206452900922,-3.387402930638002e-05,0.006392195570148475,0.0009866953134885208,-0.0012144803152363748,0.0041620660024211265,0.00015462278683653938,0.0007020838527102534,0.6460913938797408,-5.492951295369814e-05,0.2710208393539072,nan,nan,nan,nan,nan,nan
455,2.2799999999999736,Standing,0.889056699348267,0.44605975099466594,1.5714635525326015,-2.0937957751205474,0.004313622996889287,-0.41177590827995475,-1.4869571756550457,0.9560176164689695,0.02331232924745451,0.025810945820445064,0.01670735713839691,0.02776410273936687,-0.3509343080207574,0.011585864874784626,-0.021938688299311934,-0.3954042442528426,-0.024112326835597418,-2.099862217677752,0.004475849994161741,-0.40790451567076813,-1.2307444147760096,-0.675047088365087,0.03225519455991922,0.025352147402907643,0.02002232294971395,0.028887611955849997,-0.32893830215972586,-0.014140345451433686,-0.023650417426245126,-0.39520824672487154,0.023651430690711277,-0.023954138184354903,-0.056977967288969235,0.07591977598804765,-0.023889343077621392,-0.05699078185962075,-0.07591234173034955,0.016776846253234032,-0.004511549295327443,0.0003773698727715467,-0.043053542811396575,0.000171477525224812,0.0008802785541106024,0.05169865129773776,-0.03531883658212337,0.0016501159756052946,5.4035580041089765e-05,0.002477963648999673,0.00048675547674040243,0.004467761953028909,0.0005395047615185773,-0.00024857036072696803,-0.0002143018068875601,-5.284726130532333e-05,0.009976790874999263,0.00022200590723367133,-0.0021193969266537563,-0.11932797283299729,0.007923602416286594,-0.0010512178036284768,-0.00012367168398534967,0.0012737287272626277,-0.0007271316874987257,-0.010454094314251436,0.0011874045023173116,0.00048360700268389276,0.000639313356760278,-3.4747327147379354e-05,0.005070757964275302,-0.0028810408502107305,-0.00019762363795883947,0.0031231664461593223,-0.0026731465026908867,-7.986608997355958e-05,0.6461880751721115,-5.492596180473606e-05,0.2710025590227455,nan,nan,nan,nan,nan,nan
456,2.2849999999999735,Standing,0.8891207351119819,0.4460464860939746,1.571467065548492,-2.0939575717100585,0.004314279947376895,-0.4117723482267897,-1.4867453727863356,0.955854994360065,0.023317343286569956,0.02581142031580817,0.016717814354057545,0.02776634179670758,-0.35091617006903353,0.011588061139339962,-0.021939723416276154,-0.395405114538662,-0.024112541447740884,-2.0997935113681883,0.004477052817733796,-0.4079153162113707,-1.2313505730233631,-0.6750566717004641,0.03224917401350232,0.025351618325237163,0.02002921314660565,0.02888335551816416,-0.3289915141875058,-0.014134337750741143,-0.023647876615419332,-0.39520495167205494,0.02365128677274742,-0.023930498759111688,-0.05697895796135062,0.07591623785354885,-0.02387192559384746,-0.05696805794863905,-0.07590459206818655,0.01280715274296743,-0.00265298013825698,0.0007026031780710395,-0.03235931790226179,0.00013139009752154938,0.0007120106330072275,0.04236057374200814,-0.032524421780889316,0.0010028078230888736,9.489907262108737e-05,0.002091443132126556,0.0004478114681422124,0.0036275903447846093,0.0004392529110670206,-0.00020702339284380504,-0.0001740571638835308,-4.2922428693529175e-05,0.01374126191277549,0.0002405647144110159,-0.0021601081205145285,-0.12123164947071538,-0.0019166670754405361,-0.0012041092833804594,-0.00010581553409591771,0.001378039378340165,-0.0008512875371676015,-0.010642405555988312,0.001201540138508684,0.0005081621651586362,0.0006590105633248911,-2.8783592772078136e-05,0.004727885048642762,-0.00019813447627681615,-0.0007076268997607722,0.0034834967547864287,0.004544782196338536,0.0015499324326007768,0.6462658784079037,-5.492416760761217e-05,0.2709927965860393,nan,nan,nan,nan,nan,nan
457,2.2899999999999734,Standing,0.8891663410971775,0.4460421197862917,1.571471111502429,-2.0940671904142514,0.004314745693900303,-0.4117696051432067,-1.4865797109105883,0.9557053682457656,0.023319676543887786,0.02581203905913142,0.01672649406637379,0.027768385045734763,-0.35090210160194885,0.01158977171797487,-0.021940547227021302,-0.39540579116895713,-0.024112707987989087,-2.099703068381885,0.004478134645128355,-0.4079251528052244,-1.2319183119817598,-0.6752360427669648,0.032242631325070444,0.02535131332205943,0.020016552180683916,0.028884500840956603,-0.3290416498668166,-0.014128301456694784,-0.023645455851752352,-0.39520178589667276,0.023651225212379303,-0.023910076191182073,-0.05697994916532645,0.07591322719916191,-0.023884058464426976,-0.0570495295309641,-0.07592429436654603,0.009121197039131838,-0.0008732615365811057,0.0008091907874129521,-0.021923740838607222,9.314930468160026e-05,0.0005486167166008965,0.033132375149439765,-0.029925222859890396,0.00046665146356599766,0.0001237486646501263,0.0017359424632492739,0.0004086498054370187,0.002813693416935977,0.0003421157269816044,-0.00016476214902961614,-0.0001353260590232616,-3.330804964073607e-05,0.018088597260709573,0.0002163654789118621,-0.0019673187707308303,-0.11354779167931732,-0.035874213300139776,-0.00130853768637645,-6.1000635546451524e-05,-0.0025321931843462937,0.00022906455848869514,-0.010027135862166388,0.0012072588092720059,0.00048415273339568317,0.0006331550764306702,-1.2312073623357895e-05,0.004084513585923462,-0.00019824079516624185,-0.0006021308773898199,-0.002426574115903025,-0.01629431646500913,-0.003940459671896755,0.646327161435352,-5.492391223503463e-05,0.2709898567087512,nan,nan,nan,nan,nan,nan
458,2.2949999999999733,Standing,0.8891980716833863,0.4460439040660756,1.5714760702359958,-2.094132528604254,0.004315014501067746,-0.41176763293436547,-1.486457525423903,0.9555617707623002,0.02331967219608781,0.025812774900808126,0.01673354724423293,0.02777023719009676,-0.3508918369770435,0.011591028196150745,-0.021941173283151295,-0.39540628699062913,-0.024112829603024664,-2.0996197292850303,0.0044790138447316765,-0.4079328889927595,-1.2323921390660606,-0.6754850823329203,0.03223643789270033,0.025351147973452313,0.01998384805006741,0.028891351721112356,-0.32908424899211214,-0.014122729428537227,-0.023643389363748022,-0.39519911432216037,0.023651358678644104,-0.023893794003774657,-0.05698923331249632,0.07591257646253953,-0.02394265354933075,-0.056820651097669615,-0.0758838285104269,0.006346117241752939,0.0003568559567703857,0.000991746713385928,-0.013067638000443,5.3761433488618444e-05,0.0003944417682431909,0.024437097337045362,-0.028719496693074338,-8.695599952015989e-07,0.0001471683353410818,0.0014106355718278881,0.00037042887239995746,0.002052924981071856,0.0002512956351752334,-0.00012521122599841412,-9.916433439777805e-05,-2.4323007115652594e-05,0.016667819370965526,0.00017583992066432986,-0.0015472375070197234,-0.09476541686015491,-0.04980791319109306,-0.001238686474023207,-3.306972142347126e-05,-0.006540826123300778,0.001370176031150563,-0.00851982505910769,0.0011144056315115075,0.0004132976008662078,0.0005343149024808195,2.6693252959948066e-05,0.003256437481482778,-0.0018568294339745392,-0.00013014732447652112,-0.011719016980754685,0.045775686658897106,0.008093171223828192,0.6463730382792943,-5.4924086632353145e-05,0.2709928376249648,nan,nan,nan,nan,nan,nan
459,2.299999999999973,Standing,0.8892139779675682,0.44605302423353477,1.5714804904447919,-2.0941566386179074,0.004315166654448316,-0.41176629768135314,-1.486371888386518,0.9554398612357562,0.023317739523394686,0.025813592753326356,0.016739159575997593,0.027771895922832475,-0.3508847932865479,0.011591899011390945,-0.021941625340323553,-0.3954066275597418,-0.02411291312035472,-2.099504012545714,0.004479729180261221,-0.4079395810033102,-1.2328383110960093,-0.6757121408035847,0.03223051387035839,0.02535094909401156,0.01994154774486515,0.028900818212700224,-0.32912418778266733,-0.014117256047909603,-0.02364130879976596,-0.3951967013035836,0.023651583132816265,-0.023877598723713242,-0.056976417513878864,0.07590737176828553,-0.024111463472004886,-0.05695083251556432,-0.07593929538502958,0.003181256836376122,0.0018240334918328688,0.0008840417592002474,-0.004822002730715969,3.043067611412213e-05,0.0002670506024648284,0.017127407477011837,-0.024381905308796928,-0.0003865345386244678,0.00016357050364623532,0.0011224663529329048,0.0003317465471429407,0.0014087380991174197,0.00017416304803995485,-9.041143445140227e-05,-6.811382254003919e-05,-1.6703466010991236e-05,0.02314334786328162,0.00014306710590888402,-0.0013384021101386053,-0.08923440598974748,-0.04541169413288935,-0.0011848044683870757,-3.977588815050906e-05,-0.008460061040452247,0.0018932983175731829,-0.007987758111043,0.0010946761255246644,0.0004161127964120593,0.00048260371535504263,4.489083443260111e-05,0.0032390560122829044,0.0025631597234913855,-0.0010409388507992292,-0.03376198453482747,-0.02603628357894095,-0.011093374920536705,0.6464065750100912,-5.492673931595319e-05,0.2709993398782189,nan,nan,nan,nan,nan,nan
460,2.304999999999973,Standing,0.8892176817359034,0.4460669492102471,1.5714852468105005,-2.0941447211943096,0.004315170948117857,-0.4117656147866679,-1.4863239750291861,0.9553307511992866,0.023314092723576974,0.02581447284803337,0.016743430524139305,0.027773370538231368,-0.3508810060211615,0.011592380295508688,-0.021941896816848324,-0.39540681219889173,-0.02411295813189381,-2.0993850564770016,0.004480422928358992,-0.4079451269646347,-1.2332545842722515,-0.6755725289388954,0.032225451804044986,0.025350480685083956,0.019901898850735303,0.028909367093885273,-0.32916160597945227,-0.014112104460416733,-0.023639275164745486,-0.39519445690881877,0.023651823499489487,-0.023875418113406873,-0.057024303736844355,0.07591692922687523,-0.024185718816719125,-0.05701708162252282,-0.07596565181294934,0.0007407536670557082,0.002784995342469636,0.0009512731417191365,0.002383484719530312,8.587339081593232e-07,0.00013657893704375289,0.009582671466369992,-0.021822007293914925,-0.0007293599635422665,0.00017601894140264565,0.0008541896283421144,0.0002949230797788943,0.0007574530772848251,9.62568235486708e-05,-5.4295304954421464e-05,-3.692782997977226e-05,-9.002307817737269e-06,0.023791213742425356,0.0001387496195542224,-0.0011091922649051973,-0.08325463524843577,0.02792237293785605,-0.0010124132626817904,-9.368178552039905e-05,-0.007929778825968948,0.0017097762370096219,-0.007483639356982468,0.0010303174985739501,0.00040672700409493924,0.0004488789529614617,4.8073334644479206e-05,0.0004361220612736252,-0.009577244593098042,0.0019114917179393989,-0.014851068942847968,-0.013249821391700597,-0.005271285583952772,0.6464272557429136,-5.4927423499922886e-05,0.27101027622233087,nan,nan,nan,nan,nan,nan
461,2.309999999999973,Standing,0.8892150680190088,0.4460820397118035,1.5714914620066345,-2.0941343775064905,0.004315200981668814,-0.41176487686224506,-1.48626846746923,0.9552622478274457,0.023309323408731663,0.025815460118155324,0.01674684601513641,0.02777468312090513,-0.3508769271814795,0.011592892312765243,-0.021942233996572302,-0.3954070087902232,-0.024113006641691324,-2.099274152873323,0.004481149408608132,-0.4079502214390438,-1.2336319031452163,-0.6752131946927207,0.03222075499667802,0.02535001931400474,0.019871253711183593,0.02891528240032163,-0.3291955974459186,-0.014107525277879217,-0.023637529033986974,-0.39519200337368277,0.02365184195643828,-0.023889992794052177,-0.05686231662316992,0.07588573255064616,-0.02420167990301129,-0.056963867084520295,-0.07595661374867355,-0.0005227433789224943,0.0030181003112794273,0.001243039226793443,0.0020687375638145005,6.006710191439999e-06,0.0001475848845710601,0.011101511991255829,-0.013700674368168443,-0.0009538629690623806,0.00019745402439050994,0.0006830981994207274,0.0002625165347529736,0.0008157679364005261,0.00010240345131107735,-6.743594479555525e-05,-3.931826629836917e-05,-9.701959503055233e-06,0.022180720735690235,0.00014529604982813616,-0.0010188948818264834,-0.07546377459297314,0.07186684923493736,-0.0009393614733922524,-9.227421584301496e-05,-0.00612902791034191,0.0011830612872717541,-0.0067982932932622005,0.0009158365075029882,0.00034922615170212147,0.0004907070271971028,3.691389758399406e-06,-0.002914936129060458,0.032397422734887285,-0.006239335245812768,-0.003192217258433048,0.01064290760050493,0.0018076128551602353,0.6464376887788917,-5.4929897356739075e-05,0.2710239580073521,nan,nan,nan,nan,nan,nan
462,2.314999999999973,Standing,0.8891992951741616,0.4461030972331864,1.5714961671015777,-2.094055943421735,0.004314908040087673,-0.41176545911704165,-1.4862979335489783,0.9551651079548453,0.023303235120679753,0.025816363927946454,0.016748815432350565,0.027775818516157603,-0.3508795468129245,0.011592607210306562,-0.02194211225925147,-0.3954068861324232,-0.024112975823614446,-2.0991498785154743,0.004482003028064425,-0.4079554277991904,-1.2339772987920163,-0.674839803272616,0.03221598392916109,0.02534974841944843,0.01985218100015719,0.02891789805787128,-0.32922652514381723,-0.014103541459017911,-0.023636065691090363,-0.39518923735501094,0.023651583940332493,-0.02407137662480685,-0.057058884910490104,0.07595501046653136,-0.024184124423998497,-0.05690190763160722,-0.07594027762370753,-0.0031545689694505875,0.004211504276580018,0.0009410189886644564,0.015686816951125757,-5.8588316228119945e-05,-0.00011645095931886028,-0.005893215949661135,-0.019427974520072718,-0.001217657610381737,0.00018076195822612837,0.0003938834428310065,0.00022707905049450792,-0.0005239262889986979,-5.7020491736116134e-05,2.4347464165989393e-05,2.453156000361752e-05,6.163615375987474e-06,0.02485487156975516,0.0001707238912586418,-0.001041272029319725,-0.06907912935998468,0.07467828402094667,-0.0009542135033862806,-5.4178911261876384e-05,-0.0038145422052807193,0.0005231315099305539,-0.006185539579733142,0.0007967637722612783,0.0002926685793219489,0.0005532037343664636,-5.160322115758785e-05,-0.03627676615093506,-0.039313657464036825,0.01385558317703852,0.003511095802558928,0.012391890582614879,0.003267224993202837,0.6464417348102955,-5.49322264322829e-05,0.27103778552526353,nan,nan,nan,nan,nan,nan
463,2.3199999999999728,Standing,0.8891790717973138,0.446124669777057,1.5715019811468127,-2.0939899228661636,0.004314712826684166,-0.41176581022814923,-1.486307459763185,0.9551175568411999,0.023296039609787798,0.025817399899340447,0.016750162750595803,0.02777680273123723,-0.3508809764128932,0.011592459960078004,-0.021942126598822602,-0.3954068187153006,-0.024112959164030313,-2.099025883406841,0.0044828410295736166,-0.40796069269858093,-1.2342857663617743,-0.6745594350231312,0.032211146995045424,0.025349694187802335,0.019844487309809426,0.0289173286217733,-0.32925401229630324,-0.014100200681375283,-0.023634855666933283,-0.3951863876004513,0.02365117201242976,-0.024165054686395994,-0.05701459501382491,0.0759606324117801,-0.024158136015245985,-0.05690244187701543,-0.07593621130240533,-0.004044675369556883,0.004314508774115263,0.0011628090470269835,0.013204111114260342,-3.904268070145201e-05,-7.022222151371986e-05,-0.0019052428412982061,-0.009510222729078295,-0.0014391021783908872,0.0002071942787983495,0.0002694636490476077,0.0001968430159251332,-0.00028591999374136403,-2.9450045711382983e-05,-2.8679142263518336e-06,1.3483424522419909e-05,3.331916826735636e-06,0.024799021726619623,0.00016760030183838473,-0.0010529798780998761,-0.06169351395159775,0.056073649896950614,-0.0009673868231335146,-1.0846329218929398e-05,-0.0015387380695531107,-0.00011388721959638103,-0.0054974304972012535,0.0006681555285256626,0.00024200483141616054,0.0005699509119224436,-8.238558054623742e-05,-0.018735612317828616,0.008857979333039709,0.0011243890497481188,0.00519768175050234,-0.00010684908164161448,0.0008132642604404155,0.6464358095090162,-5.493831447234389e-05,0.27105522414002925,nan,nan,nan,nan,nan,nan
464,2.3249999999999726,Standing,0.8891542856523368,0.44614705074688116,1.5715078735842545,-2.093918767670247,0.004314497200099936,-0.4117662788982139,-1.486323295200663,0.9550923754447365,0.023288848209435026,0.02581838602725251,0.01675086017530096,0.02777765086364929,-0.3508829866827116,0.011592240644400448,-0.021942112888308423,-0.3954067232699,-0.02411293563527595,-2.098901866635885,0.004483643703451632,-0.40796579619816425,-1.2345572190736103,-0.6744024354438742,0.032206400901870734,0.025349796997207984,0.01984626317539199,0.028914155682690106,-0.3292781075577298,-0.014097460320432227,-0.02363379553172996,-0.39518371331867574,0.02365075326518811,-0.024194111103245097,-0.05690914726859003,0.07594340839245349,-0.024130466228455334,-0.05694387805016298,-0.07594079631530241,-0.004957228995399358,0.00447619396483547,0.0011784874883548036,0.014231039183341216,-4.312531684581542e-05,-9.373401292821875e-05,-0.003167087495623397,-0.005036279292694401,-0.0014382800705546356,0.00019722558241271548,0.0001394849410317018,0.00016962648241156155,-0.00040205396368888404,-4.386313551126506e-05,2.742102835460883e-06,1.9089080121892797e-05,4.705750872890254e-06,0.02480335419127833,0.00016053477560307747,-0.001020699916663762,-0.05429054236717243,0.03139991585139233,-0.0009492186349379782,2.0561881129901723e-05,0.00035517311651273227,-0.0006345878166387864,-0.004819052285304671,0.0005480721886112286,0.00021202704066437394,0.000534856355114084,-8.3749448329981e-05,-0.005811283369820664,0.021089549046974715,-0.003444803865321219,0.005533957358130144,-0.00828723462951083,-0.0009170025794178341,0.6464249479197122,-5.4942197796757614e-05,0.2710725471265024,nan,nan,nan,nan,nan,nan
465,2.3299999999999725,Standing,0.8891247775904223,0.44617060186651336,1.5715132065139996,-2.093829684683912,0.004314189862720175,-0.4117671101886049,-1.4863633863346857,0.9550719476074356,0.02328102653410229,0.02581936793420783,0.016750876894165524,0.027778369699404795,-0.35088691700164953,0.01159179092929656,-0.021941968672135173,-0.3954065363485214,-0.02411288936583923,-2.0987797541235986,0.004484388857107826,-0.4079704530810439,-1.2347886410566138,-0.674360361513178,0.03220194339313723,0.025349989760987193,0.019854686074906185,0.028909221296219874,-0.3292986424841128,-0.01409528275657809,-0.0236328269320998,-0.39518142098259545,0.0236504392653115,-0.024192873911792343,-0.056883734434444215,0.07593795457325075,-0.024096002344552364,-0.05696703666594143,-0.0759403101958913,-0.005901612382906964,0.004710223926441261,0.0010665859490113653,0.01781659726690863,-6.14674759521706e-05,-0.00016625807820255854,-0.008018226804509292,-0.004085567460171352,-0.0015643350665471105,0.0001963813910633864,3.3437729125903193e-06,0.0001437671511012746,-0.0007860637875859619,-8.994302077788738e-05,2.884323465013392e-05,3.7384275716316484e-05,9.253887343632204e-06,0.024422502457247478,0.00014903073123882343,-0.0009313765759316392,-0.04628439660070334,0.008414786139251316,-0.0008915017467010899,3.855275584183859e-05,0.0016845799028393465,-0.000986877294046207,-0.004106985276600757,0.00043551277082722804,0.00019371992603256331,0.00045846721605829555,-6.279997532182571e-05,0.00024743829055049165,0.0050825668291628705,-0.001090763840547316,0.006892776780593827,-0.004631723155690284,9.722388222329096e-05,0.6464096229012434,-5.494519371725998e-05,0.2710900107174643,nan,nan,nan,nan,nan,nan
466,2.3349999999999724,Standing,0.8890915229728532,0.4461949305239177,1.571517978194664,-2.09372597346551,0.004313808917168691,-0.4117682902288759,-1.4864250222924895,0.9550564408870015,0.023272934917195814,0.025820301740004444,0.01675028644976387,0.027778965823781535,-0.3508926009034284,0.011591130904703774,-0.02194171205670574,-0.39540626548971597,-0.024112822334969464,-2.0986617109369075,0.004485046526167174,-0.4079744562821022,-1.23497993163185,-0.6744029453921225,0.0321979291445421,0.02535021220697172,0.019866863090499887,0.028903378587285936,-0.32931565396587337,-0.014093603788342242,-0.023631918654100848,-0.3951796098182511,0.023650281788920313,-0.024180786191995162,-0.056928406811655174,0.07594528033748746,-0.02405722176828188,-0.0569560401859985,-0.07593168091058004,-0.006650923513812471,0.0048657314808613645,0.0009543361328890008,0.020742243680398818,-7.618911029668486e-05,-0.0002360080542037519,-0.012327191560765637,-0.0031013440868253705,-0.001618323381294979,0.00018676115932328885,-0.00011808888033076267,0.00011922487534795402,-0.0011367803557722927,-0.00013200491855729275,5.132308588670561e-05,5.4171761084655145e-05,1.340617395310665e-05,0.0236086373382527,0.00013153381186962123,-0.0008006402116661905,-0.038258115047235565,-0.008516775788893354,-0.0008028497190256861,4.448919690553651e-05,0.002435403118740641,-0.0011685417867874771,-0.0034022963521176453,0.00033579364716981755,0.00018165559978993253,0.0003622328688666211,-3.14952782377744e-05,0.0024175439594360825,-0.008934475442192301,0.0014651528473417436,0.007756115254096664,0.0021992959885857337,0.0017258570622502051,0.6463900459453886,-5.4948739446757904e-05,0.27110791235078835,nan,nan,nan,nan,nan,nan
467,2.3399999999999723,Standing,0.8890559851504249,0.44621931368207396,1.5715223638141795,-2.0936178117927495,0.0043134088076131494,-0.41176963093342117,-1.4864954713556033,0.9550534207993997,0.023264820271602694,0.025821186519745635,0.016749231789193436,0.027779450104177365,-0.35089906938988324,0.01159037557857662,-0.021941413727230474,-0.39540595650344285,-0.02411274601936347,-2.098548074708149,0.004485593711747864,-0.4079777305496917,-1.2351352868202545,-0.6744941876178299,0.03219442973560779,0.025350420772433217,0.01988032187390305,0.028897348678862317,-0.32932949854609345,-0.014092329797238663,-0.023631054697073942,-0.3951782725105437,0.02365027679373347,-0.024154690210457033,-0.056968828604513425,0.07594951538315346,-0.024020832931174532,-0.05695023509029719,-0.07592457553425713,-0.007107564485662172,0.00487663163125321,0.0008771239031306546,0.021632334552108334,-8.002191110841399e-05,-0.00026814090905022116,-0.014089812622763691,-0.0006040175203564516,-0.0016229291186238518,0.00017695594823835032,-0.00021093211408713635,9.685607916591862e-05,-0.0012936972909753887,-0.00015106522543073097,5.9665895052831444e-05,6.179725462236531e-05,1.526312119909892e-05,0.022727245751687244,0.00010943711613802009,-0.0006548535179032935,-0.031071037680912225,-0.01824844514146383,-0.0006998817868627871,4.171309229924085e-05,0.002691756680632564,-0.0012059816847236318,-0.0027689160440110706,0.00025479822071587123,0.0001727914053808561,0.0002674615414848326,-9.99037368890058e-07,0.00521919630762544,-0.008084358571649871,0.000847009133199881,0.007277767421469549,0.0011610191402625955,0.0014210752645834746,0.6463669890516639,-5.495290794438694e-05,0.2711260208512403,nan,nan,nan,nan,nan,nan
468,2.344999999999972,Standing,0.889019509169803,0.44624316787251866,1.5715264141366718,-2.093511819594826,0.004313019303869392,-0.4117709895924208,-1.4865663031774903,0.9550654780892576,0.0232568268447529,0.025822030543133603,0.01674784183027954,0.02777983600242295,-0.35090563081364556,0.011589607066766601,-0.021941117248992767,-0.3954056425744743,-0.02411266860594425,-2.0984401556644436,0.004485998947429723,-0.4079800839494702,-1.235249389333646,-0.6746233412491255,0.03219148620168432,0.02535062334431008,0.019890443673158325,0.028892489803644946,-0.3293397671354112,-0.014091409946368424,-0.023630295974174438,-0.3951773747089071,0.023650395853102316,-0.02411802845917418,-0.05696513892884558,0.07594295677611397,-0.023991339144134746,-0.05696850425891861,-0.07592382582575413,-0.007295196124380813,0.0047708380889418,0.0008100644984438168,0.02119843958465442,-7.790074875152752e-05,-0.00027173179992901413,-0.014166364377392299,0.002411457971562916,-0.0015986853699587735,0.00016880467759369653,-0.0002779917827791694,7.717964911660808e-05,-0.0013122847524687149,-0.0001537023620041029,5.92956475412088e-05,6.278579370690225e-05,1.5482683843978933e-05,0.021583808741062256,8.104713637167303e-05,-0.00047067995570429673,-0.02282050267828293,-0.025830726259121795,-0.0005887067846936417,4.051437537286262e-05,0.0020243598510552795,-0.0009717750434740063,-0.002053717863552796,0.00018397017404774284,0.00015174457990097873,0.0001795603273215833,2.3811873769518785e-05,0.007332350256570501,0.0007379351335683564,-0.0013117214078989417,0.005898757407957126,-0.0036538337242847502,0.0001499417006011756,0.646341526580651,-5.4956878655211964e-05,0.27114385070523545,nan,nan,nan,nan,nan,nan
469,2.349999999999972,Standing,0.8889829068051678,0.44626621482671264,1.571530052025155,-2.0934075442519204,0.004312630551600306,-0.41177236725927635,-1.4866387212007277,0.9550873394423646,0.023248973203345905,0.025822836047924305,0.01674618051296152,0.027780135240050755,-0.350912324281361,0.011588820944154962,-0.0219408123382591,-0.3954053222756826,-0.024112589625078965,-2.0983406605384687,0.004486253856077323,-0.4079813461735095,-1.2353153745453282,-0.6747654204662233,0.0321891858433418,0.02535081815904121,0.01989496831043643,0.02888948176850762,-0.32934592161196996,-0.014090855272957378,-0.02362971100355072,-0.39517688096253395,0.023650608347926712,-0.024078217872205862,-0.05694615293166849,0.07593274598409337,-0.023963457709398107,-0.05697585827426843,-0.0759209513538512,-0.0073204729270517745,0.004609390838789639,0.0007275776966139,0.02085506858117466,-7.775045381712985e-05,-0.00027553337110323913,-0.014483604647485788,0.004372270621405529,-0.0015707282813993007,0.00016110095814029788,-0.0003322634636038763,5.984752556073424e-05,-0.0013386935430799915,-0.00015722452232761651,6.0982146734046124e-05,6.405975834661882e-05,1.5796173057198664e-05,0.01989902519502891,5.098172951989719e-05,-0.00025244480786145785,-0.013197042336424613,-0.02841584341956697,-0.00046007166850318417,3.8962946226312464e-05,0.0009049274556211509,-0.0006016070274652387,-0.0012308953117546925,0.000110934682209233,0.00011699412474340454,9.874927463139411e-05,4.2498964878924194e-05,0.007962117393663645,0.0037971994354185573,-0.002042158404120675,0.005576286947327773,-0.0014708030699640143,0.0005748943805860516,0.6463146647955645,-5.496019631072539e-05,0.2711609055403329,nan,nan,nan,nan,nan,nan
470,2.354999999999972,Standing,0.8889461858108899,0.446288534415298,1.5715331394859093,-2.0933014704132304,0.00431222546414261,-0.4117738350374926,-1.48671781360263,0.9551131140019004,0.02324126460740979,0.025823593053263347,0.016744268044780592,0.027780355507278382,-0.3509195194890181,0.011587973572294631,-0.021940468332224298,-0.3954049777973755,-0.0241125046863603,-2.098248499225542,0.004486404832697729,-0.407981685398671,-1.235345143917689,-0.6748308532289928,0.03218759666667792,0.025350933805297016,0.0198971421062724,0.028887374392975056,-0.3293489239072894,-0.01409061511957914,-0.02362926669040614,-0.39517667435581844,0.02365085897479372,-0.024042994627442395,-0.056952994158674414,0.07592860947811614,-0.0239372114628939,-0.056970279110636575,-0.07591552360869334,-0.007344198855585253,0.0044639177170719396,0.0006174921508812206,0.02121476773800163,-8.101749153923237e-05,-0.00029355564324934705,-0.01581848038043831,0.005154911907150332,-0.0015417191872228295,0.0001514010678083564,-0.00038249363618530417,4.405344552571084e-05,-0.001439041531420476,-0.00016947437206622028,6.88012069600202e-05,6.889566142050568e-05,1.698774373293095e-05,0.018432262585277866,3.0195324081188333e-05,-6.784503229893482e-05,-0.005953874472154276,-0.013086552553888653,-0.00031783533277608857,2.3129251160759682e-05,0.0004347591671944688,-0.00042147510651299985,-0.0006004590638931959,4.8030675647371194e-05,8.886262891534594e-05,4.132134310646206e-05,5.0125373401995954e-05,0.007044648952693211,-0.0013682454011846382,-0.0008273011954472011,0.005249249300841036,0.001115832726370728,0.0010855490315705382,0.646287110057848,-5.496324498983828e-05,0.27117689338925394,nan,nan,nan,nan,nan,nan
471,2.359999999999972,Standing,0.8889095503690441,0.44631011112431007,1.5715357252099627,-2.093195150419179,0.004311816669805511,-0.41177536421124844,-1.4868013933680995,0.955143424306271,0.02323377927109586,0.025824296846927424,0.01674216088999124,0.02778050443054555,-0.3509270550666099,0.011587084276408295,-0.021940097324897778,-0.3954046166372934,-0.024112415699644736,-2.0981613890728603,0.004486496037468928,-0.4079814104605297,-1.2353492014196004,-0.6747951644814769,0.0321865882443911,0.02535098310825073,0.019899383164806134,0.028885464637108962,-0.32934961016717107,-0.014090640605215955,-0.023628968213986457,-0.3951765768111996,0.02365106015541381,-0.02401229866074093,-0.056973808374960265,0.07592806923250192,-0.02391740562775945,-0.0569844788285609,-0.07591544525368274,-0.007327088369173803,0.00431534180241866,0.0005171448106765516,0.021263998810250387,-8.175886741987602e-05,-0.00030583475116745327,-0.016715953093892375,0.006062060874112556,-0.0014970672627855881,0.00014075873281542062,-0.0004214309578703537,2.978465343381147e-05,-0.0015071155183656027,-0.00017785917726739314,7.420146530392067e-05,7.223201640796183e-05,1.779734311240542e-05,0.017422030536400866,1.824095423974774e-05,5.498762825646009e-05,-0.0008115003822678438,0.007137749503175849,-0.0002016844573642751,9.86059074226535e-06,0.0004482117067468102,-0.0003819511732184773,-0.00013725197632546987,-5.097127362886915e-06,5.9695283936621173e-05,1.9508923763126817e-05,4.0236124017062806e-05,0.006139193340292984,-0.004162843257170337,-0.00010804912284262456,0.0039611670268896145,-0.0028399435848650498,1.5671002119770376e-05,0.6462591284459617,-5.4966333769418186e-05,0.2711919181691651,nan,nan,nan,nan,nan,nan
472,2.364999999999972,Standing,0.8888741878905695,0.4463303277183673,1.5715381477213675,-2.0930950899617575,0.004311431723190997,-0.4117768339668898,-1.486881387676047,0.9551813910715877,0.023226665736639517,0.0258249504394381,0.016739960105509568,0.027780592735426345,-0.35093430320074986,0.011586227663530627,-0.021939744291758465,-0.3954042688427517,-0.024112330105686672,-2.0980828753523757,0.004486551664626753,-0.40798072311428296,-1.2353258273710503,-0.6747000471426754,0.03218600117812477,0.025351039043764623,0.01990336781553197,0.028883287940695845,-0.3293478538605349,-0.014090983304879437,-0.02362887577422971,-0.3951764887264949,0.023651159667872537,-0.02398225650207481,-0.05697372229915775,0.07592330235905173,-0.023897554990102373,-0.0569762470257651,-0.07591045670432861,-0.007072495694916757,0.00404331881144496,0.0004845022809701273,0.020012091484304627,-7.69893229029006e-05,-0.0002939511282698898,-0.015998861589474313,0.007593353063339908,-0.0014227068912685535,0.00013071850213525492,-0.0004401568963340488,1.766097615864143e-05,-0.0014496268279826276,-0.0001713225755336186,7.06066278622359e-05,6.955890834151825e-05,1.7118791612585108e-05,0.015702744096891347,1.1125431564986175e-05,0.00013746924935062016,0.004674809709990731,0.019023467760296554,-0.00011741325326580458,1.118710277892856e-05,0.0007969301451674956,-0.0004353392826235784,0.0003512613272344607,-6.853993269633342e-05,1.8487951349533047e-05,1.7616940940852495e-05,1.990249174540635e-05,0.006008431733223629,1.721516050335898e-05,-0.000953374690038392,0.003970127531415763,0.0016463605591599956,0.0009977098708264477,0.6462309925712458,-5.4969177079781504e-05,0.27120603206766053,nan,nan,nan,nan,nan,nan
473,2.3699999999999717,Standing,0.888839811205891,0.44634952154928254,1.5715402327467762,-2.092998519623795,0.004311060404828135,-0.4117782805693051,-1.4869607468103365,0.9552235328432224,0.02321997155321038,0.02582554417459522,0.016737688411378817,0.02778062798820394,-0.3509414622958226,0.011585380373513154,-0.021939390295146854,-0.3954039251571009,-0.024112245547989453,-2.0980087849918507,0.004486581701296723,-0.407979854866402,-1.2352801457847777,-0.6746168383953208,0.03218565393511724,0.02535115735796789,0.019909939512212923,0.028880602027268606,-0.3293440343831548,-0.014091618926340267,-0.0236289686230108,-0.39517638220820267,0.02365115468967235,-0.02395514650457935,-0.05697047947738916,0.07591836110129589,-0.023885558395595495,-0.05699883746234521,-0.07591348011245744,-0.006875336935697411,0.0038387661830556353,0.0004170050817491117,0.019314067592568623,-7.426367257239531e-05,-0.00028932048306063433,-0.015871826857928442,0.008428354326932005,-0.001338836685827744,0.00011874703142392976,-0.00045433882615053724,7.050555519473313e-06,-0.0014318190145520548,-0.0001694580034945954,7.079932232209567e-05,6.873713016548801e-05,1.691153944356761e-05,0.014818072104968426,6.007333993905518e-06,0.0001736495761924798,0.009136317254520854,0.016641749470917618,-6.94486015056931e-05,2.366284065346589e-05,0.0013143393361903987,-0.0005371826854476256,0.0007638954760173254,-0.00012712429216595953,-1.8569756218280905e-05,2.1303658445468843e-05,-9.956400372132004e-07,0.005421999499091995,0.0006485643537175921,-0.0009882515511667033,0.0023993189013757415,-0.004518087316021979,-0.0006046816257654704,0.6462034835178379,-5.4971762664223576e-05,0.27121883930674956,nan,nan,nan,nan,nan,nan
474,2.3749999999999716,Standing,0.8888072719086895,0.4463672566577179,1.5715421903199447,-2.092906488666463,0.004310698136044517,-0.4117796967312355,-1.4870389454023971,0.9552669171694689,0.023213666035929073,0.025826085871739457,0.016735382005673222,0.027780618411274518,-0.3509484870427892,0.011584548023556367,-0.021939039117652114,-0.39540358798716413,-0.024112162569816173,-2.097945499845907,0.004486581430930478,-0.4079787024780225,-1.2352061362336404,-0.6745631351206711,0.03218560136193896,0.025351335190821733,0.019919356842233393,0.028877337874850712,-0.32933773924718096,-0.014092600914059412,-0.02362924847484255,-0.3951763606963995,0.023651104863473826,-0.023933695951781738,-0.0569837706674117,0.07591772531747307,-0.02386991303592245,-0.056947342024089215,-0.0758996701677031,-0.006507859440303952,0.003547021687076733,0.0003915146336965736,0.018406191466333276,-7.245375672363377e-05,-0.00028323238607783963,-0.015639718412097697,0.008676865249298713,-0.0012611034562611365,0.00010833942884764031,-0.0004612811411189158,-1.9153858843402603e-06,-0.0014049493933132944,-0.00016646999135747466,7.023549894839107e-05,6.743398735373343e-05,1.6595634656017572e-05,0.01265702918874479,-5.4073249075122386e-08,0.00023047767589503602,0.01480191022746845,0.010740654929940535,-1.0514635656206113e-05,3.5566570768504784e-05,0.0018834660040939442,-0.0006528304835787293,0.001259027194761766,-0.00019639754382903227,-5.597036634999356e-05,4.3023606349197344e-06,-9.965239704962746e-06,0.004290110559522495,-0.002658238004507401,-0.0001271567645650221,0.003129071934609402,0.01029908765119798,0.002761988950867055,0.6461765313107107,-5.497389841894728e-05,0.27123063674752246,nan,nan,nan,nan,nan,nan
475,2.3799999999999715,Standing,0.8887747165000903,0.44638479162551886,1.571543458429053,-2.092815653536457,0.004310358325364474,-0.41178109378293215,-1.487117059642546,0.9553147992322981,0.02320778234049834,0.025826567415177252,0.01673306124490113,0.027780567419679297,-0.3509554588230301,0.011583720914938825,-0.02193868133785996,-0.395403252591658,-0.024112080184931616,-2.09787454209116,0.004486547946484855,-0.40797764214944543,-1.2351342404637145,-0.6745469170017863,0.03218566222596735,0.025351519200620686,0.01993120185737253,0.028873545850699404,-0.32933135258183527,-0.01409364227838959,-0.023629516544039556,-0.39517638830889446,0.02365102972358861,-0.023913158942519594,-0.056978570284726374,0.07591340558367285,-0.023929743850301666,-0.05709647289446187,-0.07594200250773481,-0.006511081719832453,0.0035069935601857406,0.0002536218216611114,0.018167026001233696,-6.796213600842745e-05,-0.0002794103393323623,-0.015622848029790528,0.009576412565844399,-0.0011767390861463546,9.630868755902581e-05,-0.00046415215441818317,-1.0198319044048562e-05,-0.0013943560481843782,-0.00016542172350826414,7.155595843073826e-05,6.707910122849684e-05,1.6476976911365526e-05,0.014191550949452954,-6.696889124570101e-06,0.0002120657154156224,0.0143791539851751,0.00324362377698046,1.2172805678505981e-05,3.680195979056864e-05,0.00236900302782754,-0.000758404830261339,0.001277333069135221,-0.00020827286603561596,-5.3613839401288105e-05,-5.522498988297185e-06,-1.502797704352429e-05,0.004107401852428911,0.0010400765370644051,-0.0008639467600435423,-0.011966162875843258,-0.029826174074531166,-0.008466468006341009,0.6461506931078598,-5.497636671570269e-05,0.27124116419655353,nan,nan,nan,nan,nan,nan
476,2.3849999999999714,Standing,0.8887466110947971,0.44639936913691963,1.571545377597309,-2.092737738564521,0.004310041391532075,-0.4117823360534281,-1.4871853312153012,0.9553629703737152,0.023202362071270622,0.025827013693299736,0.01673082077001176,0.027780489508596767,-0.3509616239722155,0.011582988838660784,-0.021938377745916202,-0.39540295593090846,-0.024112007358545785,-2.097833130181245,0.004486473935181141,-0.40797595348086907,-1.2350158546633916,-0.6745576819977834,0.0321861866042401,0.025351748289649402,0.019944978449171164,0.02886944573009481,-0.3293212421528948,-0.014095157327737275,-0.02363002341568256,-0.39517669556810286,0.02365101498521031,-0.023897637490169498,-0.05699002334837835,0.07591333420862917,-0.024036954794617132,-0.05686806593779155,-0.07590909706790101,-0.005621081058639346,0.002915502280155951,0.00038383365115439254,0.01558299438712098,-6.338676647990071e-05,-0.00024845409919615666,-0.013654314551018308,0.009634228283417744,-0.0010840538455438996,8.925562449663672e-05,-0.0004480949778746248,-1.5582216505687372e-05,-0.0012330298370744615,-0.00014641525560808835,6.0718388751760794e-05,5.933214990030091e-05,1.4565277166138707e-05,0.008282381983006674,-1.4802260742738756e-05,0.0003377337152727925,0.02367716006455882,-0.002152999199443839,0.00010487565455030424,4.581780574310055e-05,0.002755318359726619,-0.0008200241209187709,0.0020220857880857888,-0.00030300986953712093,-0.00010137432860069426,-6.145184168085815e-05,-2.947675659939853e-06,0.003104290470019364,-0.002290612730395346,-1.4275008735397288e-05,-0.021442188863093417,0.04568139133406442,0.00658108796675747,0.6461249729974027,-5.497708031362086e-05,0.27125145172416704,nan,nan,nan,nan,nan,nan
477,2.3899999999999713,Standing,0.8887191691383357,0.44641343203877326,1.571546546492385,-2.092663229068767,0.004309760079883384,-0.411783504661025,-1.4872505250766006,0.9554150602743249,0.023197461507166426,0.025827399608641215,0.0167286505046468,0.027780383985644665,-0.3509674749566968,0.011582293229654976,-0.021938081160327215,-0.3954026742813393,-0.024111938218788324,-2.0977832305440267,0.004486359803335496,-0.4079743833575156,-1.2349085397487927,-0.6745955756989355,0.03218682717561342,0.02535194168444104,0.01995998861254743,0.02886512377324391,-0.32931176720767386,-0.014096622292572846,-0.023630438948418465,-0.39517708895169923,0.023651013713130307,-0.02388177529708713,-0.056975869823262325,0.07590788774103188,-0.02412515727725677,-0.05687753614481083,-0.07592532850400391,-0.005488391292286907,0.0028125803707286716,0.00023377901519095078,0.014901899150863492,-5.6262329738154666e-05,-0.00023372151936605415,-0.013038772259892391,0.010417980121938453,-0.0009801128208391146,7.718306829534949e-05,-0.0004340530729915626,-2.1104590420304586e-05,-0.0011701968962614228,-0.00013912180116145385,5.931711779761679e-05,5.632991383860296e-05,1.382795149211983e-05,0.009979927443626486,-2.2826369129082215e-05,0.0003140246706924332,0.02146298291978345,-0.0075787402304083205,0.00012811427466357357,3.867895832757682e-05,0.0030020326752534,-0.0008643913701802264,0.0018949890441943564,-0.0002929929671142071,-8.310654718107385e-05,-7.867671927668779e-05,-2.5441600079255567e-07,0.0031724386164734574,0.0028307050232041116,-0.0010892935194583156,-0.017640496527928044,-0.001894041403856149,-0.0032462872205796488,0.6461019489793834,-5.497958841265112e-05,0.27125948267989525,nan,nan,nan,nan,nan,nan
478,2.394999999999971,Standing,0.8886920478768471,0.4464272992734663,1.5715471179677494,-2.09258421391025,0.004309457008398061,-0.4117847775026627,-1.4873236506394933,0.9554606145471105,0.02319286543063345,0.02582772674112019,0.016726468561556088,0.02778025387182123,-0.3509738746594818,0.01158153220957848,-0.021937734872633854,-0.3954023670192564,-0.024111862564967675,-2.0977328390204057,0.004486228864836579,-0.40797277321934167,-1.2348027483486472,-0.6746361937638792,0.0321876301953531,0.02535209592751522,0.019975223258597567,0.028860861647401186,-0.32930236105006416,-0.01409808291702104,-0.023630820152049682,-0.3951776048824014,0.023651046208816237,-0.02387920975619505,-0.05702254754352072,0.07591719021981685,-0.02417352301056497,-0.056963029439334664,-0.0759518495668645,-0.005424252297721376,0.002773446938613087,0.00011429507288510017,0.015803031703396087,-6.061429706460188e-05,-0.000254568327538591,-0.014625112578535236,0.00911085455712918,-0.0009192153065952725,6.542649579446419e-05,-0.00043638861814292856,-2.602276468685592e-05,-0.0012799405570065095,-0.0001522040152991173,6.925753867202615e-05,6.145241658142996e-05,1.5130764129482156e-05,0.010078304724173778,-2.618769978340753e-05,0.0003220276347934205,0.02115828002908034,-0.008123612988732012,0.00016060394793553881,3.084861483551238e-05,0.0030469292100274293,-0.0008524251685444878,0.0018812315219422409,-0.00029212488963879357,-7.624072624349839e-05,-0.00010318614042898247,6.499137185839972e-06,0.0005131081784162644,-0.00933554405167926,0.0018604957569956036,-0.009673146661640028,-0.01709865890476764,-0.005304212572119088,0.6460796757280426,-5.4980471369113486e-05,0.27126714216093606,nan,nan,nan,nan,nan,nan
479,2.399999999999971,Standing,0.8886699746698974,0.4464379390024226,1.5715485077838434,-2.0925364611366364,0.004309299899137601,-0.4117854669546763,-1.4873589786515269,0.9555293603532995,0.023188899998245607,0.025828067044993026,0.01672464826713198,0.027780118116565052,-0.35097732254808267,0.011581120524615844,-0.021937595209147235,-0.39540219991727116,-0.024111821865712462,-2.097697887774732,0.004486049810368579,-0.4079709723167157,-1.2346860416454115,-0.6746761396126159,0.03218863983091814,0.02535223464220704,0.019990331439444755,0.028856768194615322,-0.32929210750178883,-0.01409964016167527,-0.023631256920489032,-0.3951782519874087,0.02365111236061906,-0.023889522781957863,-0.05687494181032308,0.07588811518178852,-0.024175865107795673,-0.05698227962423599,-0.07595644500631353,-0.0044146413899394865,0.0021279457912603077,0.00027796321878526117,0.009550554722731176,-3.1421852091906693e-05,-0.00013789040273452747,-0.0070656024067146835,0.013749161237793267,-0.0007930864775685558,6.80607745679411e-05,-0.0003640588848213592,-2.7151051235432e-05,-0.000689577720171097,-8.233699252729832e-05,2.793269732364552e-05,3.3420397046742315e-05,8.139851042637571e-06,0.006990249134697885,-3.5810893599893914e-05,0.00036018052519782055,0.02334134064715824,-0.00798916974733396,0.00020192711300795366,2.7742938363627083e-05,0.0030216361694374557,-0.000818690557172735,0.0020507096550616485,-0.0003114489308459015,-8.73536878696649e-05,-0.00012942100145766256,1.3230360564973532e-05,-0.0020626051525625545,0.02952114663952883,-0.005815007605667228,-0.00046841944614056316,-0.00385003698026567,-0.0009190878898062121,0.6460578491898492,-5.498146027936867e-05,0.27127470130133385,nan,nan,nan,nan,nan,nan
480,2.404999999999971,Standing,0.8886453349917633,0.4464503850896768,1.5715483326906194,-2.0924491181362597,0.004308928207527147,-0.4117869689541038,-1.4874495691420964,0.9555530568237034,0.023185156074897583,0.025828250548797744,0.016722491674232464,0.027779957318149084,-0.35098489274574424,0.011580220249066525,-0.021937139479677563,-0.3954018373852357,-0.024111732308248552,-2.0976617882680886,0.004485912459153449,-0.4079691082356516,-1.2345677261990171,-0.6747166843799601,0.032189773392018284,0.025352354563533387,0.020004910801787103,0.02885293108665365,-0.32928170417143454,-0.01410120355099499,-0.02363169733376125,-0.39517895930456404,0.023651189090067817,-0.02405485736190548,-0.05707179385144204,0.0759551510099267,-0.024151865054208212,-0.05694339638231334,-0.07594405495690887,-0.0049279356268093774,0.002489217450839099,-3.501864478827149e-05,0.01746860007534418,-7.43383220909198e-05,-0.00030039988550102886,-0.0181180981138871,0.004739294080780287,-0.0007487846696045797,3.670076094324528e-05,-0.0004313185799034559,-3.215968319388558e-05,-0.0015140395323163685,-0.000180055109863743,9.114589393431134e-05,7.250640709230582e-05,1.791149278199889e-05,0.007219901328719168,-2.7470243026163456e-05,0.00037281621282256506,0.02366308927888577,-0.008108953468864375,0.00022671222002856414,2.3984265269391362e-05,0.0029158724684695183,-0.000767421592334052,0.0020806660708577495,-0.0003126778639439238,-8.808265444406603e-05,-0.00014146343106615614,1.534588975146624e-05,-0.03306691598952317,-0.039370408223792175,0.013407165627636587,0.00480001071749219,0.0077766483845304185,0.0024780098809315883,0.646039211408981,-5.49815324189637e-05,0.2712800239218783,nan,nan,nan,nan,nan,nan
481,2.409999999999971,Standing,0.888625682571029,0.44645972675378703,1.571549197791983,-2.0924004258682207,0.004308763071894227,-0.411787739345989,-1.4874908610291613,0.9556118572007598,0.02318157371144944,0.025828523712391176,0.016720737022093063,0.027779792960244284,-0.3509887528663711,0.011579759495363925,-0.021936962524427644,-0.3954016508559524,-0.02411168671412104,-2.097636051151534,0.0044857193847805486,-0.407967220983877,-1.2344490652362197,-0.6747563600833536,0.032190998602492304,0.0253524581762291,0.0200187031751739,0.028849407907426614,-0.32927127180955623,-0.01410275444054979,-0.023632157011030948,-0.39517970518962164,0.02365126916615451,-0.024147691270841765,-0.05700482401284134,0.07595586672244113,-0.024117901396181484,-0.05691953777273651,-0.07593337239296945,-0.003930484146859351,0.0018683328220401676,0.00017302027271037958,0.009738453607770692,-3.3027126583982514e-05,-0.00015407837703125483,-0.008258377412986535,0.011760075411273246,-0.00071647268962849,5.463271868667893e-05,-0.0003509304278804158,-3.287158096032251e-05,-0.0007720241253679749,-9.21507405200139e-05,3.539104998343929e-05,3.7305856655536834e-05,9.118825502307997e-06,0.00514742331089534,-3.8614874580088465e-05,0.0003774503549207639,0.023732192559501587,-0.007935140678683271,0.00024504209480358675,2.0722539142498867e-05,0.002758474677359259,-0.0007046358454076205,0.0020864723756615793,-0.0003101779109598223,-9.193545393941188e-05,-0.00014917701151992356,1.6015217338345663e-05,-0.0185667817872572,0.01339396772013951,0.00014314250288599735,0.006792731605345344,0.004771721915365765,0.0021365127878837484,0.6460195106426431,-5.498508117494439e-05,0.27128666538066804,nan,nan,nan,nan,nan,nan
482,2.4149999999999707,Standing,0.8886086287873753,0.44646751347553026,1.571549980920736,-2.0923629499916205,0.004308646633971147,-0.41178828137545676,-1.487519429278651,0.9556748633976471,0.023178784839086586,0.02582873751562679,0.016719199075682648,0.027779630884839195,-0.35099149325007806,0.011579431086205435,-0.021936844542480384,-0.39540151815639035,-0.02411165435120042,-2.0976135648160907,0.004485516585387901,-0.40796542047956674,-1.2343381480253577,-0.6747889874071922,0.03219224736776597,0.025352535660542005,0.02003164197062795,0.02884618734763055,-0.32926145935705237,-0.014104214826921157,-0.023632590981471236,-0.39518043959147203,0.023651339480708286,-0.024177003824801906,-0.05689958671452141,0.07593860009562094,-0.024086602312549204,-0.05694050243139243,-0.07593295360663639,-0.0034107567307368955,0.001557344348643509,0.0001566257506023088,0.007495175320017081,-2.328758461611332e-05,-0.00010840589355610646,-0.005713649897955154,0.012601239377463191,-0.0005577744725709525,4.276064712219845e-05,-0.00030758928208288877,-3.241508101823645e-05,-0.0005480767413863787,-6.568183169803008e-05,2.3596389452436543e-05,2.6539912412126428e-05,6.472584123929705e-06,0.004497267088671996,-4.055987852958274e-05,0.00036010086205051205,0.022183442172399752,-0.006525464767709346,0.00024975305473386416,1.549686258122493e-05,0.0025877590908101543,-0.0006441119592124431,0.001962490500775318,-0.0002920772742732862,-8.67940880578239e-05,-0.0001468803700751229,1.4062910755262878e-05,-0.005862510792028338,0.021047459663986398,-0.003453325364038534,0.0062598167264560816,-0.004192931731183841,8.375726661209813e-05,0.6460028821321063,-5.4986283056457944e-05,0.2712912371088695,nan,nan,nan,nan,nan,nan
483,2.4199999999999706,Standing,0.8885924759582448,0.44647488154250614,1.571550223569426,-2.092320315242714,0.004308496411613304,-0.411788906336614,-1.4875562409689558,0.9557264612815148,0.023176097141783522,0.025828930476826672,0.01671773709001713,0.02777946850609008,-0.35099473879500737,0.011579042739433658,-0.021936670726236392,-0.3954013620705418,-0.024111615977469462,-2.097592664493557,0.004485332083676568,-0.40796372931920133,-1.2342348579507727,-0.6748158683512474,0.0321934833292936,0.025352595309404927,0.02004372082667619,0.028843256092143794,-0.3292522946640944,-0.014105581271185285,-0.02363300440800192,-0.39518114344557087,0.023651396068031752,-0.024180189861973306,-0.05689000686055012,0.07593710864020473,-0.02405507053282462,-0.056967950023574396,-0.07593391252349739,-0.003230565826118874,0.0014736133951778498,4.852973802292589e-05,0.008526949781294467,-3.0044471568425455e-05,-0.00012499223145584148,-0.007362338060951011,0.010319576773550835,-0.0005375394606130039,3.859223997661049e-05,-0.0002923971331040562,-3.2475749822889004e-05,-0.0006491089858597377,-7.766935435529797e-05,3.476324879848741e-05,3.1217169716793526e-05,7.67474619120581e-06,0.004180064506708709,-3.690034226650045e-05,0.00033823207308700243,0.02065801491698873,-0.005376188811045159,0.00024719230552650647,1.192977258450825e-05,0.0024157712096481744,-0.000586251097351641,0.001832938591593771,-0.00027328885282567076,-8.268530613675342e-05,-0.0001407708197664757,1.1317464692927767e-05,-0.0006372074342803433,0.001915970794259026,-0.00029829108324213455,0.006306355944916819,-0.005489518436392154,-0.00019178337219964833,0.6459882453579404,-5.498648473226026e-05,0.2712948189639368,nan,nan,nan,nan,nan,nan
484,2.4249999999999705,Standing,0.8885774460752893,0.44648170688080197,1.5715502109848793,-2.0922761690349025,0.00430833462322976,-0.4117895789803085,-1.4875967637266938,0.9557711793198183,0.0231735768086767,0.02582909680451203,0.01671635838801093,0.027779305183317258,-0.3509982229437104,0.01157862625625741,-0.021936472966934475,-0.39540119484731345,-0.024111574769008635,-2.097575547843835,0.004485164810584492,-0.40796213752714877,-1.2341370198874724,-0.6748395607066515,0.032194694620376184,0.02535264590117337,0.020055046934324285,0.028840573520265617,-0.3292436282135684,-0.01410687350024992,-0.02363341314650159,-0.3951818138818387,0.023651440799978808,-0.024170917560385363,-0.05694225428400156,0.07594651089405957,-0.02402082750948511,-0.05696560755982134,-0.07592789395879312,-0.003005976591094623,0.0013650676591694803,-2.5169093642076748e-06,0.008829241562292296,-3.235767670881822e-05,-0.00013452873889084475,-0.008104551547604722,0.008943607660675434,-0.0005040666213643748,3.326553707122942e-05,-0.0002757404012398006,-3.2664554564922735e-05,-0.0006968297406125097,-8.329663524973129e-05,3.955186038310586e-05,3.344464566102475e-05,8.241692165531947e-06,0.003423329944418064,-3.34546184153089e-05,0.0003183584105089243,0.019567612660067037,-0.004738471080824872,0.00024225821651583559,1.0118353688236553e-05,0.0022652215296186007,-0.0005365143756355095,0.00173329010520118,-0.0002584458129269437,-8.174769993403169e-05,-0.00013408725356792332,8.946389411160182e-06,0.0018544603175884057,-0.010449484690288651,0.0018804507709688691,0.006848604667901849,0.0004684927506124377,0.001203712940854156,0.6459745986223443,-5.498706204067588e-05,0.2712982285307945,nan,nan,nan,nan,nan,nan
485,2.4299999999999704,Standing,0.8885642297858294,0.4464875401376015,1.5715502435071464,-2.092239289808827,0.004308209448088667,-0.4117901303365162,-1.4876292599893335,0.9558184980659045,0.023171376466877874,0.025829242941260454,0.016715134859297695,0.027779144581357548,-0.35100106924944285,0.011578285474842985,-0.02193631801897664,-0.3954010578446614,-0.02411154110995036,-2.0975621379297142,0.004485005586923115,-0.4079606920556823,-1.234047307462699,-0.6748622668074395,0.03219584823575995,0.025352687331610033,0.020065709398465296,0.028838096490369444,-0.32923566945483096,-0.01410806880333624,-0.0236338028270503,-0.39518243743598935,0.023651473304339754,-0.024145360965784263,-0.05697473679156725,0.07594923236980221,-0.023988301590829587,-0.05695874508470413,-0.07592117139790876,-0.0026432578919844867,0.0011666513599033277,6.504453432375962e-06,0.007375845215151813,-2.5035028218599695e-05,-0.00011027124154165766,-0.006499252527928351,0.009463749217232876,-0.00044006835976489014,2.9227349684942613e-05,-0.00024470574264695945,-3.212039194231552e-05,-0.0005692611464837837,-6.815628288494201e-05,3.098959156716349e-05,2.7400530413058353e-05,6.731811654970525e-06,0.0026819828242003246,-3.184473227518182e-05,0.00028909429329800616,0.01794248495465839,-0.004541220157596821,0.00023072307675351645,8.286087332747277e-06,0.002132492828202204,-0.0004954059792345872,0.0015917517474882935,-0.0002390606172638772,-7.793610974121401e-05,-0.0001247108301332888,6.5008721890281805e-06,0.005111318920220274,-0.006496501513136815,0.0005442951485271454,0.00650518373110453,0.0013724950234410569,0.0013445121768729533,0.6459619600822843,-5.498810277249717e-05,0.271301409679623,nan,nan,nan,nan,nan,nan
486,2.4349999999999703,Standing,0.8885529834600363,0.4464922677599048,1.5715503482656525,-2.0922119003560766,0.004308130946506604,-0.4117905041628612,-1.4876506087847856,0.9558704967879759,0.023169621537846095,0.025829363638018746,0.0167140985636214,0.027778991133408006,-0.3510030092043268,0.01157805213630663,-0.021936220765790507,-0.3954009638299408,-0.024111518172518356,-2.09755118401465,0.004484855134905343,-0.40795944459961037,-1.2339692690266644,-0.6748834174106897,0.032196909242640355,0.025352715610539978,0.02007575219108421,0.028835792650775547,-0.3292287060912072,-0.014109134343708935,-0.023634151453515093,-0.3951830011303065,0.02365149413680161,-0.02410943723053385,-0.056961488466884945,0.07594080131389884,-0.023962394064343282,-0.05697412193532825,-0.07592039095697756,-0.002249265158619276,0.0009455244606611755,2.0951701200032842e-05,0.005477890550026759,-1.5700316412568207e-05,-7.476526900470697e-05,-0.004269759090443002,0.010399744414279332,-0.0003509858063556859,2.413935165862171e-05,-0.00020725913525918574,-3.068958990857654e-05,-0.00038799097679352953,-4.666770727114205e-05,1.9450637226729555e-05,1.8802944126912166e-05,4.587486400944926e-06,0.0021907830128557937,-3.0090403554404457e-05,0.0002494912143824496,0.015607687206905292,-0.00423012065003188,0.00021220137607985505,5.655785988946139e-06,0.0020085585237825856,-0.0004607679187790529,0.0013926727247494694,-0.00021310807453910806,-6.972529295883642e-05,-0.00011273886342852755,4.16649237095916e-06,0.007184747050082816,0.002649664936460694,-0.0016862111806740427,0.005181505297260734,-0.0030753701248228387,0.00015608818624042518,0.64595069828841,-5.4988871475069974e-05,0.2713040693770186,nan,nan,nan,nan,nan,nan
487,2.43999999999997,Standing,0.8885434537169383,0.4464960504771934,1.5715504289769189,-2.0921896338105475,0.004308070844383567,-0.41179078632791194,-1.487666885386798,0.9559216640771485,0.023168291371580385,0.025829449888249725,0.016713215303505866,0.02777884682744948,-0.3510044861613922,0.011577873757816977,-0.02193614620553996,-0.395400892028805,-0.0241115007039842,-2.097543710865936,0.00448472303251699,-0.4079583770734453,-1.2339012789803323,-0.6749029815869876,0.03219787444371631,0.025352734260716013,0.020085215972783652,0.02883364124398783,-0.3292226309593715,-0.014110083507787089,-0.02363446531175104,-0.3951835097804189,0.023651508130806402,-0.024071228720826,-0.056944349001177376,0.07593121036160616,-0.0239379175649262,-0.0569779476307061,-0.0759172949013945,-0.0019059486195864071,0.0007565434577083976,1.6142253253275104e-05,0.0044533091057900945,-1.2020424607364612e-05,-5.643301014403762e-05,-0.003255320402469008,0.01023345783451934,-0.0002660332531423194,1.7250046195969636e-05,-0.0001766520231068981,-2.886119170511204e-05,-0.00029539141307933185,-3.567569793052921e-05,1.4912050109203759e-05,1.4360227147063198e-05,3.4937068314853313e-06,0.0014946297427942332,-2.6420477670641622e-05,0.00021350523301205443,0.013598009266414543,-0.003912835259583496,0.00019304021519109287,3.7300352071374385e-06,0.0018927563398883258,-0.0004302813575431798,0.0012150263671449422,-0.00018983281563093746,-6.277164718933022e-05,-0.00010173002247047117,2.7988009583674294e-06,0.007641701941570006,0.003427893141513624,-0.0019181904585355851,0.004895299883416907,-0.0007651390755703089,0.0006192111166116435,0.6459409358957229,-5.498903965254076e-05,0.2713061404598765,nan,nan,nan,nan,nan,nan
488,2.44499999999997,Standing,0.8885349984035663,0.4464993007845678,1.5715503356414364,-2.09216766834511,0.0043080066518731384,-0.41179107391179814,-1.4876842773874634,0.9559679513672973,0.023167268721738972,0.02582950050785789,0.01671243330462439,0.027778710608809383,-0.3510059887063638,0.01157769253029042,-0.021936060913788562,-0.3954008192458109,-0.02411148292018302,-2.0975380388432847,0.0044846164022811245,-0.4079575140547335,-1.2338448956982544,-0.6749224773295319,0.03219872205975745,0.025352743542207273,0.020094118278849212,0.0288316240839786,-0.3292175672876287,-0.014110902361313743,-0.02363473307411703,-0.395183956479001,0.02365151597189927,-0.02403822728400515,-0.05695773882177702,0.07592879557379555,-0.02391562820496063,-0.05697540395098564,-0.07591316459955007,-0.0016910626744069508,0.0006500614748857144,-1.8667096506277487e-05,0.00439309308753398,-1.2838502085691421e-05,-5.751677723698547e-05,-0.003478400133071594,0.009257458029756478,-0.0002045299682829394,1.012392163268522e-05,-0.000156399776295407,-2.7243728019097274e-05,-0.00030050899432610426,-3.6245505311464576e-05,1.705835027932504e-05,1.4556598825145174e-05,3.556760235478103e-06,0.00113440453018697,-2.132604717314848e-05,0.00017260374235414613,0.01127665641559707,-0.003899148508862688,0.00016952320822784912,1.8562982520395909e-06,0.0017804612131118482,-0.0004034320018466037,0.0010127343485594245,-0.00016377070533065286,-5.355247319801364e-05,-8.933971642962987e-05,1.5682185738551111e-06,0.006600287364169671,-0.0026779641199286257,-0.00048295756212361654,0.004457871993113714,0.0005087359440928921,0.0008260603688872622,0.6459325472669321,-5.498914818840252e-05,0.2713077348389016,nan,nan,nan,nan,nan,nan
489,2.44999999999997,Standing,0.88852753232046,0.4465020657869511,1.5715501395036102,-2.0921479530808527,0.004307952783525194,-0.41179132864415585,-1.4876998038440818,0.9560126347990129,0.023166481470724185,0.025829529290565825,0.01671175891325878,0.027778582595774943,-0.35100731615839426,0.011577532273954538,-0.021935983369465673,-0.3954007548722006,-0.024111467203324015,-2.097532825524046,0.004484533114975361,-0.40795688891087667,-1.2338025136372142,-0.6749420680759758,0.03219942664547883,0.025352741200248476,0.02010242202516023,0.028829737160498733,-0.32921370787339077,-0.014111567800332044,-0.023634939878766324,-0.3951843329857532,0.02365151809675551,-0.024008185854670492,-0.056976453708942804,0.075927946224804,-0.023898985381670627,-0.05698980004268119,-0.07591364753919484,-0.0014932166212540353,0.000553000476669312,-3.922756522366766e-05,0.003943052851403269,-1.0773669588980797e-05,-5.094647153923803e-05,-0.0031052913236594665,0.008936686343124193,-0.0001574502029577787,5.7565415871289125e-06,-0.0001348782731219736,-2.560260688836904e-05,-0.00026549040608939584,-3.205126717654058e-05,1.5508864577798505e-05,1.2874722055717911e-05,3.1433718009393994e-06,0.0010426638476686808,-1.6657461152843352e-05,0.0001250287713648606,0.008476412208037111,-0.00391814928876455,0.00014091714427763295,-4.6839175918822396e-07,0.0016607492622037032,-0.00037738469597317105,0.0007718828475855291,-0.00013308780366011604,-4.136092985913405e-05,-7.530135042779464e-05,4.2497124786189366e-07,0.00600828586693173,-0.0037429774331559237,-0.0001698697983085864,0.0033285646580007997,-0.00287921833911047,-9.658792895492858e-05,0.6459251447711812,-5.498945818728194e-05,0.2713091534583292,nan,nan,nan,nan,nan,nan
490,2.45499999999997,Standing,0.8885218089347787,0.446503852029409,1.5715500991847247,-2.092135296593075,0.004307927780143942,-0.4117914628181394,-1.4877076210110216,0.9560590702379665,0.023165954856321735,0.025829547875515193,0.01671122966420078,0.02777846576141222,-0.35100802155138144,0.011577445962985088,-0.02193594680495036,-0.3954007202360161,-0.024111458851876027,-2.0975321018612707,0.004484468595489874,-0.4079564336188731,-1.23376920480659,-0.6749616136801443,0.03220001335109473,0.025352733939943167,0.020110117747813024,0.02882798389347762,-0.3292106817632532,-0.014112123163910981,-0.023635111972490182,-0.3951846567573803,0.02365152114552924,-0.023978487972163183,-0.05697158767558772,0.07592224133083901,-0.023880944568189656,-0.056970044710566124,-0.0759064192626903,-0.0011446771362506579,0.00035724849157824676,-8.063777132753644e-06,0.002531297555584214,-5.000676250299141e-06,-2.6834796704805055e-05,-0.0015634333879350404,0.009287087790730026,-0.00010532288048966561,3.7169898737548992e-06,-0.00010584981160025533,-2.336687254477405e-05,-0.00014107859743730958,-1.726219388980302e-05,7.3129030621791155e-06,6.927236905726306e-06,1.6702895974483515e-06,0.0001447325550853676,-1.2903897097317938e-05,9.105840070550253e-05,0.00666176612484165,-0.003909120833699571,0.0001173411231788992,-1.4520610616924847e-06,0.00153914453055844,-0.00035065340422302417,0.0006052220275174527,-0.00011107271578759088,-3.44187447714534e-05,-6.475432542774216e-05,6.097547459693686e-07,0.005939576501461909,0.0009732066710161657,-0.0011409787929998942,0.00360816269619424,0.003951066423013394,0.0014456553009088385,0.6459186303322968,-5.498966041142282e-05,0.27131044572065993,nan,nan,nan,nan,nan,nan
491,2.4599999999999698,Standing,0.8885163813563357,0.44650557533400337,1.5715497924956237,-2.092122539695771,0.004307906209530659,-0.4117915925278804,-1.4877158223761224,0.956103372656538,0.023165643114793296,0.025829542697284057,0.016710783436379835,0.027778358057126314,-0.3510087140813481,0.01157736133936035,-0.02193590395838108,-0.3954006862173021,-0.024111450639180302,-2.0975269822143248,0.004484430813811597,-0.4079563028251504,-1.2337564891371309,-0.6749812208589521,0.03220040002657956,0.02535270801435991,0.020117136086972853,0.028826354417286232,-0.3292093701737906,-0.014112464129008288,-0.023635182918742267,-0.395184883895449,0.02365151435370799,-0.023952613459762264,-0.05697231907101784,0.07591832156254869,-0.023883525538894914,-0.057031750733363674,-0.07592037402582087,-0.0010855156886070015,0.0003446609188700382,-6.133782018018707e-05,0.0025513794607698263,-4.314122656711084e-06,-2.5941948199100354e-05,-0.0016402730201710305,0.008860483714284178,-6.234830568776822e-05,-1.0356462270047734e-06,-8.924556418865532e-05,-2.1540857181158404e-05,-0.0001385059933303058,-1.6924724947510682e-05,8.569313856638408e-06,6.803742793193457e-06,1.6425391451898e-06,0.0010239293892211768,-7.5563356552066034e-06,2.615874455034392e-05,0.0025431338918154257,-0.003921435761548453,7.733509696591387e-05,-5.18511665146527e-06,0.001403667831966284,-0.0003258952382779043,0.0002623178925167698,-6.819301946148147e-05,-1.4189250417243114e-05,-4.542761373329953e-05,-1.3583642502336332e-06,0.005174902480183821,-0.00014627908602254805,-0.000783953658064237,-0.0005161941410513149,-0.012341204559510707,-0.0027909526261138892,0.645913418444454,-5.49898497829641e-05,0.2713112507430182,nan,nan,nan,nan,nan,nan
492,2.4649999999999697,Standing,0.8885137545193212,0.44650564264100295,1.5715499956121333,-2.0921175180471576,0.004307896971132396,-0.4117916197053118,-1.4877173067885099,0.9561453653469961,0.023165505723575664,0.025829537721045803,0.016710463311073846,0.02777826409735066,-0.35100886279874816,0.011577341500063317,-0.021935898974575152,-0.39540067844397014,-0.024111448876203923,-2.0975381654619927,0.0044844125602915876,-0.40795608650502757,-1.2337344436183002,-0.6750012093050235,0.03220078082080539,0.025352701664261443,0.02012355111201214,0.028824879662215034,-0.32920748253413956,-0.01411285996889619,-0.02363531821154974,-0.3951851223210838,0.023651527535534525,-0.023931507452968872,-0.056984640362112204,0.07591754788097028,-0.02390694174250195,-0.05685375266334563,-0.07588507665611832,-0.0005253674028866585,1.3461399922466114e-05,4.062330194158424e-05,0.0010043297226503163,-1.84767965258465e-06,-5.435486286587412e-06,-0.00029688247750167453,0.008398538091626247,-2.7478243526518765e-05,-9.952476508062117e-07,-6.40250611980012e-05,-1.879195513095358e-05,-2.9743480009755444e-05,-3.967859406824501e-06,9.967611856856338e-07,1.5546663991918889e-06,3.525952760592428e-07,-0.002236649533551057,-3.6507040018924856e-06,4.326402456304074e-05,0.004409103766114685,-0.003997689214282524,7.615884516508176e-05,-1.270019693522177e-06,0.0012830050078571904,-0.00029495101423932045,0.0003775279302075863,-7.916797758009139e-05,-2.7058561494055343e-05,-4.768512696956668e-05,2.6363653071587106e-06,0.004221201358678303,-0.002464258218873853,-0.00015473631568145867,-0.00468324072140686,0.03559961400360895,0.007059473940509228,0.645908685849282,-5.498952958131989e-05,0.2713122370413854,nan,nan,nan,nan,nan,nan
493,2.4699999999999696,Standing,0.8885092701591192,0.4465069896828868,1.5715493005680348,-2.0921074032964455,0.00430789669759618,-0.4117916903043918,-1.48772271597934,0.9561879799384975,0.023165512223183155,0.025829506324823476,0.016710189712517462,0.027778175625307006,-0.3510092789989573,0.011577289892832654,-0.021935864962633767,-0.39540065690881604,-0.024111443907440366,-2.0975261277409913,0.004484420470842711,-0.4079565379303848,-1.233758703346161,-0.6750234730875732,0.03220079304087837,0.02535264551626495,0.020129221498743938,0.02882349023508324,-0.3292092428848825,-0.014112814013669532,-0.023635205195847775,-0.39518516797321057,0.023651504208126464,-0.023911186513971772,-0.05697741042712665,0.07591284218479179,-0.02407239323703553,-0.05702232212793261,-0.07594861231150066,-0.0008968720404217717,0.0002694083767758638,-0.00013900881970656953,0.0020229501424252052,-5.470724318316833e-08,-1.411981599400056e-05,-0.0010818381660272966,0.008522918300270478,1.2999214984158787e-06,-6.279244465343104e-06,-5.47197112763792e-05,-1.7694408730466424e-05,-8.324004182836737e-05,-1.0321446132516489e-05,6.8023882766298695e-06,4.3070308232824915e-06,9.937527114504115e-07,0.002407544200227268,1.5821102248160852e-06,-9.028507144514973e-05,-0.004851945572160555,-0.004452756509942079,2.444014595650947e-06,-1.1229599298515284e-05,0.001134077346359418,-0.00027788542635859373,-0.00035207014858539964,9.191045331272834e-06,2.2603140392564185e-05,-9.130425348085552e-06,-4.6654816120229405e-06,0.004064187799419711,0.0014459869971105055,-0.0009411392356985336,-0.03309029890671618,-0.033713892917396376,-0.012707131076466623,0.6459058253269472,-5.499049305776358e-05,0.2713121968765534,nan,nan,nan,nan,nan,nan
494,2.4749999999999694,Standing,0.8885064908429664,0.4465073750135189,1.5715490663840066,-2.0921008876816134,0.0043078903343601645,-0.411791731138047,-1.4877256798086154,0.9562270253778831,0.023165565344376384,0.025829478985310416,0.016709985795874686,0.027778098764551843,-0.35100950188555013,0.011577261742334333,-0.021935847555206278,-0.39540064607513514,-0.02411144125818963,-2.0975271072134802,0.00448445662026571,-0.4079569497740008,-1.2337771379710456,-0.6750376560180434,0.03220075392429295,0.02535260128270677,0.020134066443896335,0.028822294081457367,-0.3292107696269177,-0.014112778899992505,-0.023635137662610682,-0.39518521278083496,0.023651501759688918,-0.023896868510898825,-0.056993551026980956,0.07591393729507998,-0.024146818348042165,-0.05701173221439505,-0.07595824187627272,-0.0005558632305516251,7.70661264183087e-05,-4.683680561592961e-05,0.0013031229664302716,-1.2726472030836794e-06,-8.166731047672308e-06,-0.000592765855073586,0.00780908787713033,1.0624238645841331e-05,-5.467902612187661e-06,-4.078332855559885e-05,-1.537215103275938e-05,-4.4577318573154554e-05,-5.6300996643660344e-06,3.4814854975164528e-06,2.1667361757841534e-06,5.298501471990847e-07,-0.0001958944978224168,7.229884599639252e-06,-8.236872321005769e-05,-0.003686924976937759,-0.0028365860940597863,-7.8233170835912e-06,-8.846711635950295e-06,0.0009689890304794133,-0.00023923072517493215,-0.0003053484070340555,7.022735405416073e-06,1.3506647418381078e-05,-8.961524875916162e-06,-4.896875095737226e-07,0.0028636006145897038,-0.003228119970860217,0.00021902205763670837,-0.014885022201326752,0.0021179827075116925,-0.001925912954410641,0.6459022165304347,-5.498877964237716e-05,0.27131332849520007,nan,nan,nan,nan,nan,nan
495,2.4799999999999693,Standing,0.8885058471053623,0.4465064830231506,1.5715492223858794,-2.0921043809126116,0.004307923317864912,-0.4117915971520148,-1.487717262618977,0.9562700291800219,0.023165798644115408,0.025829460570895243,0.016709925303199823,0.02777803524463449,-0.35100883174730185,0.011577339664613086,-0.021935892867231143,-0.3954006781873115,-0.024111449192456162,-2.09753580579076,0.004484504771354491,-0.40795743157478187,-1.2337972547866674,-0.6750574640716367,0.0322006221067911,0.0253525697768866,0.02013840795371056,0.028821191383819732,-0.32921252134173506,-0.014112707605161185,-0.023635073434484205,-0.3951852160571537,0.023651502527283014,-0.023880945908531043,-0.05696756161719468,0.07590601966596869,-0.024165049035255327,-0.05692189208431226,-0.07594146046110373,-0.00012874752083145784,-0.0001783980736530933,3.120037455305357e-05,-0.0006986461996890789,6.596700949466236e-06,2.679720643867318e-05,0.001683437927679634,0.008600760427772615,4.6659947805133736e-05,-3.6828830346377866e-06,-1.2098534972309522e-05,-1.2703983470544987e-05,0.00013402764966187228,1.558445575047751e-05,-9.062404973094683e-06,-6.422435274192182e-06,-1.5868533063552543e-06,-0.0017397154559861655,9.63021775630691e-06,-9.636015621171241e-05,-0.004023363124358967,-0.003961610718640639,-2.636350036990031e-05,-6.301164034057389e-06,0.0008683019628447408,-0.00022053952752681803,-0.00035034296347393764,1.4258966264075681e-05,1.2845625295632675e-05,-6.552637390421375e-07,1.5351881934782113e-07,0.003184520473556459,0.005197881957255655,-0.0015835258222587196,-0.0036461374426324574,0.01796802601655817,0.0033562830337982245,0.6458997009340846,-5.498866298358394e-05,0.27131394798480407,nan,nan,nan,nan,nan,nan
496,2.4849999999999692,Standing,0.8885040989760061,0.44650640748027537,1.57154876573546,-2.0920951197110083,0.004307894137942228,-0.41179171290017724,-1.487725925937592,0.956298931894628,0.02316604156095917,0.025829402943261116,0.016709786342836857,0.027777975938562845,-0.3510094391491886,0.011577266417967826,-0.02193583989379404,-0.39540064981167383,-0.024111441984245936,-2.0975386646705667,0.0044845846383078725,-0.4079581392067407,-1.233832504200035,-0.6750806825147663,0.03220032937665015,0.02535252832286415,0.02014196885009919,0.028820236696438645,-0.3292155072740977,-0.01411247555509627,-0.023634928149657473,-0.39518513821956475,0.0236514960179745,-0.02389029121629399,-0.057044931721040845,0.07592359755483573,-0.024156893921989456,-0.056891610420411194,-0.07593350444003193,-0.00034962587122212727,-1.5108575047801211e-05,-9.133008383726235e-05,0.0018522403206524154,-5.835984536735315e-06,-2.314963248996784e-05,-0.001732663722965726,0.00578054292121067,4.8583368752656474e-05,-1.1525526825463424e-05,-2.7792072593381794e-05,-1.1861214328567591e-05,-0.00012148037734935127,-1.4649329052037006e-05,1.0594687420146509e-05,5.6751275390303205e-06,1.441642045663692e-06,-0.000571775961367961,1.5973390676308433e-05,-0.0001415263917572451,-0.007049882673570752,-0.0046436886259240305,-5.854602819113637e-05,-8.29080448936616e-06,0.0007121792777258913,-0.00019093747621747435,-0.0005971864725282991,4.6410012983134985e-05,2.9056965346433566e-05,1.55675177861324e-05,-1.3018617026885916e-06,-0.0018690615525893523,-0.015474020769233616,0.0035155777734070686,0.001631022653174133,0.00605633278021374,0.0015912042143603772,0.6458986409723141,-5.4988890405714915e-05,0.2713138054816002,nan,nan,nan,nan,nan,nan
497,2.489999999999969,Standing,0.8885061198039615,0.4465039404509416,1.571549227679291,-2.0921193659199524,0.0043080400086977135,-0.41179115761915996,-1.4876905147374686,0.9563584347352407,0.023166568165337468,0.02582941882320544,0.016710041596698474,0.027777936973442195,-0.3510066653154504,0.011577593762578539,-0.0219360310686352,-0.39540078115361843,-0.024111474816828432,-2.097545128326937,0.004484641801348383,-0.40795903276062495,-1.2338798080821252,-0.6751006729399587,0.03219989823202754,0.025352475481277302,0.020144868380813512,0.028819396811626822,-0.3292195237171044,-0.014112109311836533,-0.023634725046773105,-0.39518499677561836,0.02365148787089738,-0.023935111504113333,-0.056844702060081166,0.07588899113164808,-0.02414227208535803,-0.05692890069344913,-0.07593933478352945,0.0004041655910920473,-0.0004934058667524392,9.238876617152844e-05,-0.0048492417888000156,2.9174151097008964e-05,0.00011105620345664377,0.007082240024667227,0.011900568122550404,0.00010532087565986886,3.175988865072147e-06,5.1050772323504365e-05,-7.79302413000362e-06,0.0005547667476398034,6.546892214259007e-05,-3.823496823157664e-05,-2.6268388916137586e-05,-6.566516498983109e-06,-0.0012927312740559373,1.1432608102025181e-05,-0.0001787107768596062,-0.009460776418032408,-0.003998085038473591,-8.622892452111524e-05,-1.0568317370176317e-05,0.0005799061428650056,-0.00016797696236464256,-0.0008032886013379513,7.324865194728068e-05,4.0620576873959464e-05,2.8288789281576245e-05,-1.6294154239868135e-06,-0.008964057563868297,0.04004593219193618,-0.00692128463752748,0.0029243673262852733,-0.007458054607587123,-0.0011660686995048596,0.6458971954498217,-5.4989740189918443e-05,0.2713143857054923,nan,nan,nan,nan,nan,nan
498,2.494999999999969,Standing,0.8885039028132089,0.4465043275387623,1.5715481636835678,-2.0920997756177635,0.004307953230376628,-0.4117914651602039,-1.4877133915807401,0.9563723562929368,0.023167038276754825,0.025829309641431028,0.0167099231780899,0.02777789482477344,-0.3510082672039753,0.011577402929413828,-0.021935891314283282,-0.39540070539781597,-0.02411145580063379,-2.0975424888763463,0.0044847751800977335,-0.40796011509836355,-1.2339393532018428,-0.6751179600324698,0.03219931809362051,0.025352414259724457,0.020147202775489603,0.028818642450944832,-0.3292245893091592,-0.014111608213223862,-0.023634452201797437,-0.3951847827534831,0.023651474344593235,-0.024086272872770906,-0.05699097608818756,0.07594328819324365,-0.024116836744832726,-0.05696609107227228,-0.07594341434980226,-0.00044339815053803284,7.741756414260468e-05,-0.0002127991446554344,0.00391806043776919,-1.735566421712046e-05,-6.150820878081822e-05,-0.004575368654315867,0.0027843115392249766,9.402228347163194e-05,-2.183635488272706e-05,-2.3683721715385896e-05,-8.429733750349685e-06,-0.0003203777049857635,-3.8166632942326386e-05,2.7950870383648396e-05,1.5151160494276805e-05,3.8032389288422168e-06,0.0005278901181483399,2.6675749870204245e-05,-0.0002164675477160517,-0.011909023943511256,-0.003457418502232899,-0.00011602768140515075,-1.2244310569152723e-05,0.00046687893521777307,-0.00015087213639787688,-0.0010131184109603304,0.00010021972253437299,5.456899513336617e-05,4.2804427045819e-05,-2.705260829492567e-06,-0.030232273731514492,-0.029254805621279106,0.010859412319113302,0.00508706810506062,-0.007438075764630919,-0.0008159132545634375,0.6458981014672831,-5.498841232981951e-05,0.2713134281616944,nan,nan,nan,nan,nan,nan
499,2.499999999999969,Standing,0.8885035244890688,0.44650361770165536,1.571547867850323,-2.0920976143568875,0.004307961455979367,-0.4117914607466914,-1.4877134667852407,0.9564033971717546,0.023167170486157077,0.025829288809295532,0.016709953442788108,0.027777858952052148,-0.35100824713563933,0.011577404758044323,-0.02193588885769631,-0.39540070687434625,-0.02411145603746349,-2.0975454438359113,0.004484901964709349,-0.40796125586013354,-1.234000425816702,-0.6751359865450646,0.03219865326677979,0.025352361348225275,0.02014907485700755,0.028817964848245475,-0.32922987234113127,-0.014111072510188276,-0.023634181131413873,-0.39518453699374906,0.023651464944473465,-0.024150813367350945,-0.05702269416348582,0.07596006272993691,-0.024081841570053806,-0.05696170603197239,-0.07593683221014652,-7.566482803120141e-05,-0.00014196742138740913,-5.916664897664991e-05,0.0004322521751964426,1.6451205477651043e-06,8.827024946239236e-07,-1.504090013967202e-05,0.006208175763546614,2.644188045013451e-05,-4.166427098860361e-06,6.052939641786291e-06,-7.174544258919353e-06,4.013667202287861e-06,3.6572609888589245e-07,4.913173945208957e-07,-2.953060565909625e-07,-4.736594058620045e-08,-0.000590991913019498,2.5356922323101586e-05,-0.00022815235399600446,-0.012214522971850711,-0.0036053025189503644,-0.0001329653681436872,-1.0582299836150738e-05,0.00037441630358953895,-0.00013552053987152496,-0.0010566063944126656,0.0001071406071172465,5.4214076712600796e-05,4.915194681009919e-05,-1.880023953773287e-06,-0.012908098916007821,-0.006343615059652665,0.003354907338652174,0.006999034955783804,0.0008770080599780879,0.0013164279311485845,0.6458968117484188,-5.499008921608733e-05,0.2713145965814613,nan,nan,nan,nan,nan,nan
500,2.504999999999969,Standing,0.8885051759460598,0.4465016528771163,1.5715480822047951,-2.092110798874562,0.004308042477480981,-0.41179115854985077,-1.4876940474449094,0.9564463924647701,0.02316761808637594,0.025829277995301447,0.01671015235871649,0.02777783594666906,-0.3510067134529417,0.011577585962884062,-0.021935993575044915,-0.39540078031524156,-0.024111474201169013,-2.09755233617806,0.004485024008263777,-0.4079624678621913,-1.2340652708442719,-0.6751532969040503,0.03219790937556169,0.025352310434378654,0.020150588157767237,0.028817333616455942,-0.3292355075659792,-0.014110487982505868,-0.023633894203516803,-0.3951842523969011,0.023651456017797896,-0.024165760447511238,-0.05695027138534742,0.07594735130441636,-0.02404455238510429,-0.056945989271405525,-0.07592739993252047,0.00033029139820375895,-0.0003929649078111681,4.2870894450578966e-05,-0.002636903534874127,1.620430032282879e-05,6.043936811724433e-05,0.0038838680662715767,0.008599058603100262,8.95200437725934e-05,-2.1627988171898477e-06,3.9783185676222426e-05,-4.601076617700945e-06,0.00030673653952598443,3.6240967947841575e-05,-2.094346972101918e-05,-1.4688179066550727e-05,-3.632741104378996e-06,-0.0013784684297006122,2.4408710885552322e-05,-0.00024240041154873943,-0.012969005513967112,-0.003462071797149683,-0.00014877824362051028,-1.018276932397994e-05,0.00030266015193729007,-0.00012624635790662794,-0.001127044969586122,0.0001169055364815738,5.73855794139738e-05,5.691936959063373e-05,-1.785335113922025e-06,-0.002989416032058847,0.014484555627680168,-0.0025422851041091475,0.007457836989903205,0.00314335211337255,0.0018864555252109938,0.6458965117256759,-5.4990876405477935e-05,0.271315122359332,nan,nan,nan,nan,nan,nan
501,2.5099999999999687,Standing,0.8885070193740852,0.4464996145984576,1.571548093861113,-2.092122354341643,0.0043081109191050165,-0.41179086014688726,-1.487676754747651,0.9564851092754318,0.023168052259636276,0.025829273192803138,0.016710392209854923,0.02777782295020919,-0.3510052670511051,0.011577756814169567,-0.02193608028838519,-0.3954008498683468,-0.024111491312817628,-2.097557365061934,0.0044851610477490205,-0.40796380181599934,-1.234138127763544,-0.6751695984450529,0.03219706492475292,0.02535225547075252,0.02015173332129916,0.028816746209327854,-0.32924180819911475,-0.014109817520801484,-0.02363356333746213,-0.3951839148797808,0.023651442118700464,-0.02415291045377386,-0.05690553698918811,0.07593601915042764,-0.024012972433822725,-0.05695777038884544,-0.07592492163109224,0.0003686856050753005,-0.00040765573173893554,2.3312635916800876e-06,-0.00231109341623298,1.3688324807161673e-05,5.9680592701391165e-05,0.003458539451669493,0.007743362132335167,8.683465206761344e-05,-9.60499661925702e-07,4.797022768693317e-05,-2.5992919742045713e-06,0.00028928036732372666,3.417025710108941e-05,-1.7342668054855268e-05,-1.3910621043366003e-05,-3.422329723177966e-06,-0.0010057767748432268,2.740789704873669e-05,-0.00026679076160321277,-0.014571383854394021,-0.0032603082004942136,-0.00016889016175386824,-1.0992725226838927e-05,0.00022903270638437363,-0.00011748142561771124,-0.0012601266271137976,0.0001340923408766966,6.617321093458774e-05,6.750342406000949e-05,-2.779819486695364e-06,0.0025699987474755905,0.008946879231861271,-0.002266430797745868,0.006315990256312671,-0.0023562234879823817,0.0004956602856468967,0.6458975113784298,-5.499074712546367e-05,0.27131484276349965,nan,nan,nan,nan,nan,nan
502,2.5149999999999686,Standing,0.8885083070444986,0.44649799311047755,1.5715478037189485,-2.0921266419802786,0.004308140726989606,-0.41179069951989733,-1.4876690810707345,0.9565150457295448,0.02316841500019123,0.025829258384024507,0.016710604733494134,0.027777815054091437,-0.35100453042669705,0.011577843714542398,-0.021936111401113727,-0.39540088580916255,-0.024111500010781016,-2.0975603629829127,0.004485318498283555,-0.4079652257310349,-1.2342166245312205,-0.6751844726228942,0.03219613514387395,0.025352199339053024,0.02015253531104055,0.02881620141209151,-0.32924859732066614,-0.014109082362274074,-0.023633200858962155,-0.3951835352096376,0.023651425544070147,-0.024134267918667542,-0.05692941699678354,0.07593805045893584,-0.023984762105003315,-0.05697549549927003,-0.07592428089057898,0.0002575340826872232,-0.0003242975960081821,-5.802843292019799e-05,-0.0008575277271178931,5.9615769179423155e-06,3.2125397987382296e-05,0.001534735383310037,0.005987290822604955,7.254811099123272e-05,-2.9617557260441e-06,4.250472784208235e-05,-1.579223550508161e-06,0.00014732488160836457,1.73800745664942e-05,-6.2225457070004845e-06,-7.188163150893707e-06,-1.739592677571758e-06,-0.0005995841957298234,3.149010690696246e-05,-0.00028478300710812863,-0.015699353535311,-0.002974835568259433,-0.00018595617579366384,-1.1226339899592881e-05,0.00016039794827837748,-0.00010895944726879676,-0.0013578243102808248,0.00014703170548189303,7.249569999533396e-05,7.593402862619067e-05,-3.3149260633031696e-06,0.003728507021263386,-0.0047760015190862,0.00040626170164018496,0.005642065763882319,-0.00354502208491825,0.00012814810265218078,0.6458988308661527,-5.499046207643563e-05,0.2713145677390971,nan,nan,nan,nan,nan,nan
503,2.5199999999999685,Standing,0.8885097011468168,0.44649636349824706,1.5715475414125095,-2.0921303247313463,0.004308166681519082,-0.4117905648837765,-1.4876625254930738,0.956543050235054,0.02316874302121854,0.025829244527058304,0.01671082853157702,0.027777811495848376,-0.351003899375959,0.011577918316541133,-0.021936138185009068,-0.3954009166541385,-0.02411150746413478,-2.097564284405224,0.0044854852210628685,-0.40796668019330024,-1.2342963490250252,-0.6751991998837219,0.032195151470126616,0.025352148248356018,0.020153055433111376,0.028815693105618906,-0.3292555260864443,-0.014108324653304524,-0.023632832003537236,-0.39518313122440163,0.023651409961310675,-0.024108920735320314,-0.05696843983876834,0.07594217064563764,-0.023956531938184113,-0.05696998451146156,-0.0759185347887342,0.00027882046365701913,-0.0003259224460965156,-5.246128778986434e-05,-0.0007365502134980754,5.190905895251094e-06,2.6927224162670375e-05,0.001311115532123497,0.005600901101846205,6.560420546150755e-05,-2.771393240452662e-06,4.4759616576714574e-05,-7.116486120897735e-07,0.00012621014761223328,1.4920399747007514e-05,-5.356779068355117e-06,-6.168995190730958e-06,-1.4906707526124834e-06,-0.00078428446227779,3.334455586258167e-05,-0.00029089245307458464,-0.015944898760921058,-0.0029454521655474237,-0.0001967347494669624,-1.0218139401443498e-05,0.00010402441416488805,-0.00010166129452069099,-0.001385753155635761,0.00015154179390989162,7.377108498354407e-05,8.079704719892964e-05,-3.116551894028076e-06,0.005069436669445592,-0.007804568396960868,0.0008240373403612023,0.005646033363840236,0.0011021975616928394,0.0011492203689576759,0.6458999533467816,-5.4990575801526875e-05,0.2713146411482212,nan,nan,nan,nan,nan,nan
504,2.5249999999999684,Standing,0.88851162668389,0.44649443860176163,1.5715474283158817,-2.092138776167226,0.004308218167413653,-0.4117903432281479,-1.4876498093268873,0.9565748557134427,0.02316916530442964,0.025829233120026687,0.01671111398595877,0.02777781389946943,-0.3510028080710448,0.011578047558165072,-0.02193620006092226,-0.39540096915436446,-0.024111520370313267,-2.0975682650650525,0.004485651434569259,-0.40796818081906827,-1.2343788861742528,-0.6752139732665503,0.032194112959074817,0.02535209898649349,0.02015332569668066,0.02881521309878186,-0.3292626974724129,-0.014107532915083978,-0.02363244703247201,-0.39518270028986907,0.02365139338195894,-0.024075793383328582,-0.056970670855985284,0.07593740279866687,-0.02393290588797982,-0.0569749314383692,-0.07591583739469968,0.00038510741464076577,-0.00038497929708618364,-2.2619325571411368e-05,-0.0016902871759430567,1.0297178914155731e-05,4.433112572298329e-05,0.002543233237300831,0.0063610956777322425,8.44566422202793e-05,-2.2814063238395664e-06,5.709087634990604e-05,4.807242109572777e-07,0.000218260982847284,2.5848324787857898e-05,-1.237518263804902e-05,-1.050004518809585e-05,-2.5812356972913727e-06,-0.0007961319657012204,3.324270127811472e-05,-0.00030012515360871835,-0.01650742984553391,-0.002954676565685441,-0.00020770221035961808,-9.85237250505117e-06,5.405271385661314e-05,-9.600136740905472e-05,-0.0014342771937139536,0.00015834764410923088,7.699421304559744e-05,8.61869065128061e-05,-3.3158703468477848e-06,0.0066254703983463035,-0.00044620344338821855,-0.0009535693941557258,0.00472521004085874,-0.0009893853815274739,0.0005394788069056405,0.6459011785505524,-5.4990902446543547e-05,0.27131475240409286,nan,nan,nan,nan,nan,nan
505,2.5299999999999683,Standing,0.8885139833873142,0.44649227799568464,1.5715473847800605,-2.0921499834514012,0.004308281379242086,-0.41179006822976066,-1.4876337071895225,0.9566077666228507,0.023169725751135604,0.025829214687631708,0.016711449359282943,0.027777822958313998,-0.35100144146057627,0.011578209477672435,-0.021936279587456094,-0.39540103469721105,-0.02411153653343568,-2.09757241605466,0.004485818586679248,-0.40796970495817897,-1.2344630305304563,-0.6752277069783871,0.032193035005503,0.02535205137223111,0.02015336156311033,0.02881476267688008,-0.3292700130905677,-0.014106718814649548,-0.023632050937772108,-0.39518224975585625,0.023651376847072112,-0.02404034744745641,-0.05695413266014064,0.0759283701790464,-0.02391295118667293,-0.056984158674261834,-0.07591465063155525,0.0004713406848302572,-0.00043212121539355905,-8.707164236663059e-06,-0.002241456835106437,1.2642365686662865e-05,5.499967744059943e-05,0.0032204274729447802,0.006582181881612626,0.00011208934119272772,-3.686478995614761e-06,6.707466483501769e-05,1.8117689134662524e-06,0.0002733220937031303,3.238390147262119e-05,-1.5905306766618483e-05,-1.3108569315380108e-05,-3.2326244829747772e-06,-0.000830197921523074,3.343042199770836e-05,-0.00030482782213937836,-0.0168288712406985,-0.002746742367362066,-0.00021559071436265406,-9.52285247576849e-06,7.173285934308803e-06,-9.008438035625177e-05,-0.0014631236309647084,0.00016282008688581334,7.921893998001445e-05,9.01068025634922e-05,-3.3069773659042134e-06,0.007089187174434437,0.003307639168928722,-0.0018065239240932962,0.003990940261378189,-0.001845447178527115,0.00023735262888533907,0.6459027571973863,-5.4990855547721955e-05,0.2713146869579734,nan,nan,nan,nan,nan,nan
506,2.534999999999968,Standing,0.8885163530808968,0.4464901559434516,1.5715472797045698,-2.092159110431339,0.004308329846570518,-0.4117898386982298,-1.4876207682472122,0.9566366964732406,0.02317035181503451,0.02582918279808146,0.01671178522441509,0.02777783683750008,-0.35100030063175575,0.011578344743579919,-0.02193634048403168,-0.3954010896142667,-0.02411155001972547,-2.0975769877786883,0.0044859910096739985,-0.40797121707802747,-1.2345463680238067,-0.6752408426353533,0.032191939040548824,0.025352008276279512,0.02015321007876876,0.02881433728792057,-0.32927727693963926,-0.014105906120362197,-0.023631655764075745,-0.3951817899323333,0.023651361670263188,-0.024009606318502213,-0.05696153557490378,0.07592506888939811,-0.023893610812078518,-0.05697645210498921,-0.07590986253130944,0.00047393871651995337,-0.0004244104466096627,-2.101509816735108e-05,-0.001825395987480381,9.693465686326337e-06,4.590630616740501e-05,0.0025877884620592855,0.005785970077975436,0.00012521277978164418,-6.377910049267667e-06,6.717302642934247e-05,2.7758372166083006e-06,0.0002281657641040746,2.7053181496771737e-05,-1.2179315117405795e-05,-1.0983411119791735e-05,-2.697257958120049e-06,-0.0009143448056396961,3.4484598950161255e-05,-0.0003024239697008206,-0.016667498670078093,-0.0026271313932442267,-0.00021919299083539328,-8.619190319628868e-06,-3.0296868313802563e-05,-8.507779190172757e-05,-0.0014527698143183387,0.00016253885747004022,7.903473927267338e-05,9.196470458318048e-05,-3.0353617849793108e-06,0.00614822579083899,-0.0014805829526274615,-0.0006602579296574626,0.003868074918881855,0.0015413138545250491,0.0009576200491628218,0.6459046560384049,-5.499061389466407e-05,0.271314465484323,nan,nan,nan,nan,nan,nan
507,2.539999999999968,Standing,0.8885183506040187,0.4464883171020204,1.5715470542361107,-2.092166161362674,0.004308370996951895,-0.41178964933059037,-1.487610341381814,0.9566635831718615,0.023170978628099175,0.02582914467016792,0.016712114920560614,0.02777785357168617,-0.3509993572526882,0.01157845670866865,-0.021936387399239327,-0.3954011350556734,-0.02411156116601158,-2.0975787422363923,0.004486165736861941,-0.40797276706058844,-1.2346327205149044,-0.6752535916323047,0.03219080540335592,0.02535196430656773,0.020152886530669184,0.028813929263742148,-0.3292847720497974,-0.01410506201680022,-0.02363123991921227,-0.3951813093700366,0.02365134355735569,-0.02398273277110266,-0.05697889732612693,0.07592443972725875,-0.023882782421829587,-0.057002387529057105,-0.07591380477411996,0.0003995046243876819,-0.0003677682862360743,-4.50936918179706e-05,-0.0014101862670463658,8.230076275367743e-06,3.7873527889098484e-05,0.0020853730796472794,0.005377339724193421,0.00012536261293309809,-7.6255827080934445e-06,6.593922910490073e-05,3.3468372179273152e-06,0.00018867581350186902,2.2393017746437224e-05,-9.383041529335987e-06,-9.088281349131823e-06,-2.2292572219428677e-06,-0.00035089154082887375,3.494543758840798e-05,-0.0003099965121984234,-0.017270498219522232,-0.0025497993902770994,-0.00022672743858038224,-8.793942355930633e-06,-6.470961991492485e-05,-8.160483568488993e-05,-0.0014990220316305517,0.00016882071239542125,8.316897269483469e-05,9.611245934913313e-05,-3.6225814991039125e-06,0.005374709479910303,-0.0034723502446305666,-0.00012583242787279306,0.0021656780497859938,-0.0051870848135788915,-0.0007884485621061997,0.6459066289000833,-5.4990641074432485e-05,0.27131426251278895,nan,nan,nan,nan,nan,nan
508,2.544999999999968,Standing,0.8885214892518625,0.44648579115124015,1.5715471639581364,-2.092178706910442,0.004308430259412977,-0.41178937265419774,-1.4875938158899935,0.9566924072795363,0.02317165674052795,0.025829115676409456,0.016712499326688144,0.02777787629255533,-0.3509979531822824,0.011578623391622557,-0.021936469843746975,-0.3954012024801862,-0.024111577776674567,-2.0975870736766464,0.004486333078189017,-0.40797417372359507,-1.234709040477261,-0.6752655901221811,0.03218972765313322,0.025351934731153176,0.020152472176510665,0.02881354487409064,-0.32929149191609425,-0.014104305721987563,-0.023630876129564615,-0.39518085838856926,0.023651334957083193,-0.023956235871683423,-0.056973840770785635,0.07591919981212704,-0.0238686247302247,-0.05693543039765892,-0.07589687090961268,0.0006277295687421821,-0.0005051901560554173,2.194440513003197e-05,-0.002509109553575966,1.185249221630841e-05,5.533527852594905e-05,0.0033050983640836064,0.005764821534968589,0.0001356224857551032,-5.798751692986423e-06,7.6881225505693e-05,4.544173832622707e-06,0.00028081408116475574,3.333659078110219e-05,-1.648890152967092e-05,-1.3484902549766398e-05,-3.3221325972300113e-06,-0.0016662880508676746,3.3468265415333976e-05,-0.00028133260132214173,-0.015263992471300013,-0.002399697975276218,-0.00021555004454018513,-5.915082910963725e-06,-8.287083170378023e-05,-7.687793030138468e-05,-0.0013439732593666823,0.00015125896253150478,7.27579295309773e-05,9.019629346593776e-05,-1.7200544998091802e-06,0.005299379883847341,0.0010113110682598483,-0.0010479830263411686,0.0028315383209768195,0.013391426279637146,0.0033867729014577285,0.6459084198490272,-5.499053586053633e-05,0.2713142554734676,nan,nan,nan,nan,nan,nan
509,2.549999999999968,Standing,0.8885223110425118,0.4464847798888795,1.5715465834069768,-2.0921828145575723,0.004308471997464184,-0.4117892166690047,-1.4875857209324246,0.9567188270503448,0.0231723316573599,0.0258290656487973,0.01671283052824693,0.02777789802543213,-0.3509971882810733,0.01157871420626375,-0.021936501742042324,-0.395401238665213,-0.024111586792572935,-2.0975774801387774,0.004486505797006864,-0.4079758841550921,-1.2348083026782282,-0.6752767474864234,0.0321884914840435,0.02535187753999609,0.020151882032798746,0.028813148287085803,-0.3292999524433233,-0.01410334132137458,-0.023630379382214118,-0.3951803175398397,0.023651302602796263,-0.023933777891112173,-0.05697742562596633,0.075916416666967,-0.023958177220493846,-0.057110729568985615,-0.07594962052308557,0.0001643581298645291,-0.00020225247212838032,-0.00011611023192052959,-0.0008215294260853023,8.347610241361803e-06,3.119703860880314e-05,0.0016189915138047526,0.005283954161697577,0.0001349833663897944,-1.0005522431095992e-05,6.624031175725008e-05,4.346575359733092e-06,0.00015298024182237873,1.8162928238633442e-05,-6.379659069650468e-06,-7.237005357980354e-06,-1.803179673287553e-06,0.0019187075737600236,3.454376356945273e-05,-0.00034208629940549857,-0.01985244019345926,-0.002231472848455954,-0.0002472338179442697,-1.1438231417130035e-05,-0.00011802874238364314,-7.931740096751372e-05,-0.0016921054458096988,0.00019288012259641887,9.934947009917832e-05,0.00010816974591119802,-6.470857385986807e-06,0.0044915961142498505,-0.0007169710361396482,-0.0005566290320075085,-0.017910498053828865,-0.03505983426533906,-0.01054992269457658,0.6459108820266104,-5.499078471183102e-05,0.271313716797346,nan,nan,nan,nan,nan,nan
510,2.5549999999999677,Standing,0.8885259650734905,0.4464820197880174,1.5715469667941244,-2.0921959640170664,0.004308521788696115,-0.41178894854029774,-1.48756932627419,0.9567444218925903,0.0231729842062083,0.02582904085721658,0.016713219143845007,0.0277779277711581,-0.35099580401443037,0.011578878722792882,-0.021936585777190227,-0.3954013048805783,-0.02411160317414493,-2.0975920365361915,0.004486670458492376,-0.40797708965820273,-1.2348711116949547,-0.6752836039686191,0.03218748439911455,0.025351866057867885,0.020151267961031918,0.02881281049102952,-0.3293056432655184,-0.014102699279351103,-0.023630083154344117,-0.39517990533088804,0.023651306636297324,-0.023914832413428667,-0.05698582579362398,0.07591515810267054,-0.02407344390070649,-0.056904480106413274,-0.07592296064599441,0.0007308061957329523,-0.0005520201724329555,7.667742950825226e-05,-0.0026298918988509282,9.958246386296479e-06,5.3625741391178554e-05,0.00327893164691352,0.005118968449109349,0.00013050976968054183,-4.958316143865423e-06,7.772311961532279e-05,5.94914519356806e-06,0.0002768533285792007,3.2903305826407364e-05,-1.6807029580543158e-05,-1.3243073054899849e-05,-3.2763143988376404e-06,-0.0029112794828475346,3.2932297102274954e-05,-0.00024110062212788724,-0.012561803345321781,-0.001371296439133883,-0.00020141698578962706,-2.2964256411662945e-06,-0.0001228143533657556,-6.755921125636147e-05,-0.0011381644390300659,0.00012840840469540712,5.9245574000401666e-05,8.244179032783815e-05,8.067002124981771e-07,0.003789095536701382,-0.0016800335315301793,-0.00025171285929313634,-0.023053336042528613,0.041249892514467444,0.005331975418233766,0.645912051580112,-5.498934549234903e-05,0.27131427273202596,nan,nan,nan,nan,nan,nan
511,2.5599999999999676,Standing,0.8885289876652138,0.44647968231202945,1.5715469834431999,-2.0922079014247488,0.004308580234867534,-0.4117886817638767,-1.4875535746013993,0.9567705817849099,0.023173711461904434,0.025829005514146377,0.016713616563099398,0.0277779591730304,-0.35099445351680697,0.01157903920626304,-0.021936662743428304,-0.3954013698350469,-0.02411161914699649,-2.0975972025911838,0.004486823899110265,-0.40797841728365564,-1.2349436866804544,-0.6752984518997733,0.032186430872180205,0.025351847223181005,0.0201507866675919,0.028812414605916596,-0.329311973621366,-0.014101983914151685,-0.023629725773997138,-0.39517945198026516,0.0236512932939118,-0.02389680088346896,-0.05697863966744786,0.075910841958881,-0.024136452760832178,-0.056859906263443435,-0.07592330606157585,0.0006045183446612096,-0.0004674951975854144,3.329815077861563e-06,-0.0023874815365026243,1.1689234283665818e-05,5.3355284212587973e-05,0.0031503345581749068,0.005231978463918021,0.00014545113922666278,-7.068614040388005e-06,7.948385087795541e-05,6.280374460120542e-06,0.0002700995246820734,3.20966940318477e-05,-1.539324761528369e-05,-1.2990893722892583e-05,-3.1945703117583845e-06,-0.001033210998474084,3.068812357784277e-05,-0.00026552509058129774,-0.014514997099956892,-0.0029695862308478597,-0.00021070538686907857,-3.7669373760926166e-06,-9.625868800355807e-05,-7.91770225848642e-05,-0.0012660711695154738,0.00014307303988361967,7.147606939579528e-05,9.067012457189215e-05,-2.6684771042254902e-06,0.0036063059919409185,0.0014372252352253278,-0.0008632287579076264,-0.01260177202513809,0.008914768593967934,-6.90831162895476e-05,0.6459147680019862,-5.498992926429645e-05,0.27131347650379833,nan,nan,nan,nan,nan,nan
512,2.5649999999999675,Standing,0.8885306637866014,0.44647826264178586,1.5715466025518485,-2.092212877083229,0.004308613217336403,-0.41178853336312765,-1.4875457695193144,0.9567921488843139,0.023174349237101346,0.025828961901892343,0.016713956472999923,0.02777798978696776,-0.3509937135029592,0.011579127410389628,-0.02193669462463665,-0.39540140591180906,-0.024111627886464086,-2.0975944583132105,0.0044869719187437115,-0.4079797769493897,-1.23502151489682,-0.6753123104775417,0.032185356375101566,0.025351818684306686,0.02014958873487337,0.0288122097745684,-0.3293186792679637,-0.014101208143315863,-0.023629329975475215,-0.39517898888170355,0.02365127597551599,-0.02388575954780011,-0.05700126077032778,0.0759137627903596,-0.024175157489740418,-0.05692953706023609,-0.07594475757948044,0.00033522427750690863,-0.0002839340487178193,-7.617827024764206e-05,-0.0009951316960485242,6.596493773922523e-06,2.968014980062768e-05,0.0015610164169859435,0.004313419880793135,0.00012755503938225026,-8.722450806633814e-06,6.798198010503345e-05,6.122787472192551e-06,0.00014800276955260003,1.7640825317674473e-05,-6.3762416694195256e-06,-7.215352421957556e-06,-1.7478935191923986e-06,0.0005488555946441002,2.960392668926242e-05,-0.00027193314681037107,-0.015565643273136791,-0.002771715553664648,-0.00021489941572819135,-5.707774864169662e-06,-0.00023958654370609205,-4.096626963882689e-05,-0.0013411293195476491,0.00015515416716441635,7.915970438422124e-05,9.26197123184371e-05,-3.463679162076189e-06,0.0022082671337697703,-0.004524220575983912,0.0005841662957234116,-0.007740945781647928,-0.013926159358531129,-0.004290303580916287,0.6459172397027325,-5.498970962482603e-05,0.27131293141211277,nan,nan,nan,nan,nan,nan
513,2.5699999999999674,Standing,0.888533450496176,0.44647616186309164,1.5715466603349006,-2.0922278944295933,0.004308693843865958,-0.4117881908695814,-1.4875247898564985,0.9568223764303203,0.023175008633374204,0.025828947261670142,0.016714395342940617,0.027778025898769557,-0.35099197908951724,0.011579333502645308,-0.021936801708904243,-0.39540148924776036,-0.02411164841282063,-2.0975956368653765,0.004487102180182207,-0.40798101307655665,-1.2350918064744214,-0.6753203260971338,0.03218434542616129,0.02535179428657997,0.020148315009711575,0.028812036231546156,-0.3293248027840271,-0.014100497393993161,-0.02362897207068631,-0.3951785601814852,0.023651266663855395,-0.02387237139716405,-0.05694530560614138,0.07590012679339118,-0.024175986283256984,-0.056976683889096796,-0.07595521503747843,0.000557341914922996,-0.00042015573884487067,1.155661041388957e-05,-0.003003469272826649,1.6125305910799546e-05,6.849870924818905e-05,0.004195932563184152,0.006045509201282049,0.0001318792545714918,-2.9280444403082167e-06,8.777398813884701e-05,7.222360359026318e-06,0.0003468826883991205,4.1218451135827396e-05,-2.1416853518379616e-05,-1.6667190264647633e-05,-4.1052713086838715e-06,-0.0002357104332184858,2.6052287698942127e-05,-0.00024722543338667405,-0.014058315520264176,-0.001603123918424612,-0.00020218978805463937,-4.879545343143513e-06,-0.000254745032359208,-3.47086044486396e-05,-0.0012247032126751526,0.00014214986454042284,7.158095778150709e-05,8.574004367549405e-05,-1.8623321188453323e-06,0.0026776301272114413,0.011191032837280013,-0.0027271993936849506,-0.00016575870331303477,-0.009429365772141075,-0.0020914915995996902,0.6459189310172794,-5.498921720101282e-05,0.2713129872948105,nan,nan,nan,nan,nan,nan
514,2.5749999999999673,Standing,0.8885334555139957,0.44647593656377044,1.5715459863274086,-2.092215524093737,0.004308628996385205,-0.41178840398622424,-1.4875402747837185,0.9568249384889911,0.02317543524062692,0.025828873221487775,0.01671453794263138,0.027778053447879092,-0.35099304112251667,0.011579208422940739,-0.021936706833398458,-0.3954014398709935,-0.02411163581693333,-2.097594655731785,0.004487259670307962,-0.40798212112314375,-1.2351540156995764,-0.6753256274338324,0.032183405615598126,0.025351778302140943,0.020147188985640174,0.028811837391337903,-0.3293302658815963,-0.014099864958844395,-0.02362865093746922,-0.3951781587659145,0.02365126016887683,-0.0239360466799421,-0.057102302687842575,0.07594249980880333,-0.02415123170277694,-0.05695927123984869,-0.07594742676044448,1.0035639116825036e-06,-4.5059864241780534e-05,-0.0001348014984027441,0.0024740671713150597,-1.2969496150554242e-05,-4.2623328572002954e-05,-0.0030969854440238654,0.0005124117341572384,8.532145054325948e-05,-1.480803647362557e-05,2.851993815269192e-05,5.5098219067334626e-06,-0.00021240659988270492,-2.50159409137504e-05,1.8975101157123104e-05,9.875353371300587e-06,2.519177460138105e-06,0.00019622671832596704,3.1498025151167e-05,-0.0002216093174173647,-0.012441845031002657,-0.0010602673397168026,-0.00018796211263278655,-3.1968878053561667e-06,-0.00022520481428058942,-3.9768041650632646e-05,-0.0010926195138454536,0.00012648702975319925,6.422664341781648e-05,8.028311413729932e-05,-1.2989957133372154e-06,-0.01273505655560989,-0.031399416340238635,0.008474603082428955,0.004950916096008986,0.0034825298496216975,0.0015576554067901044,0.6459211979749728,-5.4988456639278456e-05,0.2713124974522909,nan,nan,nan,nan,nan,nan
515,2.579999999999967,Standing,0.8885383337561821,0.44647255958403137,1.5715468867716182,-2.0922485500435886,0.004308799198375998,-0.4117877267295801,-1.4874960672933635,0.9568707931239798,0.023176000336544093,0.025828921615465985,0.01671511089651603,0.02777809522623927,-0.3509895940396244,0.011579617425685812,-0.021936948826766143,-0.3954016033765369,-0.024111676637588397,-2.0976041136496213,0.0044873513553297505,-0.4079830819068685,-1.2352060356657941,-0.6753308786783605,0.03218255838420318,0.025351773960927464,0.02014636047678223,0.02881158024976404,-0.3293348814312161,-0.014099336320898992,-0.023628389518114815,-0.3951777959939828,0.023651257171547545,-0.024047845615126576,-0.05688009325521568,0.07591431703761863,-0.02411493008742711,-0.05692847792950263,-0.07593486066525115,0.0009756484372871157,-0.0006753959478084045,0.000180088841924309,-0.006605189970316108,3.404039815859174e-05,0.00013545132883091318,0.008841498071004244,0.009170926997748002,0.00011301918343465775,9.67879564217648e-06,0.00011459077692988593,8.355672035808584e-06,0.0006894165784568323,8.180054901448352e-05,-4.839867353719089e-05,-3.270110867843589e-05,-8.164131013508363e-06,-0.001891583567256889,1.8337004357605054e-05,-0.00019215674495350047,-0.010403993243546518,-0.0010502489056257733,-0.00016944627898849462,-8.682426959926857e-07,-0.0001657017715886353,-5.142831477284243e-05,-0.0009231099239507244,0.00010572758908062782,5.228387088134697e-05,7.255438634157634e-05,-5.994658568619376e-07,-0.02235978703689468,0.0444418865253788,-0.005636554236939378,0.007260323069965987,0.006158662069210799,0.002513219038666416,0.6459218189546446,-5.499005164898311e-05,0.2713132440353058,nan,nan,nan,nan,nan,nan
516,2.584999999999967,Standing,0.8885406529829373,0.4464708596219851,1.571546721674012,-2.0922552334355937,0.0043088272608874205,-0.4117875430720223,-1.4874866762351195,0.9568885974295772,0.02317678246690574,0.02582886983272849,0.016715472848534436,0.027778135809088392,-0.3509886859999293,0.011579725517490456,-0.021936986780414332,-0.39540164749669826,-0.024111687358540877,-2.0976060598797472,0.004487468783968972,-0.40798404083641565,-1.235259600213338,-0.6753339102183351,0.032181738656008436,0.02535176346134812,0.020145856249613237,0.028811238971799845,-0.3293395445373251,-0.014098806684222415,-0.023628108736676603,-0.3951774311625745,0.02365124590558346,-0.024129409374717557,-0.056880233409095225,0.07592719460164304,-0.02408041965028989,-0.05693530127991839,-0.07593082710326314,0.00046384535103692463,-0.00033999240926005684,-3.3019521239218335e-05,-0.001336678401036964,5.612502284397986e-06,3.6731511549617456e-05,0.0018782116488016481,0.0035608611194677424,0.00015642607232951158,-1.035654749856856e-05,7.239040368085226e-05,8.11656982432951e-06,0.0001816079390195872,2.1618360928869944e-05,-7.590729638197971e-06,-8.824032276750404e-06,-2.144190496249181e-06,-0.00038924602522691213,2.348572784429817e-05,-0.00019178590943139416,-0.010712909508763023,-0.0006063079949200397,-0.0001639456389499287,-2.099915868934365e-06,-0.00010084543379889843,-6.825559283894458e-05,-0.0009326212218003318,0.00010592733531543413,5.615628764221221e-05,7.29662816646708e-05,-2.253192816843718e-06,-0.016312751918196297,-2.8030775908689798e-05,0.0025755128048846783,0.006902087427443749,-0.0013646700831507156,0.0008067123976026173,0.6459251615964823,-5.498931492898717e-05,0.2713116850375409,nan,nan,nan,nan,nan,nan
517,2.589999999999967,Standing,0.8885414385477673,0.44647019646406116,1.5715462305963013,-2.092251434700843,0.004308811208934579,-0.4117875601308878,-1.4874900890392933,0.9568983431462895,0.02317700204168405,0.02582885436538623,0.01671572102428022,0.027778170550909802,-0.35098881368771395,0.011579711108132558,-0.02193695740304033,-0.3954016425264124,-0.024111685825226135,-2.0976039957424075,0.004487590169799234,-0.4079849711381287,-1.2353115270761215,-0.6753371141611443,0.032180950683150265,0.025351753974399326,0.02014562020410044,0.028810835847977074,-0.3293440407994739,-0.014098300725846795,-0.023627832323204825,-0.3951770787941097,0.023651231384077973,-0.024174143391092497,-0.05696440813102734,0.07595158385039104,-0.024049106642006164,-0.05696386130054123,-0.0759320573248481,0.00015711296601503754,-0.00013263158478082522,-9.821554215647918e-05,0.0007597469501397754,-3.2103905683060037e-06,-3.411773093429577e-06,-0.0006825608347547116,0.0019491433424529017,4.3914955662489654e-05,-3.0934684519078924e-06,4.963514915663584e-05,6.948364281579048e-06,-2.553755693558921e-05,-2.8818715795484477e-06,5.875474800144429e-06,9.940571684044972e-07,3.0666294846481295e-07,0.00041282746792101037,2.427716605254232e-05,-0.00018606034260576802,-0.010385372556709231,-0.0006407885618269084,-0.0001575945716342571,-1.8973897584348226e-06,-4.720910255880394e-05,-8.062476455444236e-05,-0.0008992524297546226,0.0001011916751241135,5.52826943557373e-05,7.047369296001087e-05,-2.9043010973317226e-06,-0.0089468032749883,-0.0168349443864233,0.004877849749597978,0.0062626016567453825,-0.005712004124568764,-0.0002460443169921278,0.6459272154242582,-5.498971705827691e-05,0.2713112089643731,nan,nan,nan,nan,nan,nan
518,2.594999999999967,Standing,0.8885428177712767,0.4464691857801991,1.5715461470260557,-2.0922554208045026,0.004308838372083639,-0.41178743921685623,-1.4874830421845036,0.9569165395727469,0.023177116114996805,0.025828871156168044,0.01671600879778954,0.027778204703103226,-0.35098820731727204,0.011579783776597533,-0.021936991751204917,-0.3954016721663939,-0.024111693003812256,-2.097604517459584,0.004487693565519793,-0.4079857951044527,-1.235356232145331,-0.6753399186707186,0.03218023287295388,0.0253517513423175,0.020145673004053132,0.02881037665011943,-0.3293479466209914,-0.01409786869943135,-0.023627593926217584,-0.39517676173583777,0.023651220896337737,-0.024175812542018397,-0.056988791631668374,0.07595686345294611,-0.024016080441686384,-0.056969813375661385,-0.07592805395635173,0.00027584470188131964,-0.00020213677240912776,-1.6714049118015376e-05,-0.0007972207319228717,5.432629811894355e-06,2.4182806314255835e-05,0.0014093709579483388,0.003639285291473131,2.28146625511176e-05,3.358156362854493e-06,5.7554701864261126e-05,6.830438684924346e-06,0.00012127408838699829,1.4533692994819953e-05,-6.8696329173214e-06,-5.9279962923875205e-06,-1.4357172243914276e-06,-0.00010434343532768928,2.0679144111812632e-05,-0.0001647932648003921,-0.008941013841915264,-0.0005609019148770485,-0.00014356203927737884,-5.264163651199847e-07,1.0559990538195485e-05,-9.183957152865081e-05,-0.0007811643035132512,8.64052830890886e-05,4.7679397448191744e-05,6.34116543861831e-05,-2.0975480467725333e-06,-0.0003338301851797693,-0.004876700128206939,0.0010559205110142753,0.00660524006395576,-0.0011904150240319433,0.0008006736992759718,0.6459282918637731,-5.499043090277423e-05,0.27131140911910007,nan,nan,nan,nan,nan,nan
519,2.599999999999967,Standing,0.888545105089966,0.4464676083551253,1.5715463802945007,-2.0922674144908044,0.0043089036558604694,-0.4117871593885016,-1.4874655588112284,0.9569415787564831,0.02317736584765038,0.025828896466239547,0.016716363283105922,0.027778242204103604,-0.3509867954858394,0.011579951777428817,-0.021937083837308205,-0.39540173986843596,-0.02411170972028427,-2.097607573510127,0.004487778596323361,-0.40798651564172983,-1.2353944036443059,-0.6753434017428049,0.03217958681330859,0.02535175451070245,0.020145968435515554,0.02880987667704987,-0.3293512981934752,-0.014097505386533635,-0.02362738837801836,-0.3951764775663527,0.0236512133461902,-0.02415274378017572,-0.056952351185765616,0.07594571376772871,-0.02398371552045395,-0.056960825973437615,-0.07592089486481174,0.0004574637378480089,-0.0003154850147732555,4.6653689009279754e-05,-0.0023987372603474586,1.3056755366122584e-05,5.5965670933921306e-05,0.003496674655039721,0.005007836747235226,4.994653071483704e-05,5.062014300903898e-06,7.08970632766001e-05,7.500200075810674e-06,0.0002823662865256623,3.360016625706034e-05,-1.841722065758343e-05,-1.3540408418416385e-05,-3.3432944033107967e-06,-0.0006112101085490165,1.7006160713570567e-05,-0.00014410745542831998,-0.007634299794956988,-0.0006966144172586388,-0.00012921192905809386,6.336769902542862e-07,5.908629248469661e-05,-9.999461391198108e-05,-0.0006703144967513015,7.266257954305549e-05,4.1109639845066554e-05,5.683389701155648e-05,-1.5100295079933068e-06,0.004613752368535264,0.007288089180551419,-0.0022299370434801535,0.006472984246486582,0.0017974804447535952,0.001431818307997872,0.6459295719868727,-5.499068809963772e-05,0.27131130597378844,nan,nan,nan,nan,nan,nan
520,2.6049999999999667,Standing,0.888547219266894,0.4464661558476772,1.5715464949612936,-2.092277823491203,0.004308959769123121,-0.41178689605521845,-1.4874499566757393,0.9569644070801886,0.02317769438151494,0.02582891084941457,0.016716715379302437,0.02777828138516779,-0.35098548977571276,0.011580107080606571,-0.021937162177980526,-0.39540180247204354,-0.024111725167368658,-2.097609093015723,0.004487856694154756,-0.407987185056834,-1.2354303331347212,-0.6753469566387212,0.032178988685863344,0.025351756789373937,0.020146412387094966,0.02880935662392841,-0.32935442290348393,-0.014097170506150027,-0.02362718961994686,-0.3951762123418691,0.023651205078536016,-0.02411955576909774,-0.056926799244886826,0.07593523307064227,-0.023957705344017734,-0.05697253991985497,-0.07591929416551019,0.0004228353856045144,-0.00029050148962448655,2.293335859416889e-05,-0.0020818000796960674,1.1222652530450408e-05,5.2666656619804495e-05,0.0031204270978031803,0.004565664741097262,6.570677291186316e-05,2.8766350044824925e-06,7.041923930305473e-05,7.836212837128709e-06,0.0002611420253223179,3.106063555065278e-05,-1.5668134463970326e-05,-1.252072152058869e-05,-3.0894168773289954e-06,-0.00030390111916784576,1.5619566279164884e-05,-0.00013388302083611103,-0.007185898083055198,-0.0007109791832591719,-0.00011962548904907396,4.5573429743791904e-07,8.879031588244937e-05,-0.0001040106242917745,-0.0006249420017424857,6.697607672155628e-05,3.9751614299762296e-05,5.304489671800152e-05,-1.6535308365945104e-06,0.006637602215595831,0.0051103881757578375,-0.0020961394172862263,0.00520203528724298,-0.0023427892834718537,0.0003201398603111911,0.645931347406856,-5.499047042341659e-05,0.2713107241731924,nan,nan,nan,nan,nan,nan
521,2.6099999999999666,Standing,0.8885487374812092,0.4464651095857479,1.5715464267968853,-2.0922826943883193,0.004308986863773323,-0.41178674073684396,-1.4874415970656631,0.9569814110915179,0.023178002197915125,0.025828911263879057,0.016717018784848135,0.027778319367958926,-0.35098472952773613,0.01158019775432569,-0.02193719950968356,-0.39540183913541277,-0.02411173414998478,-2.0976096356184417,0.004487933063176308,-0.407987779403357,-1.235462204249637,-0.6753502042376097,0.03217844758501549,0.025351760431973982,0.020146942377492958,0.02880883825856398,-0.32935719321868295,-0.014096877804532811,-0.02362700813994966,-0.39517597340956134,0.02365119856869068,-0.024088291549675876,-0.05694532632898386,0.07593413847512734,-0.023934194596909614,-0.05698003758788359,-0.07591715675659398,0.0003036428630555787,-0.00020925238584695247,-1.3632881679648785e-05,-0.0009741794232223384,5.418930040240607e-06,3.1063674895978185e-05,0.0016719220152237248,0.00340080226587274,6.156328003670392e-05,8.289289716842323e-08,6.068110913968303e-05,7.596558227773789e-06,0.00015204959532010394,1.8134743824033196e-05,-7.466340606589863e-06,-7.332673845522966e-06,-1.796523224330675e-06,-0.00010852054374139482,1.5273804310438734e-05,-0.00011886930459422673,-0.006374222983156943,-0.0006495197776871278,-0.00010822016956946966,7.285200090733842e-07,0.00010599807959865084,-0.00010367307288651332,-0.0005540630398083178,5.854032344314393e-05,3.6295999440079e-05,4.778646154894584e-05,-1.3019690674056518e-06,0.0062528438843733845,-0.0037054168194070106,-0.0002189191029870576,0.004702149421624056,-0.0014995336057239662,0.00042748178324113954,0.6459330536841513,-5.4990114694120866e-05,0.2713101538084349,nan,nan,nan,nan,nan,nan
522,2.6149999999999665,Standing,0.8885500632920298,0.4464642103374138,1.5715463667467753,-2.092286386415595,0.004309008807655015,-0.41178661720692206,-1.4874348192531892,0.9569972513845411,0.02317827924572102,0.025828909580573916,0.016717300861652882,0.02777835576077648,-0.3509841114548106,0.011580271624058162,-0.021937229746819924,-0.39540186890186513,-0.02411174145258598,-2.0976105088226,0.004488001671248302,-0.4079882850275368,-1.235488876980052,-0.6753538278143597,0.032177970159991624,0.02535176739257898,0.020147545153436138,0.02880832862896038,-0.3293595211648885,-0.014096637413460086,-0.023626851829017605,-0.39517576475214716,0.023651194825281805,-0.024057075098104393,-0.05697197025813667,0.07593470894902786,-0.02391207868135056,-0.05697491705314443,-0.07591248948629242,0.00026516216411990906,-0.00017984966682786516,-1.2010022006474043e-05,-0.0007384054551528429,4.388776338484972e-06,2.470598437751208e-05,0.0013555624947840514,0.003168058604631169,5.5409561178998694e-05,-3.3666102829505304e-07,5.641536094917894e-05,7.278563510977609e-06,0.00012361458509626086,1.4773946494435727e-05,-6.0474272729251825e-06,-5.953290467533932e-06,-1.4605202401977877e-06,-0.00017464083170110298,1.3721614398653545e-05,-0.00010112483595731985,-0.005334546082998012,-0.000724715350007897,-9.548500477439439e-05,1.3921209995561985e-06,0.00012055518863590556,-0.00010192592071926728,-0.0004655892411058056,4.807821454488163e-05,3.1262186411010956e-05,4.1731482839338035e-05,-7.486817748344253e-07,0.006243290314296573,-0.005328785830562522,0.00011409478010559158,0.004423183111810823,0.001024106947831947,0.0009334540603108629,0.6459344029772157,-5.4990082995953636e-05,0.271309800903523,nan,nan,nan,nan,nan,nan
523,2.6199999999999664,Standing,0.8885514256793586,0.44646330098837916,1.5715463764614401,-2.092292520562479,0.004309046498116161,-0.4117864460664002,-1.487424566944851,0.9570160653176569,0.02317859367302489,0.02582890967878885,0.01671759846113959,0.027778391830569234,-0.3509832419770727,0.01158037525415528,-0.021937280143969222,-0.39540191038110717,-0.024111751733409962,-2.097610409435456,0.004488057827802167,-0.4079887426276569,-1.2355134022989795,-0.6753573510057042,0.03217753772145638,0.025351773176573604,0.020148189854732587,0.028807831289330666,-0.32936164080224495,-0.01409642133960656,-0.023626704575589904,-0.3951755754832168,0.023651190990860833,-0.02402378214532,-0.05696975722535401,0.07592900015196061,-0.023896497615348206,-0.056991959455599324,-0.0759137235494399,0.00027247746576563247,-0.00018186980692488854,1.9429329793378594e-06,-0.0012268293767471825,7.538092229097111e-06,3.4228104377401326e-05,0.0020504616676385906,0.0037627866231685105,6.288546077435262e-05,1.964298660247634e-08,5.951989734135484e-05,7.213958550647791e-06,0.00017389554758693592,2.0726019423562582e-05,-1.0079429859801826e-05,-8.295848407435032e-06,-2.05616479576063e-06,1.987742878243473e-05,1.1231310773117658e-05,-9.152002401840989e-05,-0.004905063785483662,-0.0007046382688971029,-8.648770704919854e-05,1.1567989248151453e-06,0.00012894025928949222,-9.94679259433364e-05,-0.0004239274712947531,4.3214770705375316e-05,2.945068554011356e-05,3.785378606832716e-05,-7.668841942200198e-07,0.006658590556878976,0.0004426065565316809,-0.0011417594134506706,0.0031162132004709077,-0.0034084804909788186,-0.0002468126294939664,0.6459355868204635,-5.4990177415842204e-05,0.27130948977777447,nan,nan,nan,nan,nan,nan
524,2.6249999999999662,Standing,0.8885531683538758,0.44646216340155553,1.5715465119739118,-2.0923001881620364,0.004309086597230408,-0.4117862521828514,-1.4874127926424952,0.9570348079205644,0.023178964736298033,0.025828906915593978,0.016717904037884868,0.027778428797238405,-0.3509822512002576,0.011580493245876507,-0.021937339140473144,-0.39540195766951536,-0.02411176345211101,-2.0976132944210377,0.0044881044128526025,-0.4079890742232634,-1.2355300843995158,-0.6753601042488895,0.03217718815633526,0.02535178460238826,0.020148889575950946,0.02880735380722241,-0.329363120051762,-0.014096280288389124,-0.023626598208215135,-0.39517542566237696,0.023651192505508588,-0.02399217028133703,-0.05696212259091892,0.07592245550031382,-0.023878676930155728,-0.056965585332184494,-0.07590507640562892,0.0003485349034169101,-0.00022751736472129757,2.7102494320191865e-05,-0.0015335199115191888,8.01982284938427e-06,3.877670975010132e-05,0.0023548604711382108,0.0037485205814922293,7.421265462844623e-05,-5.526389740296435e-07,6.111534905598491e-05,7.3933338338609415e-06,0.00019815536301693033,2.3598344245241857e-05,-1.1799300784530824e-05,-9.457681633523445e-06,-2.343740209421401e-06,-0.0005769971162865504,9.317010087022196e-06,-6.631912130284414e-05,-0.003336420107257796,-0.0005506486370737948,-6.991302422352493e-05,2.2851629310300697e-06,0.00013994424367203638,-9.549642165067231e-05,-0.00029584990341129374,2.821024348713786e-05,2.1273474954077838e-05,2.9964167969918932e-05,3.0292955102012025e-07,0.0063223727965939225,0.0015269268870178123,-0.0013089303293586994,0.0035641370384952107,0.005274824682965522,0.0017294287621953492,0.6459367472102827,-5.498991280654509e-05,0.2713091184876442,nan,nan,nan,nan,nan,nan
525,2.629999999999966,Standing,0.8885535608532451,0.44646190378943573,1.5715462712748363,-2.0923015358714894,0.004309105731205903,-0.4117861634930504,-1.4874081325954904,0.9570501460888065,0.023179305185401133,0.02582888971456979,0.016718150519079062,0.027778462482038607,-0.35098180482238156,0.011580546654919048,-0.021937357152013604,-0.39540197880194367,-0.024111768713256786,-2.0976080273887883,0.004488149915185659,-0.40798948726805834,-1.2355539357210694,-0.6753625808718017,0.03217681948288049,0.02535178352249962,0.020149598147167904,0.028806880479335217,-0.3293651088550367,-0.01409607890851884,-0.023626449312813828,-0.3951752589279335,0.023651184053411142,-0.023966629577016698,-0.05697630420512728,0.07592136271281988,-0.023889860139752115,-0.05704566492192751,-0.07592444940452435,7.849987385874095e-05,-5.19224239573184e-05,-4.8139815133588606e-05,-0.00026954189054200503,3.826795099117592e-06,1.7737960197719e-05,0.000932009400952698,0.0030676336484138,6.80898206199741e-05,-3.4402048373547757e-06,4.929623883896993e-05,6.736960040225879e-06,8.927557520580686e-05,1.0681808508060907e-05,-3.60230809176214e-06,-4.226485660948876e-06,-1.0522291551334636e-06,0.0010534064499168041,9.100466611437139e-06,-8.260895898474672e-05,-0.00477026431071929,-0.000495324582429262,-7.373469095415081e-05,-2.1597772788503245e-07,0.00014171424339165132,-9.466557743874029e-05,-0.00039776065494570253,4.027597405697755e-05,2.9779080261756338e-05,3.3346888697780326e-05,-1.690419488821903e-06,0.0051081408640662115,-0.0028363228416721092,-0.00021855749878752417,-0.002236641919277308,-0.01601591794860324,-0.0038745997790850346,0.6459381044061495,-5.4989857139521704e-05,0.27130851635886033,nan,nan,nan,nan,nan,nan
526,2.634999999999966,Standing,0.8885562937669886,0.4464601710834761,1.571546771384696,-2.0923113942452045,0.004309141215413303,-0.41178595796011463,-1.4873951220865729,0.9570666533411114,0.023179649518564386,0.02582889304689072,0.0167184473975234,0.027778499823730644,-0.35098073308336997,0.011580674279266507,-0.021937425831280614,-0.3954020297628637,-0.02411178139886117,-2.0976212256035116,0.004488180674584213,-0.40798948844395194,-1.2355487201150748,-0.6753640866487305,0.03217667128990487,0.02535181525736134,0.020150444134399943,0.028806444444279905,-0.32936484093560364,-0.014096143129419182,-0.02362646126056075,-0.39517520742775014,0.02365120173036583,-0.023942788877787058,-0.05698004841214081,0.07591836704126903,-0.02393588921607022,-0.056838623702310236,-0.07588639630464054,0.0005465827487042729,-0.0003465411919290123,0.00010002197192959643,-0.0019716747430445726,7.096841480183985e-06,4.110658715315877e-05,0.002602101783496495,0.0033014504609990606,6.886663265082097e-05,6.664641860070352e-07,5.937568886749898e-05,7.4683384072091056e-06,0.0002143478023135827,2.552486949153712e-05,-1.3735853401773956e-05,-1.0192184005132008e-05,-2.537120876610086e-06,-0.002639642944679513,6.151879710768263e-06,-2.3517872269602602e-07,0.0010431211989277035,-0.00030115538575248426,-2.96385951234804e-05,6.346972344014411e-06,0.00016919744640748078,-8.720701106240898e-05,5.35838866208096e-05,-1.2844180068566402e-05,-2.3895493850324588e-06,1.0300036668656677e-05,3.535390937402377e-06,0.004768139845928113,-0.000748841402706269,-0.0005991343101684844,-0.009205815263620895,0.04140824392345466,0.007610619976761484,0.6459386670450443,-5.498927916302603e-05,0.2713085061697737,nan,nan,nan,nan,nan,nan
527,2.639999999999966,Standing,0.8885562019073384,0.44646023633326,1.571546341520253,-2.092312209117743,0.004309167589375764,-0.41178586835681363,-1.4873905460384746,0.9570827623354615,0.02318000667496068,0.025828871881977883,0.01671868147572755,0.02777853137173026,-0.3509802971812958,0.011580726263444457,-0.021937442059498078,-0.39540204956968683,-0.024111786521221777,-2.0976105741372155,0.004488208659094546,-0.4079898857466738,-1.235573677713811,-0.6753693500908722,0.03217636122477028,0.025351807010989397,0.020151334894541177,0.028805962863633572,-0.32936680330941326,-0.014095946408721983,-0.023626301688260947,-0.3951750541789926,0.02365118434026636,-0.02392115451323981,-0.056977090799414244,0.07591436581788008,-0.02408995704412264,-0.056975112291378055,-0.0759410792617886,-1.8371930034002493e-05,1.3049956777593354e-05,-8.597288856402856e-05,-0.0001629745076356338,5.274792492277605e-06,1.7920660203628574e-05,0.0009152096196505682,0.003221798870031944,7.143127925918683e-05,-4.232982567117643e-06,4.68156408298871e-05,6.3095999233849e-06,8.718041482860743e-05,1.03968355899185e-05,-3.2456434929177345e-06,-3.961364622770502e-06,-1.0244721217588988e-06,0.002130293259236874,5.596902066572415e-06,-7.946054436616722e-05,-0.004991519747244933,-0.001052688428335688,-6.201302691812531e-05,-1.6492743886140594e-06,0.00017815202824699052,-9.631612926687234e-05,-0.00039247476191862457,3.934413943983796e-05,3.191445996099135e-05,3.0649751498025766e-05,-3.478019894059883e-06,0.00432687290945002,0.0005915225453135145,-0.0008002446777898126,-0.030813565610484574,-0.027297717813563924,-0.010936591429611033,0.6459405148338122,-5.499004231276099e-05,0.27130734208002133,nan,nan,nan,nan,nan,nan
528,2.644999999999966,Standing,0.8885563303682797,0.446460188014934,1.571546200647279,-2.092312721054249,0.004309180290442692,-0.4117858036205111,-1.4873869274048235,0.9570968791151324,0.02318023556353164,0.02582886369392317,0.016718887767717266,0.02777856220287875,-0.3509799583483021,0.01158076700000167,-0.021937457070038344,-0.3954020658869728,-0.024111790521502814,-2.0976067259173283,0.004488237124160235,-0.407990104855931,-1.2355864556208107,-0.6753652354508011,0.03217614408488016,0.025351805757203374,0.020152124118307645,0.028805545258360436,-0.3293678835235609,-0.014095850126877031,-0.023626211128278046,-0.3951749590380124,0.0236511820473212,-0.023904575132955186,-0.05698984107519916,0.07591436435584856,-0.02415499452850509,-0.057016570700118084,-0.07596061800194064,2.569218826316808e-05,-9.66366520139975e-06,-2.8174594834900877e-05,-0.00010238730124530692,2.540213385446938e-06,1.294726050808256e-05,0.0007237267302487442,0.0028233559341681903,4.5777714191241024e-05,-1.637610942474022e-06,4.1258397943537515e-05,6.166229698598863e-06,6.776659873835928e-05,8.147311442459203e-06,-3.002108053432835e-06,-3.2634571985219706e-06,-8.000562070557954e-07,0.0007696439774244836,5.693013137902033e-06,-4.3821851452365095e-05,-0.0025555813999278963,0.0008229280142238275,-4.3427978023421896e-05,-2.5075720466899e-07,0.00015784475329350036,-8.352105462724172e-05,-0.00021604282952317137,1.9256368990365467e-05,1.8111996580001753e-05,1.9028196035538847e-05,-4.585890319511344e-07,0.003315876056924203,-0.0025500551569835185,-2.924063058925121e-07,-0.013007496876489714,-0.008291681748005493,-0.0039077480304068254,0.6459408012376412,-5.49884034316167e-05,0.2713074683689545,nan,nan,nan,nan,nan,nan
529,2.6499999999999657,Standing,0.8885576841271163,0.4464593617743257,1.5715464917462318,-2.0923195403328188,0.004309213917919629,-0.4117856354007091,-1.4873761379447992,0.9571141054471851,0.02318048811666357,0.025828869675508636,0.016719133851325195,0.027778594784372456,-0.35097907988596,0.011580871733482573,-0.021937514106457313,-0.3954021081852536,-0.024111800925735446,-2.0976111954884447,0.00448825568331818,-0.4079901438280412,-1.2355857509771144,-0.675364513243868,0.03217602467969102,0.025351824437449298,0.02015311623686935,0.02880511388353022,-0.3293678998307073,-0.01409588196529893,-0.02362619955607808,-0.39517491167623314,0.023651187218899417,-0.023887535380067958,-0.0569741626008563,0.07590847537867283,-0.02416795212811663,-0.056949971697611596,-0.0759480899553483,0.0002707517673146474,-0.00016524812165136208,5.821979057121141e-05,-0.0013638557139868538,6.725495387437435e-06,3.3643960398036844e-05,0.002157892004878159,0.0034452664105313257,5.051062638601897e-05,1.1963170934811468e-06,4.921672158569838e-05,6.516298741051767e-06,0.00017569246841997465,2.0946696180566407e-05,-1.1407283793774777e-05,-8.459656167876419e-06,-2.0808465260174244e-06,-0.0008939142232878977,3.7118315890433125e-06,-7.794422042556719e-06,0.00014092873925002037,0.00014444138661799904,-2.3881037827795638e-05,3.7360491845677734e-06,0.00019842371234049972,-8.62749660430977e-05,-3.2614292824522588e-06,-6.3676843799037395e-06,2.3144399932178704e-06,9.472355857632903e-06,1.0343156433357667e-06,0.003407950577445559,0.0031356948685716964,-0.0011777954351447294,-0.0025915199223080915,0.013319800501297625,0.002505609318468556,0.6459410730862214,-5.4987853140536055e-05,0.27130748013655,nan,nan,nan,nan,nan,nan
530,2.6549999999999656,Standing,0.8885581566627592,0.44645911638414054,1.5715464621774144,-2.0923181637748764,0.004309207663752636,-0.4117856264029241,-1.4873761457711514,0.9571232571647135,0.02318067404433089,0.025828857992740314,0.01671928852054788,0.02777862354596281,-0.35097902105107576,0.011580879316171895,-0.0219375099507368,-0.3954021115990032,-0.02411180161697509,-2.0976131855989584,0.004488274582649962,-0.40799015067391015,-1.2355838750816739,-0.675368073387243,0.032175940916248626,0.025351844196822744,0.020154083077083263,0.028804714037040807,-0.3293677626638349,-0.014095930109702283,-0.023626191599694736,-0.39517487401316537,0.023651189636167236,-0.02388397077569497,-0.05701991344327539,0.07591728907957902,-0.02415231531676537,-0.05690061527967826,-0.07593474707725081,9.450712856694926e-05,-4.907803703279588e-05,-5.913763500298624e-06,0.0002753115884784466,-1.2508333986905658e-06,1.7995569980931844e-06,-1.5652704487239925e-06,0.001830343505670276,3.718553346445378e-05,-2.336553664703695e-06,3.093384453728835e-05,5.752318070792657e-06,1.176697685324968e-05,1.5165378644065647e-06,8.311441030059114e-07,-6.827499158081314e-07,-1.382479287590203e-07,-0.0003980221027587357,3.779866356327021e-06,-1.3691737852538105e-06,0.0003751790881107635,-0.0007120286749951441,-1.6752688479506056e-05,3.95187468946211e-06,0.00019336804278263274,-7.996929788277599e-05,2.7433374482111065e-05,-9.62888067068286e-06,1.591276668744125e-06,7.532613559206519e-06,4.834535641470698e-07,0.000712920874597101,-0.009150168483818147,0.0017627401812384384,0.0031273622702520324,0.00987128358666725,0.0026685756194969835,0.6459420004650165,-5.498792243222281e-05,0.2713068826144165,nan,nan,nan,nan,nan,nan
531,2.6599999999999655,Standing,0.8885605301329111,0.4464576135798511,1.571546952463472,-2.0923367914139903,0.004309309988060297,-0.4117852075325712,-1.487349283828583,0.9571524544518085,0.023180986683172755,0.02582889515187404,0.01671965104522787,0.027778658480124722,-0.3509769070368554,0.01158113019998864,-0.021937654586698562,-0.39540221194979447,-0.024111826643382867,-2.0976157390802443,0.004488261466481602,-0.40799016906897084,-1.2355840017533932,-0.6753706607477218,0.03217587590487296,0.025351855758905875,0.020155053243762246,0.02880432843108089,-0.32936774519965595,-0.014095963348230666,-0.023626172746254715,-0.39517484216962895,0.023651190152049282,-0.023888302846129687,-0.0568887871707257,0.07589109873723761,-0.024131730333402993,-0.05691903270278901,-0.07593548193221412,0.00047469403038615714,-0.000300560857889652,9.805721151826619e-05,-0.00372552782280747,2.0464861532151262e-05,8.377407058316426e-05,0.005372388513720901,0.00583945741901558,6.25277683726955e-05,7.431826744676273e-06,7.250493599711327e-05,6.986832382633924e-06,0.00042280284406654887,5.017676334899396e-05,-2.892719235233352e-05,-2.0070158259349774e-05,-5.005281555400435e-06,-0.0005106962571589182,-2.623233672023407e-06,-3.6790121373504003e-06,-2.53343438793342e-05,-0.0005174720957515911,-1.300227513343285e-05,2.3124166263228e-06,0.00019403333579683842,-7.712119198299883e-05,3.4928357913903845e-06,-6.647705676674162e-06,3.7706880045417016e-06,6.368707284326662e-06,1.03176409236397e-07,-0.000866414086943446,0.02622525450993663,-0.005238068468283376,0.00411699667247586,-0.0036834846221496364,-0.0001469709926609354,0.6459424430728636,-5.498850452357349e-05,0.2713066483139269,nan,nan,nan,nan,nan,nan
532,2.6649999999999654,Standing,0.8885578084768786,0.4464594493587577,1.5715459382718866,-2.0923103483127368,0.004309183501550262,-0.41178567479073663,-1.487381348557529,0.9571391933480463,0.023181027171159278,0.025828825014610556,0.01671955689803844,0.027778677294045276,-0.3509792789851219,0.011580849634542369,-0.021937468873642618,-0.3954020992384887,-0.02411179852031869,-2.0976072508264765,0.004488301054950014,-0.40799023478125124,-1.2355884899015115,-0.6753714803980496,0.03217580035458496,0.02535185811130314,0.020156035016046507,0.028803946944572594,-0.3293680564573906,-0.014095957135499871,-0.02362612194144883,-0.3951748019010424,0.023651186073176563,-0.024033745251517864,-0.057081560623441115,0.07595348605395444,-0.024106299594312635,-0.05696003626944458,-0.0759403990224462,-0.0005443312065143822,0.00036715578131930475,-0.00020283831708565434,0.0052886202507246355,-2.5297302006980722e-05,-9.34516330860012e-05,-0.00641294578919957,-0.002652220752451289,8.097597304549321e-06,-1.4027452696704656e-05,-1.8829437886152745e-05,3.7627841109528227e-06,-0.0004743896532909388,-5.61130892543595e-05,3.7142611188588886e-05,2.254226115807374e-05,5.624612834916714e-06,0.0016976507535631394,7.917693682507739e-06,-1.3142456081830716e-05,-0.0008976296236333964,-0.00016393006557029692,-1.5110057599200214e-05,4.7047945254415386e-07,0.00019635445685240363,-7.629730165923598e-05,-6.225154692546932e-05,1.2425461588747948e-06,1.0160961177506166e-05,8.053717308279773e-06,-8.157745434429995e-07,-0.02908848107763566,-0.03855469054308309,0.012477463343365115,0.005086147818071349,-0.008200713331115444,-0.0009834180464158506,0.6459439873053406,-5.4987510565563976e-05,0.2713055053600295,nan,nan,nan,nan,nan,nan
533,2.6699999999999653,Standing,0.8885585886309844,0.44645901676804417,1.5715463374949485,-2.0923198564294347,0.004309247656856045,-0.41178545577662945,-1.4873657999153596,0.957162692768888,0.023180891275834028,0.0258288804758959,0.01671975424310816,0.027778700378912943,-0.3509781383270336,0.011580985368060407,-0.02193755910258574,-0.395402152943478,-0.02411181204121959,-2.0976081016659025,0.004488292006242434,-0.40799019896422,-1.235585020350671,-0.6753719845700756,0.03217578428302792,0.025351869176350586,0.020157088935715065,0.028803573218189684,-0.32936776296614906,-0.014096023017482067,-0.02362612387791944,-0.39517479884402434,0.023651189814208055,-0.024124670901059193,-0.05698811675882033,0.07594863252885817,-0.02407268947771124,-0.056967258813521354,-0.07593658558054439,0.0001560308211533758,-8.651814271105332e-05,7.984461239444573e-05,-0.0019016233395956648,1.2831061156670426e-05,4.3802821439204944e-05,0.0031097284338639872,0.004699884168345869,-2.7179065050109876e-05,1.1092257069021372e-05,3.946901394401484e-05,4.616973533320192e-06,0.00022813161765539343,2.7146703607775153e-05,-1.804578862434517e-05,-1.0740997867885045e-05,-2.7041801796580375e-06,-0.00017016788520822284,-1.8097415160984753e-06,7.163406244463276e-06,0.00069391016806175,-0.00010083440519688213,-3.214311408334168e-06,2.213009489230078e-06,0.00021078393371172592,-7.474527658219549e-05,5.869824830997424e-05,-1.3176396439182025e-05,-3.872941222610108e-07,6.114036114912184e-07,7.48206298400652e-07,-0.018185129908266044,0.018688772924157326,-0.000970705019254248,0.006722023320279354,-0.0014445088153536376,0.0007626883803626759,0.6459425956574352,-5.4989383417412984e-05,0.2713067010910497,nan,nan,nan,nan,nan,nan
534,2.674999999999965,Standing,0.888560188164842,0.44645803509455717,1.5715468195706346,-2.0923328153662037,0.004309317597772416,-0.41178515820054723,-1.487346431599377,0.9571864119555095,0.023181155183150205,0.02582890220871762,0.01671999997980346,0.02777872850102166,-0.3509766195920075,0.011581165704308399,-0.02193766440628533,-0.39540222533481295,-0.024111830027504194,-2.097611554769535,0.004488278028045791,-0.4079901096875637,-1.2355782741555636,-0.6753711771903355,0.03217581056971584,0.025351881279123415,0.020158261171944893,0.028803186835331382,-0.329367195029176,-0.014096122655315816,-0.023626144253032586,-0.39517481166910307,0.02365119454739443,-0.024153725437682474,-0.056889400650858506,0.07593296356650282,-0.024036064668642092,-0.056951369466005194,-0.07592721916947483,0.00031990677152183417,-0.00019633469740214392,9.641513719969516e-05,-0.0025917873537906434,1.3988183274223941e-05,5.95152164384788e-05,0.0038736631965077175,0.004743837324291163,5.2781463235164605e-05,4.346564343633107e-06,4.914733905995487e-05,5.624421743836051e-06,0.0003037470052312557,3.606724959844607e-05,-2.106073991792382e-05,-1.4478266990757891e-05,-3.5972569207281915e-06,-0.000690620726480113,-2.7956393286329474e-06,1.785533125805498e-05,0.0013492390214802693,0.0001614759480285786,5.257337584361484e-06,2.420554565934635e-06,0.00023444724596583989,-7.727657166020773e-05,0.00011358739461448285,-1.9927566749987673e-05,-4.075022628923679e-06,-2.5650157443076233e-06,9.466372747951136e-07,-0.005810907324656094,0.01974322159236496,-0.003133792471068847,0.007324961813829326,0.0031778695032321294,0.0018732822139127835,0.6459429891767207,-5.4989274339450914e-05,0.2713063024988338,nan,nan,nan,nan,nan,nan
535,2.679999999999965,Standing,0.8885604956646805,0.44645788520803487,1.5715467623746784,-2.0923330182181554,0.004309322674641036,-0.4117850815451579,-1.4873433225435229,0.9571973870673751,0.02318108591008771,0.025828932893300825,0.016720147146601853,0.027778754166468637,-0.3509762969868865,0.011581204255482635,-0.021937674962306763,-0.3954022412169866,-0.02411183383305157,-2.0976111542568927,0.004488277561081245,-0.40799004677525075,-1.235573852317531,-0.6753710937097638,0.032175836550402605,0.02535188949563165,0.020159464361457557,0.028802801847244056,-0.3293667831396448,-0.014096203928014988,-0.023626150185273836,-0.3951748187121495,0.023651194340385418,-0.02416248257216356,-0.056900546312486956,0.07593663587980705,-0.024004281169463553,-0.05695710167148108,-0.07592338153629985,6.149996772184674e-05,-2.997730445608777e-05,-1.1439191253542229e-05,-4.05703902937515e-05,1.015373724029716e-06,1.5331077863885478e-05,0.0006218111708267888,0.002195022373128734,-1.3854612498620758e-05,6.136916640754846e-06,2.9433359678961505e-05,5.133089395453522e-06,6.452102420473904e-05,7.710234847086858e-06,-2.111204286284521e-06,-3.1764347294737462e-06,-7.611094751873171e-07,8.010252843214394e-05,-9.339290906588289e-08,1.2582462596750937e-05,0.0008843676065354482,1.6696114331224247e-05,5.196137351842503e-06,1.6433016470435876e-06,0.00024063790253293048,-7.699761746546444e-05,8.237790623975673e-05,-1.6254539834152397e-05,-1.186448249839309e-06,-1.4086092802912908e-06,-4.140180210214922e-08,-0.0017514268962168763,-0.002229132325690584,0.0007344626608450536,0.006356699835707695,-0.001146441095177894,0.0007675266349946627,0.6459439540306807,-5.498892812430321e-05,0.2713054742523746,nan,nan,nan,nan,nan,nan
536,2.684999999999965,Standing,0.8885599032968919,0.44645832065498225,1.5715465109723252,-2.0923272004701072,0.004309302976236409,-0.41178512597201505,-1.4873476458506303,0.9572039711101709,0.02318079617062344,0.02582897026079923,0.01672022787636992,0.027778774814027615,-0.3509765770267178,0.01158117148118654,-0.021937646547105234,-0.39540222832141886,-0.02411183050615769,-2.0976084595282884,0.004488282139973503,-0.4079899991091583,-1.2355706153572314,-0.6753708708030242,0.03217586330062925,0.02535189493079815,0.02016066863358799,0.028802425891744796,-0.3293664607831985,-0.014096274281867483,-0.02362615009759149,-0.3951748261456781,0.02365119252356503,-0.024155806760078224,-0.05695779288419448,0.07594732644172666,-0.02397722531488354,-0.0569759689014914,-0.07592317645098366,-0.00011847355771257411,8.708938947719662e-05,-5.028047062214862e-05,0.001163549609635865,-3.939680925345442e-06,-8.885371428235144e-06,-0.0008646614214657821,0.00131680855914741,-5.7947892854193255e-05,7.473499680931134e-06,1.614595361275427e-05,4.129511795640915e-06,-5.600796626345622e-05,-6.554859218874654e-06,5.683040305780167e-06,2.5791135464770526e-06,6.653787764386757e-07,0.0005389457208198317,9.157784515936433e-07,9.533218495607309e-06,0.0006473920599177975,4.4581347915488044e-05,5.350045329599518e-06,1.0870333004645084e-06,0.00024085442608647294,-7.519109985216e-05,6.447128926239712e-05,-1.4070770498973766e-05,1.7536469457205607e-08,-1.4867057307129573e-06,-3.63364077680612e-07,0.001335162417066943,-0.011449314341504637,0.002138112383923655,0.005411170916002294,-0.0037734460020624693,4.101706323863998e-05,0.6459442472806916,-5.498908649660072e-05,0.27130520838141,nan,nan,nan,nan,nan,nan
537,2.689999999999965,Standing,0.8885597659803302,0.446458462890359,1.57154651975651,-2.0923263956134206,0.0043093099145172595,-0.41178508590240814,-1.4873454541677964,0.9572158256056336,0.023180512334007895,0.025829018450817406,0.016720335066616524,0.027778793987327792,-0.3509763970123935,0.011581193246077112,-0.021937657715413714,-0.3954022370342071,-0.024111832637791698,-2.097608026081775,0.00448827911058634,-0.40798991301006116,-1.235564448352618,-0.6753708592248671,0.03217591462044136,0.025351903330587996,0.02016188713591766,0.028802061425569875,-0.3293659159615772,-0.014096370656350735,-0.023626168824474658,-0.3951748483019935,0.023651193611008398,-0.024130848118491175,-0.056977059526997366,0.07594734267505723,-0.02395016854451063,-0.05697219068687749,-0.07591799832617037,-2.746331236289269e-05,2.8447075348768614e-05,1.756836958870497e-06,0.00016097133733804702,1.3876561701413312e-06,8.013921385864347e-06,0.00043833656678491793,0.0023708990925413267,-5.676732310858133e-05,9.638003635723668e-06,2.1438049321028378e-05,3.834660035591629e-06,3.60028648607955e-05,4.352978114468395e-06,-2.233661696049416e-06,-1.7425576582567928e-06,-4.263268016296779e-07,8.668930262862044e-05,-6.058774326157971e-07,1.7219819431435533e-05,0.0012334009226965103,2.3156314212281024e-06,1.026396242138105e-05,1.6799579692851061e-06,0.0002437004659337053,-7.289323498411239e-05,0.00010896432425456333,-1.9274896650460524e-05,-3.7453766340249353e-06,-4.431263084216705e-06,2.1748867381816667e-07,0.004991728317409792,-0.0038533285605767556,3.2466661148101636e-06,0.005411354074582665,0.0007556429227807437,0.0010356249626572646,0.6459439643273038,-5.4989425072225775e-05,0.2713053616574345,nan,nan,nan,nan,nan,nan
538,2.6949999999999648,Standing,0.888560129076217,0.44645826966348695,1.5715466856510654,-2.092330561346744,0.004309341757598491,-0.41178494848487496,-1.487336795613208,0.9572323551350495,0.023180389606988656,0.02582906170742075,0.01672048592483162,0.027778814071407153,-0.3509757158801364,0.01158127428716802,-0.02193770433388036,-0.39540226936163214,-0.024111840701471623,-2.0976082591463148,0.004488268752160793,-0.40798982529266636,-1.2355582861690266,-0.6753711804401171,0.032175973870592366,0.025351910720047974,0.020163105668194518,0.02880170650868545,-0.3293653649326464,-0.014096467413914172,-0.023626189138819455,-0.39517487365916987,0.023651194472907113,-0.024095907802874517,-0.05695446361498794,0.07593720481293445,-0.02392713860998284,-0.05697541448255576,-0.07591501915653864,7.261917736354948e-05,-3.8645374416933405e-05,3.3178911063711526e-05,-0.0008331466646742617,6.368616246424616e-06,2.7483506637926633e-05,0.0017317109176894804,0.0033059058831755206,-2.454540384761004e-05,8.65132066894414e-06,3.017164301911418e-05,4.016815872198229e-06,0.00013622645142754127,1.620821818160278e-05,-9.32369332953075e-06,-6.4654850033503465e-06,-1.612735984748215e-06,-4.661290793244363e-05,-2.07168510944414e-06,1.7543478961302214e-05,0.0012324367182607833,-6.42430500115135e-05,1.1850030201749254e-05,1.477891995261755e-06,0.00024370645537152762,-7.098337688449835e-05,0.00011020578615800444,-1.9351512687560606e-05,-4.062868959311957e-06,-5.071435266655669e-06,1.7237974331573744e-07,0.00698806312333182,0.004519182401885573,-0.0020275724245567115,0.004605986905557735,-0.000644759135654282,0.0005958339263453411,0.645943865243492,-5.4989560543408305e-05,0.2713053111550629,nan,nan,nan,nan,nan,nan
539,2.6999999999999647,Standing,0.8885603611546332,0.44645814926471217,1.5715467643486902,-2.0923331535982785,0.004309363644632258,-0.41178483935318194,-1.4873303392238009,0.9572468455855093,0.02318038978485764,0.025829085861097792,0.01672062817192904,0.02777883406642102,-0.35097517947766826,0.01158133810252193,-0.02193773678827958,-0.3954022948173062,-0.024111847043949898,-2.0976078625739136,0.004488260088297235,-0.4079897460860249,-1.2355529703132497,-0.6753711156288769,0.032176034268763344,0.025351915698505253,0.020164284780545785,0.028801369330832934,-0.329364878023089,-0.014096555490343082,-0.023626205218687104,-0.39517489880389967,0.023651194638616483,-0.024060210931649423,-0.056943859437848514,0.07592942489282477,-0.023908130567631813,-0.05698548147207646,-0.07591416607808271,4.641568325224892e-05,-2.407975495656591e-05,1.5739524992092177e-05,-0.0005184503069259509,4.377406753376735e-06,2.1826338600705726e-05,0.0012912778814119948,0.002898090091974427,3.557379698017419e-08,4.830735408092801e-06,2.844941948417743e-05,3.999002773533239e-06,0.00010728049362193599,1.276307078230267e-05,-6.490879844157728e-06,-5.091134808492453e-06,-1.2684956550112651e-06,7.931448020139328e-05,-1.7327727116364207e-06,1.5841328297842192e-05,0.001063171155360964,1.2962248058865768e-05,1.2079634195480119e-05,9.956914559696156e-07,0.00023582247025349362,-6.743557050368635e-05,9.738191147514392e-05,-1.7615285782280243e-05,-3.215973529568445e-06,-5.028945961865914e-06,3.314187397731904e-08,0.007139374245018587,0.0021208354278850136,-0.00155598402193592,0.003801608470205533,-0.002013397904140105,0.0001706156911856128,0.6459440505053284,-5.498929735249777e-05,0.27130502294264763,nan,nan,nan,nan,nan,nan
540,2.7049999999999645,Standing,0.8885603206300404,0.4464582010272946,1.5715467517265702,-2.092332254883356,0.004309365322865714,-0.41178480673370055,-1.4873288322843645,0.9572573119538995,0.023180417914628684,0.025829094438206975,0.016720734269342057,0.02777885231411907,-0.3509750199965362,0.011581357269813677,-0.021937741755894614,-0.3954023024022504,-0.024111848921946222,-2.097607937796796,0.004488255760846305,-0.4079896483221564,-1.235546334775835,-0.675371199243034,0.03217610681095022,0.025351921862092407,0.02016542677146303,0.028801052238677606,-0.3293642921624015,-0.01409665406943457,-0.023626229314304525,-0.39517493067170417,0.0236511961702031,-0.024029884266594297,-0.056964545624053384,0.07592890163010832,-0.02388933112005768,-0.05697581354507462,-0.07590903916717404,-8.1049185623583e-06,1.0352516490081618e-05,-2.524424010461302e-06,0.00017974298453731993,3.356466911330264e-07,6.52389627680893e-06,0.0003013878872909846,0.0020932736780466623,5.625954208584505e-06,1.7154218363620047e-06,2.121948260288154e-05,3.6495396104015634e-06,3.1896226417738366e-05,3.833458349521151e-06,-9.935230068275899e-07,-1.5169888304679768e-06,-3.755992649470505e-07,-1.5044576513556444e-05,-8.654901859394134e-07,1.955277369698164e-05,0.001327107482947583,-1.6722831439767766e-05,1.450843737554024e-05,1.2327174311642127e-06,0.0002283981834486873,-6.341843106570082e-05,0.00011717213750533615,-1.9715818297392124e-05,-4.819123484366039e-06,-6.373560906126104e-06,3.0631732373598956e-07,0.006065333011025259,-0.004137237240974337,-0.00010465254329036322,0.003759889514826519,0.0019335854003687137,0.0010253821817361305,0.6459441860686489,-5.498905082695814e-05,0.2713047851972147,nan,nan,nan,nan,nan,nan
541,2.7099999999999644,Standing,0.888559917109689,0.4464584768443555,1.5715466676273833,-2.092330836352075,0.004309369698531905,-0.411784784575982,-1.4873276771382729,0.957268587194141,0.023180461959187222,0.02582909780932715,0.016720829233080218,0.027778868411368698,-0.35097490343649684,0.011581371336453658,-0.021937745487099685,-0.3954023077497849,-0.024111850291598978,-2.0976052393961875,0.0044882512201828385,-0.40798960871720896,-1.2355438980850502,-0.6753716105558997,0.03217615320545376,0.02535192247739345,0.02016650596070736,0.028800750610785218,-0.32936403098968003,-0.014096713201592937,-0.02362623153480059,-0.39517494897501676,0.023651193904066763,-0.02400045715546545,-0.056977428728041214,0.07592690674453982,-0.023880696977714277,-0.057007754581467514,-0.07591463865273362,-8.070407028552541e-05,5.5163412184899195e-05,-1.681983740879057e-05,0.00028370625614844197,8.751332381562262e-07,4.431543705082722e-06,0.00023102921832252868,0.002255048048304388,8.808911707775933e-06,6.742240352490485e-07,1.8992747631955592e-05,3.2194499255570336e-06,2.3312007865543042e-05,2.8133279964038028e-06,-7.462410143423081e-07,-1.0695069104188211e-06,-2.739305513882295e-07,0.0005396801217061386,-9.081326933360683e-07,7.920989488570771e-06,0.00048733815699538927,-8.226257313334704e-05,9.278900708007045e-06,1.2306020872695311e-07,0.00021583784886564312,-6.032557847778129e-05,5.22345442844504e-05,-1.1826431673423508e-05,-4.440992127855602e-07,-3.6606625169331825e-06,-4.532272672398774e-07,0.005885422225769541,-0.0025766207975655327,-0.0003989771136985777,0.0017268284686799938,-0.006388207278578653,-0.0011198971119174843,0.645944163668715,-5.498915618047507e-05,0.2713046699736242,nan,nan,nan,nan,nan,nan
542,2.7149999999999643,Standing,0.8885608274710316,0.4464579053175236,1.5715469736064618,-2.0923353986232125,0.004309391629929131,-0.41178467048131634,-1.4873201397744313,0.9572822441066065,0.023180588822873917,0.025829106453141976,0.01672096707998961,0.027778886539703077,-0.35097430175824007,0.011581442918936253,-0.021937786418382316,-0.39540233626530363,-0.024111857415445026,-2.097611229445474,0.004488240700019677,-0.4079894160797186,-1.2355302604189953,-0.6753718925858615,0.03217627637083909,0.025351936544330884,0.02016757770366596,0.028800477563047152,-0.32936291647094906,-0.01409687167857115,-0.02362629776022517,-0.39517500979686543,0.023651203179154454,-0.023971421205311795,-0.056968668957844006,0.07592053688649207,-0.023870450720543314,-0.05691715297032539,-0.0758931850514693,0.00018207226852411985,-0.00011430536638452622,6.119581572224912e-05,-0.0009124542274599251,4.3862794452761096e-06,2.2818933137299487e-05,0.001507472768316039,0.0027313824930850343,2.537273733926088e-05,1.7287629655776967e-06,2.7569381878459667e-05,3.625666875741431e-06,0.0001203356513569718,1.4316496518783726e-05,-8.186256526355128e-06,-5.703103740956955e-06,-1.4247692096075078e-06,-0.0011980098572479574,-2.104032632407889e-06,3.852749807505689e-05,0.0027275332109616677,-5.64059923726262e-05,2.4633077066818723e-05,2.8133874866222077e-06,0.00021434859172039092,-5.460954761323032e-05,0.0002229037461992352,-3.169539564241873e-05,-1.3245084915676744e-05,-1.2164369738740034e-05,1.8550175380133754e-06,0.005807190030730768,0.001751954039441156,-0.0012739716095513185,0.0020492514341926946,0.018120322228425467,0.004290720252863695,0.6459439108605437,-5.498895180427741e-05,0.27130473509335246,nan,nan,nan,nan,nan,nan
543,2.7199999999999642,Standing,0.8885588636182097,0.446459156527608,1.571546416679604,-2.092329051526339,0.0043093888420851515,-0.411784717504927,-1.4873238366942294,0.9572930646727958,0.023180708234885,0.025829086579047318,0.01672101909127165,0.027778898452251812,-0.3509745528798392,0.011581413188177077,-0.021937760455613353,-0.3954023231674818,-0.02411185440838825,-2.0975960445194763,0.004488241007888012,-0.4079896298981527,-1.2355463830645272,-0.6753726034543527,0.032176202341234625,0.025351913118833634,0.020168497402396245,0.02880019402779615,-0.32936408137578077,-0.01409676034132306,-0.023626198613743668,-0.3951749618509876,0.02365118327368981,-0.02394757486872571,-0.05697637955323922,0.07591838206580619,-0.02399519935658441,-0.057111377487989994,-0.07595565402677347,-0.000392770564393012,0.00025024201687465165,-0.0001113853715292553,0.0012694193747104605,-5.575687958625175e-07,-9.404722137228308e-06,-0.0007393839595962863,0.0021641132378885904,2.388240221665657e-05,-3.974818931785872e-06,1.0402256408629128e-05,2.3825097468491125e-06,-5.0224319824379774e-05,-5.946151835094404e-06,5.192553792602051e-06,2.619564365207869e-06,6.014113551321285e-07,0.0030369851995059377,6.15736670310436e-08,-4.2763686811039956e-05,-0.0032245291063943385,-0.00014217369823905782,-1.4805920892855178e-05,-4.685099450036236e-06,0.0001839397460567601,-5.670705020062376e-05,-0.00023298096634506352,2.2267449617756297e-05,1.982929630039421e-05,9.589175563594327e-06,-3.98109292865317e-06,0.004769267317216963,-0.001542119079042829,-0.0004309641371759602,-0.02494972720821924,-0.038844903532921464,-0.012493795060832738,0.6459444030088571,-5.498926632970134e-05,0.2713041823063555,nan,nan,nan,nan,nan,nan
544,2.724999999999964,Standing,0.8885595546326716,0.44645872423972643,1.5715468209603263,-2.0923317110232875,0.004309395485745836,-0.41178465216367327,-1.4873190737275181,0.9573043733145921,0.023180791898983484,0.025829092445995544,0.01672111557841395,0.027778914258607647,-0.3509741801286104,0.011581457671010594,-0.021937788203737117,-0.3954023406128804,-0.02411185882619141,-2.097604394081474,0.00448823925423716,-0.407989412015181,-1.2355304709008328,-0.6753680378874977,0.03217632378231124,0.025351928442505747,0.02016935213485261,0.028799986489495798,-0.32936286026711964,-0.014096926727181432,-0.023626282497775635,-0.3951750309481074,0.023651198576633017,-0.023926607547810563,-0.05698360320576145,0.075916546617121,-0.024107585472402406,-0.056945955420452936,-0.0759375196440307,0.0001382028923820822,-8.645757631283368e-05,8.085614445553636e-05,-0.0005318993896674001,1.3287321368079898e-06,1.3068250749306672e-05,0.0009525933422608131,0.0022617283592460367,1.6732819696311636e-05,1.1733896454068783e-06,1.929742845986404e-05,3.161271167158223e-06,7.455024575803353e-05,8.896566703578979e-06,-5.549624752852773e-06,-3.4890797153224396e-06,-8.835606325441645e-07,-0.0016699123995188225,-3.5073017047402447e-07,4.3576594328146455e-05,0.0031824327388697625,0.0009131133709958534,2.4288215323194657e-05,3.0647344227668827e-06,0.0001709464912731235,-4.1507660070449715e-05,0.00024422173222454557,-3.327717167453622e-05,-1.6776806393557882e-05,-1.3819423965913679e-05,3.0605886416998345e-06,0.004193464183029011,-0.0014447305044465045,-0.0003670897370372353,-0.022477223163599343,0.03308441350741089,0.003626876548553615,0.645943270144736,-5.498759399158197e-05,0.27130499739941,nan,nan,nan,nan,nan,nan
545,2.729999999999964,Standing,0.888560260294335,0.4464582592827074,1.571547061256557,-2.092335085032592,0.004309411953482921,-0.4117845661064162,-1.4873133600564064,0.9573165738420683,0.023180970068654088,0.025829088935075368,0.016721221877553306,0.027778929564532522,-0.3509737200663046,0.011581512448549495,-0.021937818870450855,-0.3954023627070616,-0.0241118642753745,-2.097609177519977,0.004488231893180068,-0.4079892738169293,-1.235519940232872,-0.6753727597973466,0.032176416259020575,0.025351943288924515,0.02017033798872086,0.028799740116590516,-0.3293619827738783,-0.014097055440816573,-0.02362633719533354,-0.39517507413677455,0.023651202993408834,-0.023907006829153123,-0.056978174098346906,0.07591236776691843,-0.02415215962596059,-0.056857781414577556,-0.07592538899660753,0.00014113233268203782,-9.299140380666168e-05,4.805924613808358e-05,-0.0006748018609077414,3.2935474171368647e-06,1.7211451407912774e-05,0.0011427342223405907,0.0024401054952447364,3.563393412090517e-05,-7.021840351853814e-07,2.1259827871004227e-05,3.061184974747848e-06,9.201246116616522e-05,1.09555077800351e-05,-6.1333427478067925e-06,-4.418836243045392e-06,-1.0898366183462183e-06,-0.0009566877006518072,-1.4722114183943967e-06,2.763965034268228e-05,0.0021061335921677923,-0.0009443819697820222,1.849534186598823e-05,2.9692837538497764e-06,0.00019717077364983228,-4.927458105646965e-05,0.0001754986482709389,-2.5742727028039065e-05,-1.0939511580761733e-05,-8.637733430049246e-06,8.83355163213717e-07,0.003920143731488203,0.001085821482908934,-0.0008357700405150488,-0.008914830711636438,0.017634801175075994,0.002426129484635239,0.645943544443459,-5.498796896865362e-05,0.2713045752165246,nan,nan,nan,nan,nan,nan
546,2.734999999999964,Standing,0.8885597415453054,0.44645859042262104,1.5715468567451703,-2.092332406214431,0.004309409621174496,-0.41178457596166207,-1.48731441830016,0.957325571551237,0.023181055497882117,0.025829080458931158,0.01672127690481088,0.02777894162321148,-0.35097377335389374,0.011581506346204268,-0.02193781001697838,-0.3954023604253224,-0.02411186363700081,-2.097605498677201,0.00448822074293828,-0.40798923756650934,-1.2355191388595845,-0.6753816533802889,0.0321764478412838,0.025351946148841523,0.020170310637658697,0.02879977013460046,-0.32936183786321555,-0.014097076782515233,-0.023626334200868203,-0.39517509011394514,0.023651200856443687,-0.023893325162957054,-0.05699528662442041,0.07591370210048627,-0.024178231062677767,-0.05689941091650114,-0.07593866728960749,-0.00010374980591490928,6.622798273674033e-05,-4.090227734552411e-05,0.0005357636322383256,-4.664616850560718e-07,-1.971049164777767e-06,-0.00021164875073628286,0.001799541833744192,1.7085845605628596e-05,-1.695228841887394e-06,1.1005451514524642e-05,2.4117357918137217e-06,-1.065751782713034e-05,-1.2204690451096355e-06,1.7706944951734536e-06,4.5634784228386773e-07,1.2767473817632061e-07,0.000735768555221669,-2.230048357662891e-06,7.250083989043988e-06,0.00016027465749572515,-0.0017787165884581846,6.31645264564589e-06,5.71983401846692e-07,-5.470212432272985e-06,6.003601989022646e-06,2.8982132551363184e-05,-4.268339731945745e-06,5.988930672528773e-07,-3.195434116429208e-06,-4.273930292842555e-07,0.002736333239213379,-0.003422505214700989,0.0002668667135683415,-0.005214287343435696,-0.008325900384717748,-0.0026556585999916085,0.6459439261449386,-5.498810261521706e-05,0.27130413009643617,nan,nan,nan,nan,nan,nan
547,2.739999999999964,Standing,0.8885596198983726,0.44645865926477796,1.5715468380911586,-2.092335105432837,0.004309435872164916,-0.4117844768543237,-1.487308079333512,0.9573403306819763,0.023181130921420812,0.025829090260514758,0.016721383051677963,0.027778954653005786,-0.3509732716463724,0.011581566000691343,-0.0219378434043021,-0.3954023844632934,-0.024111869576567767,-2.097602222557444,0.004488203416820945,-0.4079892028096493,-1.2355194457096679,-0.6753839984462457,0.032176479281279924,0.02535194042083179,0.02017003694843717,0.028799866420618037,-0.3293618143165124,-0.014097078112424779,-0.02362632445224827,-0.39517511171691594,0.02365120359025533,-0.023877691997156773,-0.0569629973889085,0.07590466038762474,-0.024177774116276394,-0.05696229828394436,-0.07595234252457404,-2.4329386546973822e-05,1.3768431388739076e-05,-3.7308023353126225e-06,-0.0005398436811982737,5.25019808402009e-06,1.9821467673799473e-05,0.0012677933296122092,0.0029518261478699154,1.5084707739233257e-05,1.9603167197372446e-06,2.1229373417006026e-05,2.6059588613859034e-06,0.00010034150427721563,1.1930897414726221e-05,-6.677464744318588e-06,-4.807594197787967e-06,-1.1879133909577778e-06,0.0006552239514046647,-3.465223467104503e-06,6.9513720083854e-06,-6.13700166533185e-05,-0.0004690131913718768,6.287999224326295e-06,-1.1456019463062284e-06,-5.473784430512932e-05,1.925720351528024e-05,4.7093406293725055e-06,-2.6598190919826754e-07,1.9497239861028236e-06,-4.320594159041942e-06,5.467623285355537e-07,0.003126633160056417,0.006457847102383226,-0.0018083425723073468,9.138928027441467e-05,-0.01257747348864439,-0.0027350469933107003,0.6459436321744301,-5.498778780604683e-05,0.2713042583622695,nan,nan,nan,nan,nan,nan
548,2.7449999999999637,Standing,0.8885579346370863,0.4464597596239094,1.5715464390537395,-2.092321819597021,0.004309375051089155,-0.41178470673466333,-1.4873232187460688,0.9573388520399325,0.023181072557731754,0.02582906423831002,0.01672130972873155,0.027778961147144773,-0.3509744195997492,0.011581430293594588,-0.02193775841780866,-0.3954023303171138,-0.02411185598018823,-2.097598984800281,0.004488209831036245,-0.4079891217066642,-1.2355165982062013,-0.6753790484664297,0.032176534830277125,0.025351934533146284,0.02016982168599497,0.02879994992478339,-0.32936157283185225,-0.014097105175096686,-0.023626332165921245,-0.3951751408844242,0.023651208972821983,-0.02389733992624081,-0.05706067773464029,0.0759276818349967,-0.02415294561079938,-0.0569694537040328,-0.07594992290647377,-0.00033705225725585373,0.00022007182628335154,-7.980748381184775e-05,0.0026571671631800712,-1.2164215152254037e-05,-4.59760679360321e-05,-0.003027882511344853,-0.0002957284087511964,-1.1672737811893012e-05,-5.20444094746124e-06,-1.4664589282357435e-05,1.2988277971955944e-06,-0.0002295906753605289,-2.7141419351028786e-05,1.6997298687708647e-05,1.082923591796124e-05,2.7192759070098293e-06,0.0006475514326421182,1.2828430601612507e-06,1.6220597021592507e-05,0.0005695006932984433,0.000989995963207166,1.110979944057979e-05,-1.1775371012075808e-06,-4.305248844043137e-05,1.6700833070747395e-05,4.8296932036718806e-05,-5.412534381292337e-06,-1.5427345950674449e-06,-5.8335016452692905e-06,1.0765133308570498e-06,-0.003929585816807454,-0.019536069146358012,0.004604289474392621,0.004965701095403241,-0.001431084017687963,0.0004839236200526267,0.6459435236412264,-5.4987134536859755e-05,0.2713042192238267,nan,nan,nan,nan,nan,nan
549,2.7499999999999636,Standing,0.8885608016986261,0.4464578687028132,1.5715473983859911,-2.092348076038941,0.004309512923100508,-0.41178416086986525,-1.487286889535566,0.9573737374970367,0.023181258096083884,0.025829131262042823,0.01672162805349851,0.027778980768485218,-0.3509716455503005,0.011581759047684562,-0.02193796157517233,-0.3954024613928272,-0.024111888837747255,-2.0976066693936177,0.004488172305171178,-0.40798896764746034,-1.2355080819790327,-0.6753655951497909,0.032176637827922634,0.02535193198427404,0.020169886488624465,0.028799963835564206,-0.3293608954089676,-0.014097188334763233,-0.02362638156901655,-0.39517518050017086,0.023651214505154217,-0.023966541456868596,-0.05683722233954191,0.07589295113850374,-0.024115691369629114,-0.0569399704155761,-0.07593749988378805,0.0005734123079528335,-0.00037818421923708107,0.00019186645031267868,-0.005251288383985379,2.757440227054718e-05,0.00010917295961367096,0.007265842100539228,0.006977091420842377,3.7107670426091144e-05,1.3404746560654448e-05,6.36649533915498e-05,3.924268088693011e-06,0.0005548098897314171,6.575081799488904e-05,-4.063147273381425e-05,-2.6215142677991538e-05,-6.571511804901883e-06,-0.0015369186673489753,-7.5051730133782536e-06,3.0811840767818885e-05,0.0017032454337306906,0.0026906633277640874,2.059952910161025e-05,-5.097744489659845e-07,1.2960525898805248e-05,2.7821561631800145e-06,0.00013548457692609525,-1.6631933309354375e-05,-9.880619061111076e-06,-7.923149339564995e-06,1.1064664469388585e-06,-0.013840306125557561,0.0446910790196758,-0.0069461392985918505,0.007450848234052614,0.005896657691340473,0.0024846045371458496,0.6459424779380323,-5.498799521549618e-05,0.27130490833466303,nan,nan,nan,nan,nan,nan
550,2.7549999999999635,Standing,0.8885593345233967,0.4464587931731962,1.5715468029378326,-2.0923317989716423,0.004309428361306263,-0.4117844401771317,-1.487306812382441,0.9573659773440267,0.02318144585179655,0.025829070333881245,0.016721559444003116,0.027778990188968077,-0.35097307672707256,0.011581589540785659,-0.02193784327828786,-0.39540239355555334,-0.02411187185996985,-2.097604141460805,0.004488192414206888,-0.407988921022638,-1.2355062060078186,-0.6753543268356675,0.03217668879145202,0.02535192745622913,0.020170227583028243,0.028799889188262498,-0.3293607066332665,-0.014097219280450669,-0.023626392203493597,-0.39517517850670497,0.023651203923149403,-0.024104849963563966,-0.056948065955026,0.07593731912079874,-0.02407809224019681,-0.056932869625706366,-0.07592992669664603,-0.0002934350458698924,0.00018489407660495346,-0.00011908963172127711,0.0032554134597167104,-1.691235884890498e-05,-5.586145329689209e-05,-0.003984569374960941,-0.0015520306019942897,3.755114253296964e-05,-1.2185632315970962e-05,-1.3721899078717901e-05,1.884096571515231e-06,-0.00028623535440647045,-3.3901379780523666e-05,2.3659376893403963e-05,1.3567454770811457e-05,3.3955554812418837e-06,0.000505586562547208,4.021807141967559e-06,9.324964464465388e-06,0.0003751942428435564,0.0022536628246731145,1.0192705876369088e-05,-9.056089818014385e-07,6.821888075543662e-05,-1.4929460341358771e-05,3.7755140220013735e-05,-6.189137487226856e-06,-2.126895409019428e-06,3.986931777572494e-07,-2.116400963078689e-06,-0.027661701339074182,-0.022168723096819082,0.008873596459000373,0.0075198258864606115,0.0014201579739474357,0.0015146374284051192,0.6459440479922606,-5.4987075684101185e-05,0.2713034816851058,nan,nan,nan,nan,nan,nan
551,2.7599999999999634,Standing,0.8885577438437572,0.44645980710168737,1.5715464491161126,-2.0923206361163835,0.004309385251358287,-0.4117846293578109,-1.4873189647826224,0.9573671799419163,0.023181119037056726,0.025829082153533776,0.01672149595234895,0.027778993592580622,-0.3509740344946033,0.011581476395517685,-0.02193777729474053,-0.3954023482420018,-0.02411186052239273,-2.0976001102758057,0.004488206296655211,-0.4079889430851718,-1.2355072638264841,-0.6753470394517204,0.03217670164139082,0.02535192518566084,0.02017078290329675,0.02879974704747578,-0.32936075569352663,-0.01409722712324166,-0.023626392134154277,-0.3951751618684483,0.023651188505041342,-0.024165167048560893,-0.057018012348884775,0.07596107265437295,-0.024046039683632607,-0.05695787721097444,-0.07593025423105138,-0.00031813592790249653,0.0002027856982368663,-7.076434400537843e-05,0.00223257105174409,-8.621989595214961e-06,-3.78361358340655e-05,-0.002430480036313402,0.00024051957792837943,-6.536294796464503e-05,2.3639305064888073e-06,-1.2698330833566217e-05,6.807225092367499e-07,-0.00019155350615087055,-2.2629053594683165e-05,1.3196709466329412e-05,9.062710301480244e-06,2.2675154242738965e-06,0.0008062369998027882,2.776489664508518e-06,-4.412506761697688e-06,-0.00021156373309762948,0.00145747678944245,2.569987759458605e-06,-4.541136579408026e-07,0.00011106405370204251,-2.842815734374692e-05,-9.812052028910436e-06,-1.5685581981183278e-06,1.3867863828039062e-08,3.32765133134615e-06,-3.0836216121128956e-06,-0.012063416999385224,-0.013989278771755301,0.0047507067148417625,0.006410511312840235,-0.005001517053615916,-6.550688106943129e-05,0.6459432931937209,-5.498866073589848e-05,0.27130402942543513,nan,nan,nan,nan,nan,nan
552,2.7649999999999633,Standing,0.8885576554404678,0.44645984127024296,1.5715466800459008,-2.0923243890867838,0.004309417651060466,-0.4117845321256236,-1.4873115495771352,0.9573830354035817,0.023180946042126095,0.025829118692452833,0.016721549624191655,0.027778999809486733,-0.35097352032571844,0.011581537596796218,-0.02193782261435379,-0.39540237271172857,-0.024111866628263135,-2.097599801346978,0.004488204641195311,-0.4079889626374969,-1.2355068368460587,-0.6753424117401943,0.03217671130789922,0.02535192742595404,0.020171546692385585,0.028799545660620908,-0.3293607088208523,-0.014097250819247615,-0.023626403364329602,-0.39517515250477525,0.02365117709933256,-0.02417633232114322,-0.0569729220051445,0.07595361936672064,-0.02401408172628504,-0.05697238446640773,-0.07592829477901322,-1.768065786223968e-05,6.833711117215386e-06,4.618595764462708e-05,-0.000750594080067135,6.4799404358698256e-06,1.9446437454943014e-05,0.0014830410974305077,0.003171092333085602,-3.459898612634296e-05,7.307783811133421e-06,1.073436854104576e-05,1.2433812224155373e-06,0.00010283377697431747,1.2240255706721922e-05,-9.063922651987087e-06,-4.893945353372119e-06,-1.2211740816277558e-06,6.178576552767702e-05,-3.310919799451129e-07,-3.910465016919817e-06,8.539608507422474e-05,0.0009255423052086381,1.9333016792741825e-06,4.4805863942691095e-07,0.00015275781776678013,-4.0277370974659196e-05,9.374534873707244e-06,-4.739201190717127e-06,-2.2460350645828657e-06,1.8727346085432974e-06,-2.2811417570692253e-06,-0.0022330545164655838,0.009018068748055495,-0.001490657530461158,0.006391591469513987,-0.00290145108665799,0.0003918904076315307,0.6459422990544104,-5.498945913208289e-05,0.2713046918418806,nan,nan,nan,nan,nan,nan
553,2.769999999999963,Standing,0.8885582716448096,0.4464594065340405,1.57154701088679,-2.0923314916120006,0.004309459567527432,-0.41178435106839517,-1.4872999622865823,0.957400127057886,0.02318081750775463,0.025829165913451173,0.016721649562553686,0.02777901001024664,-0.3509726305050235,0.01158164314854582,-0.021937887096557075,-0.39540241522315467,-0.02411187717230717,-2.0976018754299135,0.004488201908557996,-0.4079889688708345,-1.2355049515469987,-0.6753409766481632,0.032176724680695976,0.025351933058415994,0.0201724393915769,0.02879930860980431,-0.3293605543768424,-0.014097289952638616,-0.023626421076006286,-0.395175151935564,0.0236511706199057,-0.024158818233595437,-0.05691606182414395,0.07593925522294472,-0.023981985090455335,-0.056963786899304654,-0.0759212657588892,0.0001232408683540883,-8.694724049729689e-05,6.616817782234233e-05,-0.0014205050434071892,8.383293393132037e-06,3.6211445686536386e-05,0.00231745811055546,0.003418330860860126,-2.5706874293032598e-05,9.444199668004144e-06,1.998767240608788e-05,2.040151981661296e-06,0.00017796413899515525,2.111034992064912e-05,-1.2896440656747321e-05,-8.50228522261354e-06,-2.1088088069514586e-06,-0.00041481658715442944,-5.465274630395033e-07,-1.2466675253129597e-06,0.00037705981198428093,0.00028701840621051336,2.6745593515547407e-06,1.1264923907925976e-06,0.0001785398382627187,-4.7410163319665485e-05,3.0888801976749156e-05,-7.826678200397378e-06,-3.5423353368656433e-06,1.138422488424988e-07,-1.295885372113953e-06,0.0035028175095572255,0.011372036200109988,-0.002872828755184832,0.006419327165940937,0.0017195134206151284,0.0014058040248041775,0.645942103444231,-5.4989302267568293e-05,0.2713046869504226,nan,nan,nan,nan,nan,nan
554,2.774999999999963,Standing,0.8885582250506735,0.44645938813194674,1.57154701998431,-2.0923315562046514,0.004309464738583674,-0.41178429651373993,-1.487297547736279,0.957409832816999,0.023180684919158704,0.025829195330137028,0.0167217038366567,0.027779019500032445,-0.3509724036948829,0.01158167007396668,-0.02193789720581211,-0.39540242631326794,-0.0241118798514634,-2.097601664062624,0.0044882088141706585,-0.40798901506484037,-1.2355060150828512,-0.6753423811674986,0.03217671676857068,0.025351935297561454,0.020173342514208346,0.028799061476626517,-0.3293606270130128,-0.014097302924547538,-0.023626418203156682,-0.3951751461656671,0.023651165628378518,-0.024134388312194995,-0.05691974348072778,0.07593617518892247,-0.023955263489395362,-0.05697015957628972,-0.07591838174464278,-9.318827214776598e-06,-3.6804187461697297e-06,1.819503995677309e-06,-1.2918530187139418e-05,1.0342112484630173e-06,1.0910931049126812e-05,0.00048291006063262915,0.0019411518226032224,-2.6517719185080975e-05,5.883337171216035e-06,1.0854820602701989e-05,1.8979571611499862e-06,4.5362028115286375e-05,5.385084172000265e-06,-2.0218510066344645e-06,-2.218022654631719e-06,-5.358312459006878e-07,4.227345784620426e-05,1.381122532424311e-06,-9.238801168877568e-06,-0.00021270717049032002,-0.0002809038670692466,-1.582425058493874e-06,4.4782909175653716e-07,0.00018062452628937506,-4.9426635558380525e-05,-1.4527234074058305e-05,-2.5943817843804153e-06,5.745699208787735e-07,1.1539793834650109e-06,-9.983054361200462e-07,0.004885984280088213,-0.0007363313167654453,-0.0006160068044482837,0.005344320211994331,-0.0012745353970128382,0.0005768028492838314,0.6459423805932143,-5.498902537207632e-05,0.2713043460006012,nan,nan,nan,nan,nan,nan
555,2.779999999999963,Standing,0.8885576053400834,0.4464597370227302,1.5715468713549543,-2.0923271219193005,0.004309449483093599,-0.4117843359568506,-1.4873009573550442,0.9574156990672051,0.02318050390689789,0.025829215233237113,0.016721716823148953,0.027779026210436965,-0.3509726364044655,0.011581642600766696,-0.02193787586950049,-0.395402415458462,-0.024111877089113973,-2.09760006235534,0.004488221433023138,-0.407989084432114,-1.235508850450463,-0.6753452260360946,0.032176693488480776,0.025351934710780007,0.020174167692090936,0.028798830260602426,-0.3293608487988418,-0.014097297182861452,-0.02362640256035048,-0.3951751403754961,0.023651164055345255,-0.02410799784993545,-0.056958945023363135,0.07594003502203679,-0.023932574736973515,-0.05698183802019464,-0.0759172895321601,-0.00012394211800511012,6.977815668328859e-05,-2.9725871155789817e-05,0.000886857070159325,-3.051098014986303e-06,-7.888622133261804e-06,-0.0006819237530063605,0.0011732500412352433,-3.6202452162130644e-05,3.980620016974057e-06,2.597298450761523e-06,1.3420809038422655e-06,-4.654191652577613e-05,-5.49463999664745e-06,4.267262323071797e-06,2.1709611842254436e-06,5.524698853534272e-07,0.00032034145683241925,2.523770495932998e-06,-1.3873454732287909e-05,-0.000567073522349526,-0.000568973719201132,-4.6560179804609794e-06,-1.173562889675819e-07,0.00016503557651788254,-4.624320481829458e-05,-4.4357165808419426e-05,1.1483372172944239e-06,3.1285612409584606e-06,1.1580342057953771e-06,-3.146066526847282e-07,0.005278092451908775,-0.007840308527071769,0.0007719666228642823,0.004537750484369189,-0.0023356887809847715,0.00021844249653637832,0.6459423424277221,-5.498901209951178e-05,0.2713043073562414,nan,nan,nan,nan,nan,nan
556,2.784999999999963,Standing,0.8885573605065495,0.44645984115684556,1.571546888357259,-2.09232607031231,0.004309451372302539,-0.4117843219525689,-1.4873001671317112,0.9574247774655055,0.02318037231514919,0.02582923643194214,0.016721753628342856,0.027779032415674816,-0.350972571303386,0.011581650448317934,-0.021937879999684117,-0.39540241858843445,-0.02411187786007898,-2.0976002401994265,0.004488229967572755,-0.4079891343660645,-1.2355103697336995,-0.6753489115195852,0.03217667523269289,0.025351935122441632,0.020174885254758877,0.028798628992987185,-0.32936098250121154,-0.014097299916225712,-0.023626393424138293,-0.39517514389868724,0.02365116787236266,-0.024075405801447788,-0.056974050861384996,0.07593799003313328,-0.02391048677866455,-0.05697432793592374,-0.07591210564678298,-4.896670677641786e-05,2.0826823075468005e-05,3.40046093370375e-06,0.00021032139803463896,3.778417879988603e-07,2.8008563408223023e-06,0.00015804466661328018,0.0018156796600572078,-2.6318349740533783e-05,4.239741005347393e-06,7.3610387808291165e-06,1.241047570388674e-06,1.3020215905605027e-05,1.5695102474637187e-06,-8.260367251502818e-07,-6.25994490816816e-07,-1.5419300127139768e-07,-3.55688172979493e-05,1.7069099234241164e-06,-9.986790097565483e-06,-0.00030385664730317826,-0.0007370966981165086,-3.651157577339601e-06,8.233232477596882e-08,0.00014351253358823996,-4.025352304827342e-05,-2.6740473948006876e-05,-5.466728522073585e-07,1.827242437145262e-06,-7.046382222228223e-07,7.634034808143875e-07,0.006518409697532517,-0.0030211676043727185,-0.0004089977807014845,0.0044175916617931205,0.00150201685417923,0.0010367770754258355,0.6459419594747488,-5.498920208935385e-05,0.2713045507413736,nan,nan,nan,nan,nan,nan
557,2.7899999999999627,Standing,0.8885573278518067,0.44645980257924894,1.5715469516036438,-2.0923280251273937,0.004309470250797936,-0.41178424709986955,-1.4872953293823907,0.9574370596595427,0.023180368089366372,0.02582925108626577,0.016721822991572044,0.027779039395370644,-0.35097219208279934,0.011581695456422788,-0.02193790605742005,-0.39540243649447643,-0.02411188234831166,-2.0975994844492862,0.004488232599938091,-0.4079892061978704,-1.2355141498016091,-0.6753543384563057,0.032176637842972,0.02535193306131233,0.02017523499786348,0.02879852609918519,-0.3293612932042356,-0.014097274592179323,-0.02362637129397973,-0.3951751411192913,0.023651171839429382,-0.024039887131178116,-0.056959398149820276,0.07592940925113689,-0.02389565835515966,-0.056993319830720465,-0.0759138857580968,-6.530948549215438e-06,-7.715519322171017e-06,1.2649276965323838e-05,-0.00039096301670629697,3.7756990794468135e-06,1.4970539869565482e-05,0.0009675498641014618,0.0024564388074548274,-8.451565633323461e-07,2.930864725784068e-06,1.3872645837701905e-05,1.3959391655828291e-06,7.58441173312904e-05,9.001620971003219e-06,-5.2115471869845215e-06,-3.5812084000480586e-06,-8.976465354594765e-07,0.00015115002808585782,5.264730671960835e-07,-1.4366361174601973e-05,-0.0007560135819087874,-0.0010853873440972847,-7.4779441772745146e-06,-4.122258605756671e-07,6.994862092013324e-05,-2.0578760399227893e-05,-6.214060480358909e-05,5.064809277773352e-06,4.426031712519705e-06,5.5587919129889e-07,7.934133449185108e-07,0.0071037340539344155,0.0029305423129441415,-0.0017161563992772759,0.0029656847009782855,-0.0037983789593453885,-0.0003560222627619744,0.6459417581606735,-5.4989309652428e-05,0.2713046388852073,nan,nan,nan,nan,nan,nan
558,2.7949999999999626,Standing,0.8885576221964145,0.44645955386806174,1.571547062607522,-2.092329750376758,0.004309480901602372,-0.4117841859869064,-1.4872915297581857,0.9574472266987647,0.023180449284156437,0.025829254114504853,0.016721892917177593,0.027779047349009205,-0.3509718768382588,0.011581732888223503,-0.021937925746775003,-0.3954024515050467,-0.024111886078351373,-2.0976018310093565,0.0044882355633901186,-0.4079892085778503,-1.2355137870513677,-0.6753571693252176,0.03217663194264937,0.025351933161928894,0.02017535430261218,0.028798493976574652,-0.32936129450357793,-0.014097280550754297,-0.02362637113232921,-0.39517515464687203,0.023651181745438364,-0.02400781497859589,-0.05695893487462519,0.07592428256934323,-0.023878065646655584,-0.05696259356520405,-0.07590432393088824,5.886892156132412e-05,-4.974223744420799e-05,2.2200775679497322e-05,-0.0003450498728282087,2.130160887092141e-06,1.2222592627828761e-05,0.0007599248410271775,0.0020334078443838017,1.6238958012802107e-05,6.056478167729328e-07,1.3985121109994974e-05,1.5907277118231751e-06,6.304890810757455e-05,7.4863601429000696e-06,-3.937870990111006e-06,-3.0021140606211862e-06,-7.460079430512964e-07,-0.00046931201403831407,5.926904053777956e-07,-4.7599598202003763e-07,7.255004826402776e-05,-0.0005661737823844343,-1.1800645248577695e-06,2.0123312569211853e-08,2.38609497404685e-05,-6.424522107498325e-06,-2.598684759449804e-07,-1.1917149947926872e-06,3.233010402683785e-08,-2.7055161392968626e-06,1.9812017961573113e-06,0.00641443051644492,9.265503901794781e-05,-0.0010253363587320356,0.003518541700815143,0.006145253103283114,0.0019123654417120604,0.6459416885598643,-5.498901643213675e-05,0.2713046379998238,nan,nan,nan,nan,nan,nan
559,2.7999999999999625,Standing,0.8885565621721222,0.4464601677130931,1.5715467686728142,-2.092325454055834,0.004309473833437335,-0.41178422470608667,-1.4872944288967067,0.9574547609086826,0.02318051964108177,0.025829240901299785,0.016721913812083926,0.027779052094983304,-0.35097207602068836,0.011581709300487854,-0.021937906741364952,-0.39540244173016265,-0.02411188370527067,-2.097595149204006,0.0044882453294497054,-0.40798937924525197,-1.235526011292785,-0.6753576305462219,0.03217654255615981,0.025351916155075177,0.020175334318061577,0.028798474190574616,-0.3293622646751322,-0.014097170261405329,-0.023626301622752345,-0.3951751184109737,0.023651178230476477,-0.02398118358183675,-0.05697745760615384,0.07592388118395219,-0.02389504733805659,-0.05705326474186653,-0.07592694262866244,-0.00021200485846447828,0.00012276900627609144,-5.878694158385278e-05,0.0008592641848158863,-1.4136330074227447e-06,-7.743836046815162e-06,-0.0005798277042006396,0.001506841983591762,1.40713850671615e-05,-2.6426410136359984e-06,4.178981266668789e-06,9.491948202104191e-07,-3.9836485909555827e-05,-4.717547129684441e-06,3.801082010420642e-06,1.954976813299203e-06,4.7461614100760347e-07,0.0013363610701118231,1.9532119174507385e-06,-3.413348033535101e-05,-0.0024448482834551737,-9.22442008610581e-05,-1.787729791338568e-05,-3.401370743493391e-06,-3.996910121210116e-06,-3.957200007392719e-06,-0.0001940343108497274,2.205786979356464e-05,1.39019153733156e-05,7.247179666932274e-06,-7.029923775142139e-07,0.005326279351828135,-0.003704546305730349,-8.027707821127981e-05,-0.0033963382802013557,-0.01813423533249674,-0.004523739554841555,0.6459418317154411,-5.4989111515332347e-05,0.2713044794887325,nan,nan,nan,nan,nan,nan
560,2.8049999999999624,Standing,0.8885582169563225,0.44645905007792536,1.571547299422102,-2.0923316828729717,0.00430949094188059,-0.41178411211932603,-1.487286669094579,0.9574648884387696,0.023180642851356705,0.025829248040208978,0.016722010282705185,0.02777906180882989,-0.35097147038462745,0.011581781207739058,-0.021937951297090218,-0.39540247031811954,-0.024111890882919058,-2.0976084741447876,0.004488247686654354,-0.4079891823534735,-1.235511388060296,-0.6753531824448458,0.032176631511008684,0.02535193090554394,0.020175405357731234,0.028798476557886893,-0.3293611936032067,-0.014097300188624498,-0.023626384736025192,-0.3951751739748172,0.023651199116184924,-0.023955181864722643,-0.056976465457181616,0.07591957825936425,-0.02395192326372344,-0.05683758039429849,-0.07588875559981217,0.0003309568400589658,-0.00022352703355416637,0.0001061498575925156,-0.0012457634275248345,3.4216886510453237e-06,2.251735212788581e-05,0.001551960425563973,0.0020255060174093815,2.4642054986628022e-05,1.4277818388780755e-06,1.9294124251980018e-05,1.942769316689871e-06,0.00012112721218725662,1.4381450240797358e-05,-8.911145052941362e-06,-5.7175913814875234e-06,-1.4355296776319942e-06,-0.0026649881562946067,4.7144092967144236e-07,3.937835569901205e-05,0.0029246464978459003,0.0008896202752144051,1.779096977501891e-05,2.9500937524118157e-06,1.4207933931305194e-05,4.734624552706072e-07,0.00021421438509374336,-2.5985443833756795e-05,-1.6622654569701736e-05,-1.1112768706516118e-05,4.177141689156339e-06,0.00520034342282125,0.00019842979444433884,-0.0008605849175849733,-0.011375185133369745,0.04313686951360857,0.007637405770054189,0.6459412083527755,-5.498855771989671e-05,0.27130496694269735,nan,nan,nan,nan,nan,nan
561,2.8099999999999623,Standing,0.8885572429858323,0.44645959248965505,1.5715469006082166,-2.092328925098484,0.004309496799374025,-0.41178411827899924,-1.4872876380651712,0.9574739943517284,0.023180820930399106,0.025829225674930952,0.01672205235825281,0.027779066757131668,-0.3509715142408313,0.01158177589148719,-0.021937941264940915,-0.39540246732958617,-0.024111890336551423,-2.097598900857304,0.004488255873967627,-0.4079894324795893,-1.2355289252317594,-0.6753539380929037,0.032176510769950414,0.025351909878713455,0.020175538205123612,0.028798402698514084,-0.32936253486685463,-0.01409714916180166,-0.023626289570628626,-0.3951751027849829,0.023651181208371962,-0.023932212984671183,-0.05697580382100964,0.07591585076563653,-0.02409496491157277,-0.05695542031023206,-0.07593756023236754,-0.00019479409805448275,0.0001084823459390497,-7.976277711206181e-05,0.0005515548975532788,1.1714986870192219e-06,-1.2319346408500343e-06,-0.00019379411844359408,0.0018211825917473445,3.561580848036597e-05,-4.473055605298393e-06,8.415109525454171e-06,9.896603554612288e-07,-8.771240763710266e-06,-1.063250373405444e-06,2.0064298602932846e-06,5.9770667055836e-07,1.0927352680956789e-07,0.0019146574966898613,1.6374626545635503e-06,-5.002522316154131e-05,-0.003507434292688536,-0.0001511296115804812,-2.4148211653835608e-05,-4.205366097278256e-06,2.6569478475742204e-05,-1.477187456145404e-05,-0.0002682527295822718,3.0205364567449617e-05,1.903307931297358e-05,1.4237966856507523e-05,-3.5815625925523065e-06,0.004593776010292342,0.00013232723439490614,-0.0007454987455429743,-0.028608329569865955,-0.023567983186715255,-0.009760926511073466,0.6459421175284169,-5.498935924767379e-05,0.27130417112772875,nan,nan,nan,nan,nan,nan
562,2.814999999999962,Standing,0.8885563694821059,0.4464600840399269,1.5715467075196652,-2.092325761515613,0.004309491734825519,-0.4117841462063153,-1.487289490672435,0.9574817362248382,0.023180890172317493,0.025829214282401456,0.016722077076393674,0.027779071504707348,-0.35097164513839607,0.011581760500948161,-0.021937929629192585,-0.3954024612127218,-0.024111888782830295,-2.097593934113176,0.0044882718989350595,-0.40798961033694553,-1.2355406730031768,-0.6753466237827155,0.032176410522746855,0.0253518928724308,0.020175579294695916,0.02879835604936086,-0.32936351211994375,-0.014097039062328226,-0.02362623007724524,-0.3951750535215454,0.023651172642869263,-0.0239139093143616,-0.056987548652021776,0.07591535308387411,-0.02415589551345864,-0.057013533085060394,-0.07596009155427932,-0.00017470074526168604,9.831005436249135e-05,-3.861771025962057e-05,0.0006327165741173245,-1.0129097010067754e-06,-5.585463216117301e-06,-0.00037052145276452147,0.0015483746219642973,1.3848383677128365e-05,-2.2785058992896533e-06,4.943628172877454e-06,9.495151357773326e-07,-2.617951295456448e-05,-3.0781078056822847e-06,2.3271496663098634e-06,1.223372872076678e-06,3.1074422521248135e-07,0.0009933488256152684,3.2049934865558286e-06,-3.5571471244978026e-05,-0.002349554283488916,0.0014628620376308048,-2.004944071234628e-05,-3.4012565314584925e-06,8.217914460838852e-06,-9.329830644955252e-06,-0.00019545061782029284,2.2019894686711073e-05,1.1898676677168716e-05,9.852687501341313e-06,-1.713100540132387e-06,0.003660734061916363,-0.002348966202427208,-9.953635248486736e-05,-0.012186120377174467,-0.011622554965667184,-0.004506264382356893,0.6459416248313574,-5.4987957004639916e-05,0.27130461288251945,nan,nan,nan,nan,nan,nan
563,2.819999999999962,Standing,0.8885567382126062,0.4464597809076228,1.5715469390947083,-2.092328583375086,0.004309505008036444,-0.41178407866670313,-1.4872846954593946,0.9574921966159871,0.023180994195652165,0.025829214782380712,0.01672214495363714,0.027779078715598104,-0.35097127433499387,0.01158180464454922,-0.02193795708973411,-0.39540247930282524,-0.02411189318416889,-2.0975974309704677,0.004488285915829879,-0.4079896610357084,-1.235541524854485,-0.6753436843019922,0.032176359375287705,0.025351896965868884,0.02017581714062971,0.028798270014368865,-0.32936366215288176,-0.014097030219497908,-0.02362623635761923,-0.3951750330841961,0.02365117158673617,-0.023895754573223068,-0.05697632589202078,0.075910227103861,-0.02416627542377863,-0.056959780743388436,-0.07594997160423811,7.374610005000248e-05,-6.062646082349538e-05,4.631500861519834e-05,-0.0005643718946584765,2.6546421848964972e-06,1.3507922430971546e-05,0.0009590426080936632,0.002092078229757301,2.080466693461158e-05,9.999585108506559e-08,1.3575448692926888e-05,1.4421781513137215e-06,7.416068043833643e-05,8.828720211979086e-06,-5.492108305137781e-06,-3.618020685688331e-06,-8.802677194111975e-07,-0.0006993714583246912,2.803378963895697e-06,-1.0139752568111194e-05,-0.00017037026163321898,0.0005878961446637664,-1.0229491829489748e-05,8.186876173419618e-07,4.7569186759062254e-05,-1.7206998399091724e-05,-3.0006587609005328e-05,1.7685660636845641e-06,-1.2560747982677581e-06,4.087469867141274e-06,-2.1122661905141732e-07,0.0036309482277065634,0.002244552000199675,-0.0010251960026202754,-0.002075982063997825,0.0107504683343912,0.0020239900082422,0.64594109097164,-5.498739033637162e-05,0.27130503807299156,nan,nan,nan,nan,nan,nan
564,2.824999999999962,Standing,0.8885567516895788,0.44645971718101174,1.5715469750160034,-2.092326607807713,0.004309493402440604,-0.41178410650238406,-1.487286493234669,0.9574972298894479,0.023181081060900388,0.02582920227739479,0.0167221627473456,0.027779084435933472,-0.3509713973715792,0.011581790258877412,-0.021937946733304316,-0.3954024740261991,-0.02411189173241519,-2.097600214073758,0.004488300303095064,-0.40798968992267665,-1.2355413055510802,-0.6753484465938107,0.03217631245700667,0.025351907588094136,0.020175787864607005,0.0287982640209238,-0.3293636924396988,-0.014097029625946295,-0.023626246156432933,-0.3951750142854984,0.02365117065688035,-0.023886771841103736,-0.05700674142944222,0.07591499566628576,-0.024148359517387852,-0.056906628523096255,-0.07593543060386335,2.695394537910196e-06,-1.2745322205731484e-05,7.184259003223624e-06,0.00039511347464452225,-2.3211191680158295e-06,-5.567136183733665e-06,-0.00035955505487230896,0.0010066546921517023,1.737304964475396e-05,-2.500997184626475e-06,3.5587416921450234e-06,1.1440670737872742e-06,-2.460731706290889e-05,-2.877134361652375e-06,2.071285959027229e-06,1.055325221908538e-06,2.903507402427945e-07,-0.0005566206580915733,2.8774530370472274e-06,-5.777393653700338e-06,4.3860680938490195e-05,-0.0009524583636830543,-9.383656207892982e-06,2.124445050344673e-06,-5.855204541051906e-06,-1.1986890123307693e-06,-6.057363407711414e-06,1.1871032236429806e-07,-1.9597627403304286e-06,3.759739546145455e-06,-1.8597116364506228e-07,0.0017965464238662346,-0.006083107484287447,0.0009537124849535328,0.003583181278156067,0.010630444058436453,0.002908200074953352,0.6459412420417693,-5.4987503117286914e-05,0.27130488694608984,nan,nan,nan,nan,nan,nan
565,2.829999999999962,Standing,0.8885578798287331,0.4464589109754678,1.5715472652976643,-2.0923367720980743,0.0043095497857036725,-0.41178388215544787,-1.487271885368832,0.9575146714676888,0.02318125348135652,0.025829218856374254,0.016722313512311387,0.02777909435619957,-0.35097026168780027,0.011581924875313634,-0.021938026574095718,-0.39540252807953,-0.024111905182308404,-2.0976020366986026,0.004488295698964765,-0.4079897641442419,-1.2355453133697023,-0.6753533503257294,0.0321762515537125,0.025351909189321394,0.020175686514568133,0.028798270329192587,-0.32936403045284096,-0.014096991152026195,-0.02362622934426499,-0.39517498920338573,0.0236511697162495,-0.023876367994427626,-0.05692937952035175,0.07589764118987517,-0.02412546934808317,-0.05691751907594706,-0.07593414457783942,0.0002256278308523409,-0.00016124110878406502,5.805633220695413e-05,-0.0020328580722785146,1.1276652613730097e-05,4.486938724401323e-05,0.0029215731674054625,0.003488315648191348,3.448409122655152e-05,3.3157958929177327e-06,3.0152993157400702e-05,1.9840532198353376e-06,0.0002271367557780378,2.6923287244333123e-05,-1.596815828033533e-05,-1.0810666188160182e-05,-2.6899786428397657e-06,-0.0003645249688834363,-9.208260598972822e-07,-1.4844313046135027e-05,-0.0008015637243960484,-0.0009807463837463498,-1.2180658833579708e-05,3.202454515831887e-07,-2.0270007774523783e-05,1.261653757425903e-06,-6.760262843111888e-05,7.694784020072344e-06,3.3624335886904247e-06,5.016422529682078e-06,-1.8812617015988484e-07,0.0020807693352218283,0.015472381818093347,-0.0034708952821181326,0.00457803386093635,-0.002178110570161861,0.00025720520478317386,0.6459412349108423,-5.4988052299547054e-05,0.271304885559723,nan,nan,nan,nan,nan,nan
566,2.8349999999999618,Standing,0.8885548920956591,0.44646080326986315,1.5715463640349612,-2.092311395457876,0.004309428220505669,-0.4117843580764246,-1.4873036132906956,0.9574993093717746,0.023181171900628954,0.025829154740908147,0.016722100259151006,0.02777909109879209,-0.3509726671738654,0.01158164000498022,-0.02193784757586532,-0.3954024138717943,-0.024111876679040863,-2.0975943600863562,0.00448833458393721,-0.4079899105551051,-1.2355550183904818,-0.6753571026888396,0.03217615509990149,0.02535190139258013,0.020175568624671954,0.02879826809014032,-0.3293648162961329,-0.014096899387550092,-0.023626172785708763,-0.3951749480733052,0.023651166472731973,-0.023967614434767512,-0.057106682955129315,0.07594800465820986,-0.024099886213788987,-0.05695792340224391,-0.0759389051634746,-0.000597546614808064,0.00037845887907432486,-0.00018025254064232526,0.0050753280396749565,-2.431303960072958e-05,-9.51841953502645e-05,-0.006345584372703364,-0.00307241918283026,-1.631614551311591e-05,-1.282309322114213e-05,-4.26506320757481e-05,-6.51481495744253e-07,-0.0004810972130242009,-5.69740666829062e-05,3.5799646079829875e-05,2.284154714366578e-05,5.700653508300053e-06,0.0015353224492890957,7.776994489065637e-06,-2.9282172643444288e-05,-0.0019410041559118551,-0.0007504726220416307,-1.929076220300531e-05,-1.559348252838595e-06,-2.3577979235520756e-05,-4.4781045309750206e-07,-0.00015716865838386718,1.8352895220470697e-05,1.1311711245451248e-05,8.226016098234554e-06,-6.487035051630519e-07,-0.018249288067977265,-0.03546068695551291,0.010072693666937325,0.005116626858836274,-0.00808086525937076,-0.0009521171270334323,0.6459419064083926,-5.498749343629797e-05,0.2713043658806066,nan,nan,nan,nan,nan,nan
567,2.8399999999999617,Standing,0.8885565440655891,0.4464596691856678,1.5715470783241539,-2.092330302265214,0.00430953575850129,-0.41178397481339823,-1.4872770552286698,0.957527301899194,0.023181151569660562,0.025829216471401982,0.016722290990709605,0.027779098687001298,-0.3509706994808871,0.011581873221389353,-0.021938000406996415,-0.39540250641174857,-0.024111899995661896,-2.097597836809749,0.004488320132903667,-0.40798997397007836,-1.2355584718972834,-0.6753547594664999,0.03217610351113355,0.025351896726409678,0.020175559833032933,0.028798242103798555,-0.3293651458667789,-0.01409686337679354,-0.02362615821856986,-0.39517493342025456,0.0236511717253755,-0.024074538098724188,-0.05692061867536773,0.07592697348492464,-0.024066950530792473,-0.05696877582969256,-0.07593599723838737,0.0003303939860224628,-0.0002268168390637291,0.0001428578385300894,-0.003781361467715077,2.150759912431719e-05,7.665260527241088e-05,0.005311612405175411,0.0055985054838782865,-4.066193678248379e-06,1.2346098766630103e-05,3.81463117200405e-05,1.5176418416412502e-06,0.00039353859565898863,4.664328182643435e-05,-3.0566226218732574e-05,-1.8507990851520788e-05,-4.6633242069677985e-06,-0.0006953446785774649,-2.8902067087458685e-06,-1.2682994659856085e-05,-0.0006907013603464267,0.00046864446795306784,-1.0317753587028401e-05,-9.332340904792775e-07,-1.7583278038645808e-06,-5.1972683531926035e-06,-6.591412919414774e-05,7.202151310357559e-06,2.9134277803091775e-06,2.9306101292166085e-06,1.0505287054713704e-06,-0.021384732791335327,0.037212855952315715,-0.004206234657043971,0.0065871365993026305,-0.002170485489729042,0.0005815850174439431,0.6459402014116175,-5.4989071525140355e-05,0.2713057620232072,nan,nan,nan,nan,nan,nan
568,2.8449999999999616,Standing,0.888557367456265,0.44645906020073267,1.5715472604720173,-2.0923356205648216,0.004309559263479465,-0.41178384571321097,-1.4872692856667187,0.9575382396878804,0.02318147763308638,0.025829200354200506,0.01672238898941837,0.0277791085537226,-0.3509700474822753,0.011581950452945156,-0.02193803964756303,-0.3954025377566029,-0.02411190770994475,-2.097600519644706,0.004488327121312572,-0.4079900296554276,-1.2355614342074028,-0.6753499591114864,0.032176059084780134,0.025351892491464117,0.02017569920656995,0.028798174281175384,-0.3293654276997959,-0.014096835695268392,-0.023626144831632997,-0.39517491323381143,0.023651173203351417,-0.024128356362529683,-0.056873217004179806,0.07592579743108102,-0.024030922350467634,-0.05695363507003628,-0.0759268908703618,0.00016467813516182284,-0.00012179698703016765,3.642957270798043e-05,-0.0010636599214305991,4.700995634868454e-06,2.5820037454431063e-05,0.0015539123902357137,0.002187557737297653,6.52126851636786e-05,-3.223440295214504e-06,1.9599741753407496e-05,1.9733442602392977e-06,0.00013039972236215144,1.5446311160561097e-05,-7.848113323394173e-06,-6.268970863599894e-06,-1.5428565710850008e-06,-0.0005365669913288727,1.3976817810227361e-06,-1.1137069843053865e-05,-0.0005924620238919841,0.0009600710027018855,-8.88527068284698e-06,-8.469891123868032e-07,2.7874707403550693e-05,-1.3564524634340722e-05,-5.63666033985645e-05,5.536305029770131e-06,2.6773873729289024e-06,4.037288620099093e-06,2.955951830963977e-07,-0.0107636527610988,0.009480334237584858,-0.00023521076872325044,0.007205636064967776,0.0030281519312560087,0.00182127360511488,0.6459410256093936,-5.4988415355406044e-05,0.27130503890998114,nan,nan,nan,nan,nan,nan
569,2.8499999999999615,Standing,0.8885566450450171,0.446459462429563,1.571546939511331,-2.09232755596149,0.0043095199739050785,-0.41178396484734286,-1.4872784728915749,0.957537201077814,0.023181317164748368,0.02582920559987294,0.016722367233815,0.0277791133962137,-0.35097070080873594,0.011581873134279365,-0.021937984589155832,-0.3954025073167605,-0.024111899964142917,-2.0975990173428105,0.004488350708084593,-0.4079901351844127,-1.235567394471223,-0.675347473222577,0.03217598820338917,0.025351888315707814,0.020175899031251575,0.02879808380595299,-0.3293659304018921,-0.014096783463636787,-0.02362611487533115,-0.3951748756291713,0.02365116781720926,-0.02416053148624478,-0.05693911177935578,0.07594424757062385,-0.02399941438679311,-0.05695769048007556,-0.07592272872575123,-0.0001444822495853491,8.044576606887955e-05,-6.419213724825779e-05,0.0016129206663964436,-7.857914877248652e-06,-2.3826826380520422e-05,-0.0018374449712297422,-0.00020772201328998242,-3.2093667602588655e-05,1.0491344869283758e-06,-4.351120674327118e-06,9.68498219990462e-07,-0.00013066529213477104,-1.5463733158206438e-05,1.1011681439531535e-05,6.08796847425746e-06,1.549160366392604e-06,0.0003004603790269732,4.717354404193739e-06,-2.1105797015740422e-05,-0.0011920527640425435,0.0004971777818733017,-1.417627819288732e-05,-8.351512608724765e-07,3.996493632483978e-05,-1.8095044478998652e-05,-0.00010054041924384776,1.0446326321065624e-05,5.991260369024842e-06,7.5209280254900575e-06,-1.0772284313920462e-06,-0.00643502474301917,-0.01317895503519579,0.0036900279085642284,0.006301592734904739,-0.0008110820078567052,0.000832428922111296,0.645941553181658,-5.498856542233553e-05,0.2713046531452985,nan,nan,nan,nan,nan,nan
570,2.8549999999999613,Standing,0.888555836693961,0.44645992973095955,1.5715467393104798,-2.0923218567109525,0.004309500245374137,-0.4117840459522688,-1.4872840488956771,0.9575403920470792,0.023180993646762505,0.025829234405958818,0.016722348075155137,0.02777911537179853,-0.3509711362946087,0.011581821731117947,-0.02193795401782855,-0.39540248698221175,-0.02411189481139832,-2.097596773088796,0.004488370554041668,-0.4079902642234804,-1.2355744559803676,-0.6753464356536141,0.03217590272837637,0.025351884684365167,0.020176136570352596,0.028797978999523507,-0.3293665239752661,-0.014096721650656618,-0.02362608044160152,-0.39517483340536735,0.023651161262144272,-0.024159061430495475,-0.056984152446144895,0.07595316775100648,-0.023972934013829154,-0.05697642237725256,-0.07592258622333357,-0.00016167021121082947,9.346027930224243e-05,-4.0040170229307256e-05,0.0011398501074191016,-3.945706188370863e-06,-1.6220985187350032e-05,-0.0011152008204585217,0.0006381938530290043,-6.470359717268497e-05,5.761217175412402e-06,-3.831731972977529e-06,3.9511696591871444e-07,-8.709717455576769e-05,-1.0280632283783229e-05,6.114265456631126e-06,4.066909750273299e-06,1.0305489196207653e-06,0.00044885080288135546,3.969191414937334e-06,-2.5807813545084952e-05,-0.0014123018288999627,0.00020751379258831105,-1.709500255868674e-05,-7.262685295799437e-07,4.750782020433497e-05,-2.096128589639921e-05,-0.00011871467479906056,1.2362596033677739e-05,6.886745926331602e-06,8.444760790285436e-06,-1.3110129972018315e-06,0.0002940111498608549,-0.009008133357821989,0.0017840360765271218,0.005296074592791685,-0.0037463794354001914,2.8500483530342273e-05,0.6459412036280496,-5.49892758836492e-05,0.2713049832292668,nan,nan,nan,nan,nan,nan
571,2.8599999999999612,Standing,0.8885560133382066,0.4464597619895268,1.5715468972333246,-2.0923248370561547,0.004309522780622023,-0.41178396272582296,-1.4872784003352248,0.9575515944690686,0.023180783454440308,0.025829274705341795,0.016722401331577316,0.027779119553871273,-0.3509707235935384,0.011581870786668214,-0.021937987147659172,-0.3954025067522801,-0.024111899708482355,-2.097597680310811,0.004488380031320684,-0.40799035869259936,-1.2355786703204836,-0.6753466638892994,0.032175831531138455,0.025351885614143345,0.02017641318680611,0.028797867001519966,-0.32936690389522355,-0.014096685867069077,-0.023626062900184548,-0.3951748025709978,0.0236511586244845,-0.024135218187144307,-0.056965171063665936,0.07594555254770542,-0.023946464840154565,-0.05697283092702019,-0.0759175446557521,3.5328849107539134e-05,-3.354828655186622e-05,3.158456898237939e-05,-0.000596069040433969,4.507049577320043e-06,1.6645289167902535e-05,0.001129712090432472,0.002240484397877192,-4.2038464439432e-05,8.059876595645772e-06,1.0651284435696418e-05,8.364145484392673e-07,8.254021405477565e-05,9.811110053547216e-06,-6.625966124050839e-06,-3.954013676520718e-06,-9.794168076177763e-07,-0.0001814444030432494,1.8954558033335863e-06,-1.889382379615294e-05,-0.0008428680232094977,-4.5647137064678785e-05,-1.423944758371259e-05,1.859556356430706e-07,5.532329070246135e-05,-2.23996007081805e-05,-7.598399149257002e-05,7.156717508139031e-06,3.5082833943452892e-06,6.166873915394459e-06,-5.27531954512231e-07,0.004768648670233652,0.00379627649579203,-0.0015230406602121393,0.005293834734918043,0.0007182900464742059,0.0010083135162954559,0.6459407176659077,-5.498961507851844e-05,0.2713053803740172,nan,nan,nan,nan,nan,nan
572,2.864999999999961,Standing,0.8885564705497304,0.4464594056133255,1.5715470621253584,-2.092329432233093,0.004309550907795723,-0.41178384079783104,-1.4872707524072248,0.9575635320246594,0.02318074048249317,0.025829301629509357,0.016722483076660164,0.027779126033253724,-0.35097012380115583,0.011581941900204912,-0.021938028681848524,-0.3954025353807972,-0.024111906811954374,-2.097598639552145,0.004488387472283258,-0.4079904581900593,-1.2355834037190314,-0.6753480877639898,0.03217575825157821,0.02535188595559019,0.020176700304317435,0.02879775068262134,-0.3293673172487245,-0.014096646453880176,-0.023626041026478244,-0.3951747714547008,0.02365115653976617,-0.02410144152917002,-0.0569360533380914,0.07593433302130705,-0.023923987883784636,-0.05697625517597916,-0.07591469767895623,9.1442304771785e-05,-7.127524026569144e-05,3.297840677405614e-05,-0.0009190353877473943,5.6254347399301085e-06,2.4385598380677207e-05,0.0015295855999831532,0.0023875111181655296,-8.594389428096838e-06,5.384833512169633e-06,1.634901656950595e-05,1.2958764902969297e-06,0.00011995847651730996,1.422270733952442e-05,-8.306837870285038e-06,-5.7257034260216176e-06,-1.4206944040081152e-06,-0.00019184826677921433,1.4881925147837758e-06,-1.9899491986747024e-05,-0.0009466797095439037,-0.00028477493807077623,-1.4655912049708485e-05,6.82893695502711e-08,5.742350226508352e-05,-2.3263779725670502e-05,-8.267070018874285e-05,7.882637780466e-06,4.374741260944976e-06,6.223259392849351e-06,-4.169436662376807e-07,0.006755331594856964,0.0058235451149070035,-0.0022439052796744048,0.004495391273985902,-0.0006848497917929339,0.000569395359174437,0.6459407659448538,-5.498953358749186e-05,0.27130532926780965,nan,nan,nan,nan,nan,nan
573,2.869999999999961,Standing,0.8885564786651112,0.44645933916573166,1.5715470299543541,-2.0923293455579284,0.004309554059017295,-0.41178380866771663,-1.487269337557182,0.9575705146237953,0.023180753016172905,0.025829308303623722,0.01672253285458007,0.027779132077299762,-0.35096998018787023,0.011581958940703666,-0.021938033812260494,-0.39540254236402866,-0.024111908505767214,-2.0975983027584872,0.004488400034815177,-0.4079905650331612,-1.2355890210423304,-0.6753502468666598,0.0321756800182152,0.025351884892690763,0.020176906701390485,0.028797655315821985,-0.3293677970625413,-0.014096597610541802,-0.023626011885142278,-0.3951747395119413,0.023651155076072353,-0.0240696129685887,-0.056945592413854836,0.0759312870717029,-0.023905348478127985,-0.056985689955927406,-0.07591376431879458,1.6230761623419577e-06,-1.3289518764110696e-05,-6.434200856554472e-06,1.733503298836166e-05,6.302443144620412e-07,6.426022885492057e-06,0.0002829700086013811,0.001396519827184555,2.5067359469972024e-06,1.3348228728109073e-06,9.955583981174736e-06,1.208809207927736e-06,2.8722657116407038e-05,3.4080997507386887e-06,-1.0260823940964217e-06,-1.3966462896483791e-06,-3.3876256833881847e-07,6.735873157723868e-05,2.5125063837886885e-06,-2.136862038063393e-05,-0.0011234646597980543,-0.0004318205339926235,-1.5646672602202428e-05,-2.1257988568661043e-07,4.1279414610461166e-05,-1.907335987033134e-05,-9.596276336716058e-05,9.768667674641126e-06,5.828267193482778e-06,6.3885518952609495e-06,-2.927387631539455e-07,0.006365712116264217,-0.0019078151526872042,-0.0006091899208307838,0.003727881131330425,-0.0018869559896495277,0.00018667203232849993,0.6459410238473366,-5.4989259035284547e-05,0.2713051376204627,nan,nan,nan,nan,nan,nan
574,2.874999999999961,Standing,0.888556375261777,0.44645935006743415,1.5715469763627319,-2.0923276162051074,0.004309547974187925,-0.41178381884210813,-1.487270355007802,0.9575755826533126,0.02318076827517446,0.025829307611448738,0.016722565083244333,0.027779137059720994,-0.3509700339521609,0.011581952645986953,-0.021938026463643397,-0.3954025399255344,-0.02411190786460558,-2.097598688398387,0.004488413801477867,-0.40799064589318895,-1.235592941984676,-0.6753527490297737,0.03217561413122366,0.02535188544668403,0.020177074552049236,0.028797573744283534,-0.3293681473994335,-0.014096563140105324,-0.02362599078832196,-0.39517471620737477,0.02365115668390491,-0.024039925277106928,-0.05697194286286504,0.07593198024527655,-0.023886973883496726,-0.05697628493597514,-0.07590876632146791,-2.0680666844952198e-05,2.1803404961351285e-06,-1.0718324433965856e-05,0.00034587056415766966,-1.2169658738268106e-06,-2.034878300082509e-06,-0.00020349012401181462,0.0010136059034551428,3.0518003108793115e-06,-1.3843499676190097e-07,6.445732852573589e-06,9.964842463945949e-07,-1.0752858137935434e-05,-1.2589433426780734e-06,1.469723419274033e-06,4.876988510836305e-07,1.2823232686541335e-07,-7.712797991667325e-05,2.7533325380733565e-06,-1.617200554397458e-05,-0.0007841884691544936,-0.0005004326227823203,-1.3177398306688726e-05,1.1079865338592361e-07,3.3570131749912736e-05,-1.6314307690081628e-05,-7.006737842707911e-05,6.8940872954449125e-06,4.219364064035066e-06,4.660913312431135e-06,3.2156651162716483e-07,0.005937538296354645,-0.005270089802041446,0.00013863471472950583,0.003674918926251632,0.0018810039904534285,0.0009995994653334136,0.6459410564525797,-5.4989202498056895e-05,0.2713051466209263,nan,nan,nan,nan,nan,nan
575,2.879999999999961,Standing,0.8885561920737205,0.4464594084352475,1.5715469249624066,-2.092327729936072,0.0043095563691309645,-0.41178379124885023,-1.4872685979904776,0.9575836145657867,0.023180832476918392,0.025829305643646557,0.016722615068543504,0.027779141719339304,-0.35096988763621534,0.011581970038687413,-0.02193803499665073,-0.39540254675889713,-0.02411190959238698,-2.0975967709204713,0.004488423891222606,-0.40799077431524544,-1.2356005140674728,-0.6753552483777446,0.032175525635822634,0.025351880741351623,0.020177197172726282,0.028797497611013603,-0.3293687763269134,-0.014096495215577053,-0.023625949064049325,-0.39517468130937067,0.023651155541140813,-0.024008697922294143,-0.05697273630814799,0.07592722627989987,-0.023878879369698333,-0.05700904497031358,-0.07591462281312658,-3.6637611297702773e-05,1.1673562668037952e-05,-1.02800650808435e-05,-2.274619293875208e-05,1.6789886078614403e-06,5.518651576596904e-06,0.00035140346487967476,0.0016063824948187395,1.2840348786451597e-05,-3.93560436393026e-07,9.997059834205517e-06,9.319236619705909e-07,2.9263189120782695e-05,3.4785400921614766e-06,-1.7066014662956936e-06,-1.3666725420731249e-06,-3.455562799376688e-07,0.000383495583078471,2.0179489479480615e-06,-2.568441129446979e-05,-0.001514416559363535,-0.0004998695941781361,-1.7699080206011484e-05,-9.410664819756064e-07,2.452413540946477e-05,-1.522665398650222e-05,-0.00012578549599068285,1.3584905654273415e-05,8.344854526929943e-06,6.979600821243091e-06,-2.2855282001577538e-07,0.006245470962556918,-0.00015868905658917524,-0.0009507930753357199,0.0016189027596786453,-0.006552006867688077,-0.0011712983317327843,0.6459410126663842,-5.4989378020820455e-05,0.27130520849060724,nan,nan,nan,nan,nan,nan
576,2.8849999999999607,Standing,0.8885572925119212,0.44645864819008324,1.5715472224822973,-2.0923326416904096,0.004309574815653016,-0.4117836933525062,-1.4872620890387718,0.95759244797401,0.023180988823514246,0.02582930515132507,0.016722704726248233,0.027779149448367683,-0.35096937013342655,0.011582031455238525,-0.02193807087740621,-0.3954025713953802,-0.024111915722587637,-2.0976037510162535,0.0044884290413056815,-0.4079907319831421,-1.2355958359868477,-0.6753571621123265,0.03217552218113375,0.02535189047039759,0.02017734998286143,0.0287974367561254,-0.32936846464695657,-0.014096537759096727,-0.023625975175509847,-0.39517469189428245,0.023651166546289692,-0.02397887104513971,-0.05696475455241352,0.07592092350110702,-0.023870050732276393,-0.05691156525751015,-0.0758919202771958,0.00022008764014351366,-0.00015204903285580935,5.95039781498246e-05,-0.0009823508674910205,3.6893044102924234e-06,1.957926880390134e-05,0.0013017903411578727,0.0017666816446573253,3.126931917087666e-05,-9.846429737472575e-08,1.7931540945950446e-05,1.5458056756224392e-06,0.00010350055775525734,1.2283310222340818e-05,-7.176151096512757e-06,-4.927296618544002e-06,-1.226040131121112e-06,-0.001396019156486831,1.0300166150472466e-06,8.466420659021048e-06,0.0009356161250363671,-0.0003827469163733467,-6.9093777706633e-07,1.9458091933775597e-06,3.0562027029587956e-05,-1.2170977640172651e-05,6.233599136659464e-05,-8.50870393475462e-06,-5.222292104655011e-06,-2.116982360757061e-06,2.201029776124423e-06,0.0059653754308866165,0.0015963511468941893,-0.0012605557585707618,0.001765727484388299,0.019495942560686222,0.004540507186157972,0.6459409112619299,-5.4989100202240546e-05,0.2713053163636197,nan,nan,nan,nan,nan,nan
577,2.8899999999999606,Standing,0.8885553445202508,0.4464598311269504,1.571546598674283,-2.092325661799913,0.004309565453591612,-0.41178377275203143,-1.4872679084667586,0.9575979100845149,0.023181116524313646,0.025829276245824245,0.01672270532055297,0.0277791512579548,-0.3509697895540319,0.011581981600597454,-0.02193803358798685,-0.39540255033434957,-0.024111910723684266,-2.097588431600532,0.00448844524113623,-0.4079911040432617,-1.2356217334670079,-0.6753586599522715,0.03217531856921338,0.025351861154208444,0.02017739217052925,0.028797348554550815,-0.3293704870972005,-0.014096305062578493,-0.023625829929444123,-0.39517458960110013,0.023651146599626294,-0.023955077710747286,-0.05697865986186248,0.07592002475668952,-0.02400671266100272,-0.05711120352832002,-0.07595742105591641,-0.00038959833408634784,0.00023658737343505064,-0.0001247616028604893,0.0013959780993705458,-1.8724122807289364e-06,-1.587990504572524e-05,-0.0011638855973456397,0.0010924221009719088,2.5540159880343163e-05,-5.781100165299321e-06,1.1886094734759155e-07,3.6191742323940356e-07,-8.388412106625495e-05,-9.970928214460766e-06,7.457883872165006e-06,4.212206131276854e-06,9.997806740790486e-07,0.0030638831442691907,3.2399661096566726e-06,-7.441202392534797e-05,-0.005179496032021331,-0.00029956798899269605,-4.072238407396045e-05,-5.863237829200366e-06,8.43753356425495e-06,-1.764031491738051e-05,-0.00040449004879322724,4.6539303647002476e-05,2.904921314449212e-05,2.0458636465416e-05,-3.989332679433686e-06,0.004758666878485187,-0.0027810618897924186,-0.00017974888350001487,-0.027332385745265867,-0.03992765416197424,-0.013100155744121217,0.6459415580751829,-5.498946494949236e-05,0.2713048110061726,nan,nan,nan,nan,nan,nan
578,2.8949999999999605,Standing,0.8885561696866263,0.4464592614324073,1.5715469833446036,-2.09232908013041,0.004309573153659447,-0.41178371136065,-1.487263327870628,0.9576053893456138,0.023181213569625304,0.02582927711852853,0.016722768638645392,0.027779158092806837,-0.35096943877167464,0.011582023325883078,-0.02193806100403692,-0.3954025668304441,-0.02411191488455121,-2.0975966937441433,0.004488457173986464,-0.4079910373062805,-1.235615173009107,-0.675353907470245,0.03217531369525194,0.025351870946518515,0.020177410867997517,0.028797322349006574,-0.32937008780167265,-0.014096355309552047,-0.02362586970093941,-0.3951746044842486,0.02365116106577345,-0.023932648560498912,-0.05698031531587226,0.0759168185775167,-0.02412000564176912,-0.05695730449492794,-0.0759419883348951,0.00016503327510792942,-0.0001139389086268528,7.693406415042243e-05,-0.0006836660994528831,1.540013566964108e-06,1.2278276283216255e-05,0.0009161192261291685,0.0014958522197821072,1.9409062331972025e-05,1.7454085643413886e-07,1.2663618484523186e-05,1.366970408016385e-06,7.015647145920074e-05,8.345057124802446e-06,-5.483210013505962e-06,-3.299218906522402e-06,-8.321733889637775e-07,-0.0016524287221968688,2.3865700467268937e-06,1.3347396238530478e-05,0.0013120915801856335,0.0009504964052885218,-9.747922871337076e-07,1.9584620137445573e-06,3.7394936535852567e-06,-5.2411088482022406e-06,7.985910556748048e-05,-1.004939471086089e-05,-7.954299057319021e-06,-2.976629695209197e-06,2.893229431023547e-06,0.00448583004967494,-0.00033109080195733087,-0.0006412358345641135,-0.02265859615327965,0.030779806678415574,0.0030865442042615505,0.6459404859634743,-5.498777001850627e-05,0.2713057490225162,nan,nan,nan,nan,nan,nan
579,2.8999999999999604,Standing,0.8885570794042051,0.4464586257951922,1.571547220583932,-2.0923326127282644,0.004309585127152529,-0.4117836438643072,-1.487258784706762,0.9576125790543533,0.023181411347820025,0.02582926612737293,0.01672283894231322,0.027779165290420505,-0.35096907234728736,0.011582066881244418,-0.021938085794762308,-0.395402584625688,-0.024111919228331113,-2.097602600101874,0.0044884637609124535,-0.4079910118009595,-1.2356112290496595,-0.6753585016989586,0.03217529857689069,0.025351884371008274,0.02017762401199566,0.02879724300260707,-0.3293698120915903,-0.014096395046849997,-0.02362589496741206,-0.3951746015542992,0.0236511656864148,-0.023912727563314078,-0.05697947023180529,0.07591354262420859,-0.02416232755632382,-0.056858339136566335,-0.07592716018298233,0.0001819435157656658,-0.00012712744302245018,4.7447865661904736e-05,-0.0007065195708596479,2.3946986165364715e-06,1.3499268560373417e-05,0.0009086327732057265,0.0014379417479028864,3.9555638944205985e-05,-2.1982311194484293e-06,1.406073356574967e-05,1.4395227337065681e-06,7.328487745528592e-05,8.71107226788123e-06,-4.958145077585046e-06,-3.5590487790661564e-06,-8.687559806398261e-07,-0.001181271546213341,1.3173851979553954e-06,5.1010642071523215e-06,0.0007887918894918557,-0.0009188457427209838,-3.0236722495573625e-06,2.684897951883989e-06,4.262879962874802e-05,-1.5869279900824005e-05,5.514201647471036e-05,-7.94745958992734e-06,-5.053294530247025e-06,5.859898889533645e-07,9.241282700135102e-07,0.0039841994369671195,0.0001690168133949056,-0.0006551906616213132,-0.008464382910940189,0.019793071672320393,0.0029656303825527893,0.6459408843756975,-5.498804520616661e-05,0.27130539048189767,nan,nan,nan,nan,nan,nan
580,2.9049999999999603,Standing,0.8885569638343437,0.4464586715672745,1.5715470495151578,-2.092331590530936,0.004309586214328478,-0.41178364159999964,-1.4872590249093658,0.9576179094125801,0.023181522136366556,0.025829254578806225,0.01672287788195131,0.027779170522228457,-0.3509690660203442,0.011582067721712004,-0.021938082013208196,-0.3954025853060569,-0.02411191929940385,-2.0976003642385592,0.004488460236230957,-0.40799105523489815,-1.235615181481259,-0.6753701836897795,0.03217523512900031,0.025351890254424286,0.0201766131302017,0.028797504878032378,-0.3293701083545129,-0.014096341854620234,-0.023625871602908615,-0.3951745777410092,0.02365116397663158,-0.023897147708235027,-0.0569905729614755,0.07591332190978092,-0.024184998768312864,-0.05688975287949862,-0.07593765174294703,-2.3113972301775124e-05,9.15441645890397e-06,-3.421375483852487e-05,0.00020443946574965743,2.1743518977617556e-07,4.528615202110261e-07,-4.80405207529108e-05,0.0010660716453638596,2.2157709305975576e-05,-2.3097133411220978e-06,7.787927618124757e-06,1.0463615904586654e-06,1.2653886272525532e-06,1.6809351737527818e-07,7.563108221304739e-07,-1.360737747805216e-07,-1.4214547646480265e-08,0.00044717266295835555,-7.049362992012752e-07,-8.686787731858544e-06,-0.0007904863198978111,-0.002336398164174894,-1.2689578076912903e-05,1.1766832021042987e-06,-0.00020217635879173608,5.237508506106686e-05,-5.925258452616123e-05,1.0638445952623833e-05,4.6729006896280724e-06,4.76265799310434e-06,-3.419566434642139e-07,0.0031159710158104484,-0.002220545934042032,-4.414288553277108e-05,-0.00453424239780824,-0.006282748586457412,-0.002098311992940796,0.6459414335188521,-5.4988287592369925e-05,0.27130496483863065,nan,nan,nan,nan,nan,nan
581,2.90999999999996,Standing,0.8885568653822484,0.4464587126222251,1.571546937409666,-2.0923329281948027,0.004309601899766432,-0.41178358724313446,-1.4872556867554183,0.9576264239527293,0.023181608435204337,0.025829254132525025,0.016722942637154205,0.027779176323555085,-0.35096879417273474,0.011582100032534516,-0.021938098789260032,-0.3954025985436384,-0.024111922517608738,-2.0975970874629635,0.004488450913423142,-0.40799109258942867,-1.2356204208424761,-0.6753746118384915,0.0321751810794495,0.02535188517432834,0.020175351810579636,0.028797834955379145,-0.32937052430635805,-0.014096268509057352,-0.02362583719181386,-0.39517456267284673,0.023651167309605346,-0.02388107230738466,-0.05697397098490495,0.07590747834473281,-0.024184152546576777,-0.05695501924642197,-0.07595176852407483,-1.969041904666275e-05,8.210990118590348e-06,-2.2421098355709923e-05,-0.00026753277338953044,3.1370875908116736e-06,1.087137303485984e-05,0.0006676307895020433,0.0017029080298633162,1.7259767556240905e-05,-8.925623984712475e-08,1.2951040578844076e-05,1.160265325769858e-06,5.436952189196059e-05,6.462164502598981e-06,-3.355210367173543e-06,-2.64751630336155e-06,-6.436409771895292e-07,0.0006553551191527985,-1.8645615629972612e-06,-7.47090609991781e-06,-0.0010478722434113167,-0.000885629742383014,-1.080991016112066e-05,-1.016019189115282e-06,-0.0002522639244130986,6.601546935330986e-05,-8.319036902902177e-05,1.4669112576509487e-05,6.88221895074938e-06,3.0136325042429286e-06,6.665947529198286e-07,0.0032150801700732818,0.0033203953141103916,-0.0011687130096219218,0.00016924434721751758,-0.013053273384669935,-0.002823356225559873,0.6459414279477725,-5.498799228334197e-05,0.2713050052839441,nan,nan,nan,nan,nan,nan
582,2.91499999999996,Standing,0.8885560339551862,0.4464592490861639,1.5715466871962764,-2.0923260344852705,0.004309570440972141,-0.4117837061290092,-1.487263545203894,0.9576261573585281,0.023181619559565974,0.025829235710404158,0.01672291319327639,0.027779179156667673,-0.3509693848880963,0.011582030225255708,-0.021938054415792396,-0.39540257093710396,-0.02411191552342607,-2.097595189725994,0.004488453830802753,-0.4079910638448766,-1.2356211950233105,-0.6753719952867435,0.03217516586317589,0.025351880871793984,0.020174225042521376,0.0287981346292465,-0.32937061093108766,-0.014096235398981785,-0.023625826981681367,-0.39517456306926463,0.023651174276668012,-0.023881066497588335,-0.057028508114872686,0.0759184138276852,-0.02415927733238745,-0.056970734995136475,-0.07595121088438588,-0.00016628541244261252,0.00010729278776981096,-5.004267793262923e-05,0.0013787419064061163,-6.2917588581894305e-06,-2.377717494567152e-05,-0.0015716896951635468,-5.331884026363071e-05,2.2248723274093166e-06,-3.6844241731681807e-06,-5.888775563110412e-06,5.666225176494625e-07,-0.00011814307231094208,-1.3961455761605014e-05,8.874693527163117e-06,5.521306886586954e-06,1.3988365333402238e-06,0.00037954739390499607,5.834759220895431e-07,5.748910412486693e-06,-0.00015483616686940164,0.0005233103495936231,-3.0432547217823286e-06,-8.605068711897176e-07,-0.0002253536116518694,5.993477347098829e-05,-1.7324945926760205e-05,6.622015113446958e-06,2.0420264988426244e-06,-7.928358351267864e-08,1.3934125334103886e-06,1.1619592647530916e-06,-0.01090742599354783,0.0021870965904767135,0.004975042837865251,-0.003143149742900855,0.00011152793779132131,0.6459413965030023,-5.4987434123795276e-05,0.27130504065072275,nan,nan,nan,nan,nan,nan
583,2.91999999999996,Standing,0.8885586175094164,0.44645754168300594,1.5715474246812269,-2.0923475259962343,0.004309678783572359,-0.41178326915302116,-1.4872346994812138,0.9576511717023473,0.023181855218842102,0.025829278714967915,0.016723173081303975,0.027779192819930125,-0.3509671657612451,0.011582293172350565,-0.021938214684071564,-0.39540267612235314,-0.024111941808363187,-2.0976021711161215,0.004488426313020913,-0.40799095083526177,-1.2356162855675668,-0.6753554282350991,0.032175214647459864,0.02535187481017209,0.02017353097403702,0.028798322463440246,-0.32937025414419374,-0.01409626195540229,-0.023625854984148164,-0.3951745761804227,0.02365118084893708,-0.023900425719135462,-0.056861428898590104,0.07588793367109367,-0.02412154134447314,-0.05694390338242888,-0.07593929766179418,0.0005167108460498646,-0.00034148063159437946,0.00014749699008164376,-0.004298302192751666,2.1668520043602995e-05,8.73951976175963e-05,0.005769144536051612,0.0050028687638398175,4.713185522585889e-05,8.600912751334218e-06,5.1977605516844396e-05,2.7326524901376775e-06,0.00044382537024615666,5.258941897116047e-05,-3.2053655834084807e-05,-2.1037049840186806e-05,-5.256987423211442e-06,-0.0013962780254321422,-5.503556367855829e-06,2.2601922971533243e-05,0.000981891148735545,0.0033134103288794425,9.756856794331383e-06,-1.2123243789362646e-06,-0.0001388136968710838,3.7566838749032196e-05,7.135737878379513e-05,-5.311284101230221e-06,-5.600493359263517e-06,-2.622231612088161e-06,1.3144538139212872e-06,-0.0038718443094257747,0.033415843256516795,-0.006096031318306282,0.0075471975828620965,0.005366322541519242,0.0023826445183391873,0.6459409050712177,-5.498783546520745e-05,0.27130540756328175,nan,nan,nan,nan,nan,nan
584,2.92499999999996,Standing,0.8885561192358353,0.44645915951305826,1.5715465204585528,-2.0923214296788424,0.004309543309008514,-0.41178376681314943,-1.4872685422847238,0.957630075833438,0.02318190082760257,0.025829197883934375,0.01672297045069885,0.027779191973868095,-0.3509696906889995,0.011581994065677994,-0.02193802109361694,-0.3954025561097643,-0.02411191187882525,-2.0975979483529463,0.0044884611554626645,-0.40799093376816065,-1.2356166398133646,-0.6753423472074161,0.03217521890395411,0.025351870934274764,0.020173265621852184,0.0287983837712139,-0.3293702693126916,-0.014096253054055274,-0.02362585246049884,-0.39517454901011656,0.023651169137948534,-0.024068157174426556,-0.057047051247056134,0.07595144536609649,-0.02408242859711696,-0.05693202349164013,-0.07593044075541257,-0.0004996547162233317,0.00032356601046484336,-0.00018084453483199913,0.005219263478421761,-2.7094912768982222e-05,-9.953202565316358e-05,-0.006768560702010782,-0.00421917378185738,9.121752093886216e-06,-1.6166206707853587e-05,-4.0526121025090026e-05,-1.6921240567216935e-07,-0.0005049855508878684,-5.982133451397364e-05,3.8718090925343404e-05,2.4002517764984134e-05,5.985907587973371e-06,0.0008445526350148518,6.968488350210543e-06,3.4134202241780555e-06,-7.084915954870758e-05,0.0026162055365931153,8.512988499506278e-07,-7.751794648712738e-07,-5.30704369675666e-05,1.2261554730614959e-05,-3.0336995653130908e-06,1.7802694032624784e-06,5.047298646265489e-07,5.434061224227456e-06,-2.342197709187122e-06,-0.03354629105821909,-0.037124469693206374,0.0127023390005656,0.007822549471236527,0.0023759781577497164,0.0017713812763208102,0.6459424002217936,-5.4987060397334724e-05,0.27130416746583,nan,nan,nan,nan,nan,nan
585,2.9299999999999597,Standing,0.8885557808919046,0.44645937855115314,1.5715466007697811,-2.092322107156072,0.004309560283451257,-0.41178375056884386,-1.4872661638853963,0.9576389324965823,0.023181644399884103,0.025829229827874927,0.016722976481910578,0.02777919199440761,-0.35096958303346065,0.011582007062279546,-0.02193803969581386,-0.3954025608743809,-0.024111913169025567,-2.0975967301591854,0.00448846170857773,-0.4079909515302646,-1.2356172629451778,-0.6753327934267549,0.032175208865837655,0.02535187213421434,0.020173383968844612,0.028798337397009138,-0.3293703058344519,-0.014096250002502368,-0.023625857184303305,-0.3951745180216093,0.023651153591044624,-0.024151095567847444,-0.05701441320331706,0.0759578791368385,-0.024049230596202165,-0.05695411505366269,-0.07592994325166279,-6.766878614299744e-05,4.380761897264764e-05,1.6062245647481804e-05,-0.00013549544589533738,3.3948885485059098e-06,3.2488611119879695e-06,0.00047567986548771417,0.0017713326288622752,-5.1285543693806937e-05,6.388788110550366e-06,1.2062423456452284e-06,4.10790274593185e-09,2.1531107773526087e-05,2.5993203102651146e-06,-3.720439384222499e-06,-9.529233198325887e-07,-2.5804006375709506e-07,0.00024363875220533395,1.1062301310790077e-07,-3.5524207939115858e-06,-0.0001246263626398079,0.00191075613225958,-2.007623291390672e-06,2.399879152292788e-07,2.3669398485925186e-05,-9.27484095186226e-06,-7.30435206587072e-06,6.103105811520586e-07,-9.447608932791176e-07,6.197701457459842e-06,-3.1093807819348515e-06,-0.016587678684177178,0.006527608747814856,0.0012867541484014502,0.006639600182958704,-0.004418312404512355,9.950074995699427e-05,0.6459410638168736,-5.4989334397053726e-05,0.27130525286760965,nan,nan,nan,nan,nan,nan
586,2.9349999999999596,Standing,0.8885566834462968,0.4464587794013354,1.5715470002806764,-2.092332585141271,0.004309619820072185,-0.41178353275349,-1.4872512166284535,0.9576556314632436,0.023181748511955466,0.025829250945689008,0.016723083712482344,0.027779198052349602,-0.3509684616036024,0.011582140017901782,-0.02193812463234203,-0.39540261419454137,-0.024111926460436313,-2.0975981128598478,0.004488453676070132,-0.4079909698154883,-1.235616851840983,-0.6753258281738986,0.03217520057520774,0.025351876837451656,0.02017384349109683,0.02879819721749463,-0.32937026529637603,-0.014096263249321615,-0.023625868484066122,-0.3951744931019016,0.023651139711288943,-0.024175232687877857,-0.05691623307433218,0.07594196214528327,-0.024017199816704297,-0.056972208883021506,-0.07592875485773394,0.00018051087845103088,-0.00011982996355249461,7.990217905439438e-05,-0.0020955970398422548,1.1907324185667428e-05,4.356307076759167e-05,0.0029894513885724426,0.0033397933322769167,2.082241427243014e-05,4.223562816379879e-06,2.1446114353458022e-05,1.2115883980470622e-06,0.00022428597165118674,2.6591124447115658e-05,-1.6987305633610663e-05,-1.0664032087304564e-05,-2.658282149115286e-06,-0.00027654013248221447,-1.6065015197165544e-06,-3.657044744291827e-06,8.222083897570145e-05,0.0013930505712623851,-1.6581259831122337e-06,9.406474634617203e-07,9.190445044364544e-05,-2.8035902901123064e-05,8.107615179729032e-06,-2.6493638494838956e-06,-2.2599525631896307e-06,4.983941534463018e-06,-2.775951136091467e-06,-0.004827424006082671,0.019636025796975244,-0.003183398311045176,0.006406155899573317,-0.0036187658717626906,0.0002376787857701608,0.6459407688468122,-5.4989559673156864e-05,0.2713053900145657,nan,nan,nan,nan,nan,nan
587,2.9399999999999595,Standing,0.8885572456618032,0.4464583978862018,1.571547134774826,-2.0923362143615205,0.004309637375200137,-0.4117834243373864,-1.487245315039873,0.957663697357353,0.023181658325833673,0.025829282933080937,0.016723154042924643,0.027779205852349147,-0.3509679673532303,0.01158219858919399,-0.021938154396095554,-0.3954026381704772,-0.024111932310717607,-2.097599811901538,0.004488456263417037,-0.4079909753522963,-1.235615028613982,-0.6753231816850259,0.032175198976173665,0.025351885447165712,0.020174513636171284,0.028798001964412817,-0.3293701122748228,-0.014096294260157453,-0.02362588370252897,-0.3951744785675937,0.023651129891186902,-0.024172055914264638,-0.0568930010657746,0.0759368104164934,-0.02398485242863768,-0.05696521527526064,-0.07592203859403795,0.00011244310126606175,-7.630302671707027e-05,2.6898829917902066e-05,-0.0007258440499547196,3.511025590323879e-06,2.168322072158632e-05,0.0011803177161129484,0.001613178821889153,-1.8037224358896374e-05,6.397478386104465e-06,1.4066088460026639e-05,1.5599999088817907e-06,9.88500744142216e-05,1.17142584416546e-05,-5.952750704546461e-06,-4.795187165719327e-06,-1.1700562588336688e-06,-0.00033980833809485597,5.174693811128872e-07,-1.1073615952826014e-06,0.0003646454001894997,0.0005292977745490045,-3.1980681472813434e-07,1.7219428111423836e-06,0.0001340290148906602,-3.905061636296016e-05,3.060431063626956e-05,-6.2021671677756015e-06,-3.04369256943506e-06,2.906861579306558e-06,-1.96402040839147e-06,0.0006353547226441228,0.004646401711516245,-0.001030345757973475,0.006469477613323793,0.0013987215521727389,0.0013432527391969297,0.6459412335466326,-5.498905176014933e-05,0.27130494242999675,nan,nan,nan,nan,nan,nan
588,2.9449999999999594,Standing,0.8885568981083249,0.4464586066966953,1.5715469650746117,-2.0923318803808635,0.004309617515806606,-0.4117834694621561,-1.4872496009515104,0.9576645446727976,0.023181410764721324,0.02582931030986489,0.016723158283310197,0.02777921069988891,-0.3509682549715813,0.011582164566586051,-0.021938127335951046,-0.3954026249599902,-0.024111928897913103,-2.0975990832883986,0.004488467238730355,-0.40799100577575587,-1.2356149814302297,-0.6753248751967583,0.03217518654735484,0.025351892469019827,0.02017525646359321,0.028797784802349312,-0.32937009052467614,-0.014096311819993112,-0.0236258840161348,-0.3951744669812404,0.023651123255916912,-0.024159518719500582,-0.05693654227759864,0.0759435861302196,-0.023957151924663002,-0.05696825853027212,-0.07591826913904873,-6.951069563426528e-05,4.176209870629318e-05,-3.39400428611476e-05,0.0008667961313890066,-3.971878706364391e-06,-9.024953942519968e-06,-0.0008571823274700927,0.00016946308891540663,-4.9512222470076964e-05,5.475356790003423e-06,8.480771106820967e-07,9.695079522998258e-07,-5.7523670191972175e-05,-6.8045215878589595e-06,5.41202890175919e-06,2.6420974030505616e-06,6.825609007381179e-07,0.00014572262795031066,2.195062663571905e-06,-6.084691912455177e-06,9.436750432644501e-06,-0.00033870234648023315,-2.4857637645049797e-06,1.4043708232210296e-06,0.0001485654843856507,-4.343241270077406e-05,4.350029338423669e-06,-3.5119671315837377e-06,-6.27211664957872e-08,2.3172706523045516e-06,-1.327053998033503e-06,0.00250743895281106,-0.008708242364807465,0.0013551427452411558,0.005540100794935478,-0.0006086510022950387,0.0007538909978457625,0.6459415888969864,-5.498903258520415e-05,0.2713046278465968,nan,nan,nan,nan,nan,nan
589,2.9499999999999593,Standing,0.8885563908619697,0.44645892186016345,1.571546831790206,-2.092328106623402,0.004309605331178476,-0.4117835118707397,-1.4872528859398448,0.9576671726105748,0.023181127130568926,0.02582934085693625,0.016723159257944396,0.02777921345485176,-0.35096850113097433,0.011582135513629927,-0.02193810844008032,-0.3954026134563585,-0.02411192598219004,-2.0975975945010603,0.0044884753103352866,-0.40799104737794734,-1.2356159946788479,-0.6753287696772304,0.032175169119936176,0.02535189671919441,0.020175961074653775,0.028797577235506265,-0.32937015629583855,-0.014096318904212044,-0.02362587496377082,-0.3951744629204351,0.02365112190512854,-0.02413385871658791,-0.056972361997736726,0.07594674999200376,-0.023934446731917792,-0.05698194644215213,-0.07591761265838926,-0.00010144927104372114,6.303269362943731e-05,-2.6656881159021844e-05,0.0007547514923054513,-2.436925625887996e-06,-8.481716715613792e-06,-0.0006569976668861538,0.0005255875554429076,-5.6726830479587564e-05,6.1094142723138185e-06,1.9492684012383747e-07,5.5099257003626e-07,-4.923187860827324e-05,-5.810591224855427e-06,3.7791741452599856e-06,2.3007263338285236e-06,5.831446127391533e-07,0.0002977574676869078,1.6143209862844166e-06,-8.320438288603332e-06,-0.0002026497236236949,-0.0007788960944270398,-3.485483733748323e-06,8.500349164928097e-07,0.00014092221211264367,-4.15133686091454e-05,-1.315423248472539e-05,-1.4168437863177898e-06,1.8104727963096442e-06,8.121610614973876e-07,-2.7015767464401393e-07,0.005132000582534039,-0.007163944027617183,0.0006327723568303902,0.004541038549041778,-0.0027375823760031823,0.00013129613189308774,0.6459414274195142,-5.498935343531742e-05,0.2713047365422386,nan,nan,nan,nan,nan,nan
590,2.954999999999959,Standing,0.8885565865211044,0.4464587872517896,1.571546945659123,-2.0923302426072428,0.0043096213681492876,-0.41178344704534026,-1.4872486619143022,0.9576751107242604,0.023180969823063086,0.025829372295682464,0.016723210977065996,0.027779217643931563,-0.3509681823175159,0.011582173388968234,-0.021938132443409863,-0.3954026286406365,-0.024111929761324626,-2.0975986445271175,0.0044884729924725975,-0.4079910384520538,-1.235614115881009,-0.6753349104136909,0.03217517187626103,0.025351903652396656,0.020176372402707504,0.028797460034271537,-0.3293700039670887,-0.014096345889666944,-0.02362587994690786,-0.39517447827614344,0.023651128376302875,-0.024098598638916845,-0.05696459113194987,0.07593965812899407,-0.023912130378735977,-0.05697446191004103,-0.07591239917933626,3.9131826943134576e-05,-2.6921674765971148e-05,2.2773783410234545e-05,-0.00042719676818223236,3.207394162311498e-06,1.296507988409899e-05,0.0008448051085554948,0.0015876227371258416,-3.146150116835598e-05,6.28774924256239e-06,1.0343824319768151e-05,8.378159604052042e-07,6.376269167697052e-05,7.575067661239245e-06,-4.800665908645359e-06,-3.0368556003963428e-06,-7.558269170410759e-07,-0.000210005211416001,-4.6357253774434217e-07,1.78517870200714e-06,0.0003757595677555387,-0.001228147292080419,5.512649716389527e-07,1.386640449117965e-06,8.226561074572034e-05,-2.344024694535322e-05,3.046574996932291e-05,-5.397090979906273e-06,-9.96627407447291e-07,-3.0711416644990655e-06,1.294234867378752e-06,0.007052015534213056,0.001554173157371148,-0.001418372601938801,0.004463270636362697,0.0014969064222200247,0.0010426958105990078,0.645941120376576,-5.498950250733649e-05,0.271304939205527,nan,nan,nan,nan,nan,nan
591,2.959999999999959,Standing,0.8885568095953666,0.4464586344823942,1.5715470125159143,-2.0923330299002796,0.0043096409412335555,-0.4117833640529597,-1.4872435136152402,0.9576836443228371,0.023180963106922494,0.025829388342601643,0.016723279382464692,0.02777922301186353,-0.3509677720832544,0.011582222020880724,-0.021938159730029015,-0.3954026480997797,-0.024111934616097973,-2.09759844117047,0.004488465405433235,-0.4079910311642876,-1.2356137321649705,-0.6753422849879739,0.03217517065359883,0.0253519068803805,0.02017635869898912,0.028797463223143655,-0.32936996048284345,-0.014096351476604239,-0.0236258739665757,-0.3951744946834656,0.02365113663352193,-0.024061055089190347,-0.056947588973871956,0.07593036986755107,-0.023896734651461055,-0.05699173437053885,-0.0759137108529795,4.461485245786641e-05,-3.055387907959895e-05,1.3371358295235169e-05,-0.0005574586073302987,3.91461685363136e-06,1.6598476117317026e-05,0.0010296598123961695,0.0017067197153558841,-1.3432281184679398e-06,3.209383835726242e-06,1.3681079739254794e-05,1.0735863932785538e-06,8.20468523065185e-05,9.72638249813576e-06,-5.457323830256672e-06,-3.8918286317679895e-06,-9.70954669133011e-07,4.067132953783809e-05,-1.5174078725303289e-06,1.4575532398371313e-06,7.674320771772848e-05,-0.0014749148565939955,-2.4453244048700127e-07,6.455967690433501e-07,-2.740743677337096e-06,6.377744235711189e-07,8.696849053878423e-06,-1.1173874590908723e-06,1.1960664321060655e-06,-3.281464432300141e-06,1.6514438108840505e-06,0.007508709945299738,0.0034004316155829047,-0.0018576522885993582,0.003079145454984348,-0.0034544920995642483,-0.0002623347286478913,0.6459411915413158,-5.498942566549983e-05,0.2713048226244046,nan,nan,nan,nan,nan,nan
592,2.964999999999959,Standing,0.8885570801673606,0.44645845668939316,1.571547051156417,-2.092333571957327,0.004309643392226649,-0.41178333426711805,-1.487241931847477,0.957688514980255,0.023181019009890013,0.025829389147479665,0.016723329878681855,0.02777922863662115,-0.3509676228501622,0.011582239749429644,-0.02193816673013301,-0.3954026552742243,-0.024111936378860124,-2.097600442832386,0.004488458903139271,-0.4079909518348756,-1.235609411950658,-0.6753459718782341,0.03217520846276693,0.025351910016511797,0.020176130645438266,0.028797536180995547,-0.32936961644989027,-0.01409638750364142,-0.023625887800379802,-0.3951745295058327,0.02365115053024294,-0.024028621534542726,-0.05695875542125008,0.07592753974113153,-0.023879052672816647,-0.05696637689473343,-0.0759053126826261,5.411439877474694e-05,-3.555860020480341e-05,7.72810053338391e-06,-0.00010841140948774372,4.901986186240425e-07,5.957168320292265e-06,0.00031635355263747,0.0009741314835770257,1.118059350399241e-05,1.6097560430107558e-07,1.0099243432687866e-05,1.1249515244322783e-06,2.9846618448264177e-05,3.5457097840000395e-06,-1.4000207992245797e-06,-1.4348889203788567e-06,-3.5255243011111573e-07,-0.0004003323831612455,-1.300458792849198e-06,1.5865882398046475e-05,0.0008640428625013366,-0.0007373780520495756,7.561833620568662e-06,6.272262594064235e-07,-4.5610710170359164e-05,1.4591570378106963e-05,6.880659063628485e-05,-7.205407436457845e-06,-2.7667608203443753e-06,-6.964473424011976e-06,2.7793442023276136e-06,0.0064867109295243044,-0.0022332894756249945,-0.0005660252839080439,0.003536395728881236,0.0050714951610841925,0.0016796340706801915,0.6459413073920272,-5.49890975833936e-05,0.2713046872426175,nan,nan,nan,nan,nan,nan
593,2.969999999999959,Standing,0.8885562833765878,0.44645895781987477,1.571546792736496,-2.0923300608084014,0.004309636816070145,-0.4117833714962092,-1.4872446553065592,0.9576923782768708,0.023181075195866187,0.025829377424500827,0.01672334655470666,0.027779231593969514,-0.35096781301361235,0.01158221722180155,-0.021938149218554127,-0.3954026459744847,-0.024111934114904542,-2.0975950376165424,0.004488456479133581,-0.40799100464143273,-1.2356153574588502,-0.6753441559967388,0.03217518866787442,0.02535189602316763,0.020175854137030533,0.028797603582317446,-0.3293700596129215,-0.01409633022168094,-0.023625845651883436,-0.39517452407782094,0.023651152225460877,-0.023999546072228265,-0.056977010929678336,0.07592664605672364,-0.023888722799048974,-0.05704317349925195,-0.07592371275214413,-0.0001593581545650568,0.0001002260963207608,-5.168398419151222e-05,0.0007022297850971335,-1.315231300850042e-06,-7.445818224941937e-06,-0.000544691816463652,0.000772659323175423,1.1237195234521976e-05,-2.3445957678734015e-06,3.335204960909538e-06,5.914696724250248e-07,-3.803269003233814e-05,-4.505525618784267e-06,3.502315776908631e-06,1.8599479148774267e-06,4.5279111632208575e-07,0.0010810431686628528,-4.848011379348002e-07,-1.0561311421029534e-05,-0.0011891016384525384,0.0003631762990621189,-3.958978501995417e-06,-2.7986688331569344e-06,-5.530168154668617e-05,1.3480264380096845e-05,-8.863260624855425e-05,1.145639209626531e-05,8.429699273083133e-06,1.0856023471719786e-06,3.390435875729592e-07,0.005815092462892014,-0.0036511016856507093,-0.00017873688157991414,-0.0019340252464649984,-0.015359320903703018,-0.0036800139036059936,0.6459414686159278,-5.4989221264384525e-05,0.27130451687735313,nan,nan,nan,nan,nan,nan
594,2.974999999999959,Standing,0.8885580541181421,0.4464578206506909,1.5715473081511828,-2.0923368296782074,0.0043096554078152095,-0.4117832581025834,-1.4872368259954083,0.957699180114242,0.023181212732990567,0.02582938218765796,0.016723439060443393,0.027779239564663286,-0.35096720363990985,0.011582289543523028,-0.021938194137754326,-0.3954026747658964,-0.024111941336922835,-2.0976080746265207,0.004488446650248494,-0.4079907197309186,-1.2355963630448477,-0.6753376109081869,0.03217533758753907,0.025351912092858392,0.020175773180400106,0.028797664034082376,-0.32936859790941475,-0.01409649935867175,-0.023625946948149082,-0.39517460120316206,0.023651173456323175,-0.02397082282214085,-0.0569722183281927,0.075921173106002,-0.02393076593641285,-0.0568405340065724,-0.07588600899838835,0.00035414831087533056,-0.00022743383677447607,0.00010308293740180466,-0.0013537739612028963,3.7183490128207376e-06,2.2678725158442543e-05,0.0015658622302045725,0.0013603674742412417,2.7507424876426623e-05,9.526314264945748e-07,1.8501147346806344e-05,1.5941387543592041e-06,0.0001218747404954292,1.4464344295644263e-05,-8.983840040223351e-06,-5.7582823347352865e-06,-1.4444036585630635e-06,-0.0026074019956395878,-1.965777017435851e-06,5.698210282049091e-05,0.003798882800531074,0.0013090177103841577,2.9783932929559474e-05,3.21393815215393e-06,-1.6191326085347805e-05,1.2090352986365138e-05,0.00029234070134883294,-3.3827398162209136e-05,-2.0259253129401155e-05,-1.5425068226466268e-05,4.246172459606371e-06,0.00574465001748253,0.0009585202971270287,-0.001094590144328734,-0.008408627472775414,0.04052789853590976,0.007540750751154854,0.6459410147508069,-5.498874130474515e-05,0.27130485241129665,nan,nan,nan,nan,nan,nan
595,2.9799999999999587,Standing,0.8885569060816584,0.44645853122798773,1.5715468315457006,-2.0923331707631605,0.004309657111819117,-0.4117832881147207,-1.4872393695700283,0.9577042143842986,0.023181396534281157,0.025829354397736516,0.016723463873724805,0.027779242309026477,-0.3509673698977228,0.011582269671291872,-0.0219381751482886,-0.3954026657736195,-0.02411193933756828,-2.097596819293202,0.004488445204544419,-0.40799090708232305,-1.2356111295690766,-0.6753355898283084,0.03217526630980188,0.02535189040066406,0.020175834856140756,0.02879762483295722,-0.3293696746338162,-0.014096374513269406,-0.023625862212394887,-0.39517454470538965,0.02365115300494736,-0.023946036803133796,-0.056974024262092374,0.07591767270008402,-0.024087066768822885,-0.05698270590401412,-0.07594227735949763,-0.00022960729676188747,0.00014211545937149652,-9.5321096427089e-05,0.000731783009361016,3.4080078156695976e-07,-6.002427454636785e-06,-0.000508714923986689,0.0010068540113204667,3.6760258118063795e-05,-5.557984289030003e-06,4.962656282146362e-06,5.488726381385689e-07,-3.3251562592060785e-05,-3.97444623110022e-06,3.7978931451174645e-06,1.7984553848701254e-06,3.998709109350182e-07,0.002251066663763103,-2.891408148982161e-07,-3.747028088561752e-05,-0.002953304845770138,0.0004042159756973743,-1.4255547438579357e-05,-4.33843886660573e-06,1.2335148129884731e-05,-7.840225030812682e-06,-0.00021534488029601253,2.4969080468942617e-05,1.694715083889382e-05,1.1299554482502862e-05,-4.090275163157511e-06,0.004957203801410901,-0.0003611867799343197,-0.0007000811835933154,-0.031260166482006885,-0.028434379488343854,-0.011253672221857016,0.6459420155527699,-5.4989476691697154e-05,0.27130396837142245,nan,nan,nan,nan,nan,nan
596,2.9849999999999586,Standing,0.8885562598539626,0.446458936222013,1.5715467077475807,-2.0923307080351212,0.004309651159442225,-0.41178331803426504,-1.4872411638506928,0.9577083786923577,0.02318148441531888,0.025829339866500173,0.01672348072952728,0.02777924563528063,-0.35096750225223977,0.011582254100786915,-0.021938164599312856,-0.3954026595496041,-0.024111937768752114,-2.097593464529108,0.004488450786996791,-0.4079909632491372,-1.2356153807996504,-0.675326290548159,0.03217524450173774,0.02535187985930949,0.020175909380702964,0.028797594674494446,-0.3293700272687695,-0.014096335031295966,-0.02362584088744362,-0.3951745265538906,0.02365114560228765,-0.0239256485920429,-0.05698520469537683,0.07591670491489147,-0.02415308256106733,-0.05701666292666008,-0.07596031941071979,-0.0001292455391655245,8.099880505700716e-05,-2.4759624002850325e-05,0.0004925456078434779,-1.1904753783303144e-06,-5.983908869354623e-06,-0.000358856132905201,0.0008328616118055186,1.7576207544192138e-05,-2.9062472688411577e-06,3.3711604955022863e-06,6.65250830727651e-07,-2.6470903391235464e-05,-3.1141009913670823e-06,2.1097951491590226e-06,1.2448030773089603e-06,3.1376323355612366e-07,0.0006709528188530863,1.1164904743034093e-06,-1.1233362832964763e-05,-0.0008502461147675577,0.001859856029891422,-4.361612828233173e-06,-2.108270913772968e-06,1.4904912441887906e-05,-6.031692555138763e-06,-7.05269906632054e-05,7.896394688176277e-06,4.264990253193418e-06,3.630299803943426e-06,-1.480531942163256e-06,0.004077642218178685,-0.0022360866568915537,-0.00019355703851193118,-0.013203158448888957,-0.006791404529191136,-0.003608410244432837,0.6459414365183855,-5.498787671938329e-05,0.2713044569040439,nan,nan,nan,nan,nan,nan
597,2.9899999999999585,Standing,0.8885567937769019,0.4464585845860306,1.5715469673517761,-2.092333667998357,0.004309661448000199,-0.41178326301397156,-1.4872370636284113,0.9577147887632721,0.02318161959753252,0.025829333856369985,0.016723534866112177,0.02777925126578416,-0.3509671884268191,0.011582291475222467,-0.021938188589023615,-0.3954026749074963,-0.02411194149607468,-2.0975980328990733,0.004488453913748946,-0.4079908996071498,-1.2356091635303872,-0.6753235357498713,0.03217527241718705,0.025351890817760014,0.020176268038681267,0.028797503487241267,-0.32936957102304476,-0.014096396552242357,-0.023625882562765137,-0.3951745365629075,0.02365114465106482,-0.023905963517779863,-0.056977160621094126,0.07591201846744063,-0.02416670618920264,-0.05694573524535041,-0.07594695751484194,0.00010678458785271292,-7.032719647254574e-05,5.1920839076570544e-05,-0.000591992647204773,2.0577115946664592e-06,1.1004058701181867e-05,0.0008200444562748242,0.0012820141828819166,2.703644272835373e-05,-1.2020260378911983e-06,1.0827316978920037e-05,1.1261007054746265e-06,6.276508412664947e-05,7.474887110391226e-06,-4.797942151613781e-06,-3.071578448793766e-06,-7.454645128463465e-07,-0.0009136739930901009,6.253504310652591e-07,1.2728397477167886e-05,0.0012434538526579558,0.0005509596575404177,5.583089861312868e-06,2.191690105221454e-06,7.173159566059737e-05,-1.8237450635505746e-05,9.124914494965813e-05,-1.2304189278254192e-05,-8.33506430327371e-06,-2.0018033766670033e-06,-1.9024456600043769e-07,0.003937014852607777,0.0016088148565401592,-0.000937289490170144,-0.0027247256270618685,0.014185536261932825,0.002672379175568603,0.6459410287959049,-5.4987393194601316e-05,0.27130473811761835,nan,nan,nan,nan,nan,nan
598,2.9949999999999584,Standing,0.8885569891054935,0.44645845619437113,1.5715470241366178,-2.092332980108855,0.004309655027382855,-0.4117832756727076,-1.4872378144983458,0.9577174260938519,0.023181736190170586,0.02582931925204386,0.016723553102575218,0.02777925579800141,-0.35096723440196975,0.011582286180192851,-0.021938184108558,-0.3954026732223155,-0.024111940956407184,-2.097600764677436,0.0044884549366093875,-0.4079908383801973,-1.2356037851824675,-0.6753289277010567,0.03217529661150894,0.025351904944062222,0.0201763760698772,0.02879748691644391,-0.32936913801803297,-0.014096450044887122,-0.023625916313234283,-0.395174545221956,0.023651143142042173,-0.02389310537212915,-0.05699727384222291,0.07591403363484837,-0.024152033407307448,-0.05689894813519636,-0.07593434131996835,3.906571831802928e-05,-2.5678331894637696e-05,1.135696832982479e-05,0.00013757790044748855,-1.2841234687974084e-06,-2.531747210485653e-06,-0.0001501739868958324,0.000527466115965414,2.3318527613283425e-05,-2.9208652248550733e-06,3.647292608502223e-06,9.064434503343306e-07,-9.195030123717278e-06,-1.0590059231047855e-06,8.960931231871929e-07,3.3703616788460513e-07,1.0793349876779854e-07,-0.0005463556725517548,2.045720882101223e-07,1.2245390497752292e-05,0.00107566958393687,-0.0010783902370835878,4.838864378460597e-06,2.825260441504287e-06,2.1606239186552952e-05,-3.3141594709161094e-06,8.660100235418837e-05,-1.0698528953183566e-05,-6.7500938290863494e-06,-1.7318096942454385e-06,-3.0180452934089866e-07,0.002571629130142299,-0.004022644225756365,0.0004030334815503079,0.002934556379038029,0.009357422030810233,0.0025232389747196914,0.6459412829480868,-5.498758403227719e-05,0.2713044661949218,nan,nan,nan,nan,nan,nan
599,2.9999999999999583,Standing,0.8885575404826744,0.44645808195914044,1.5715471360389095,-2.092338162403856,0.004309685328367738,-0.4117831600574241,-1.4872302780006663,0.9577269134910736,0.02318188135249307,0.02582932083497522,0.016723637698234053,0.027779262046287063,-0.3509666458964507,0.011582355963928759,-0.021938224846123053,-0.3954027013216943,-0.02411194792551535,-2.0976008741003644,0.004488444738277823,-0.4079908360864162,-1.2356036605788088,-0.6753343523492726,0.03217530080076312,0.025351908017610357,0.020176414273383566,0.028797481674375354,-0.329369097979454,-0.01409645588385116,-0.023625916467733373,-0.39517454697043203,0.02365114206487382,-0.023877826265517665,-0.056957937259611534,0.07590374772943598,-0.024132476234423217,-0.05692075044262503,-0.07593598144679009,0.00011027543617771749,-7.484704613340711e-05,2.2380458343738044e-05,-0.0010364590001899622,6.060196976776796e-06,2.3123056701433833e-05,0.0015072995358945095,0.0018974794443381308,2.9032464496920747e-05,3.1658627181362123e-07,1.691913176742407e-05,1.2496571305609783e-06,0.00011770110381032926,1.3956747181583362e-05,-8.147513011040514e-06,-5.619875762320339e-06,-1.3938216329979598e-06,-2.1884585661553118e-05,-2.039666312870001e-06,4.5875621919173126e-07,2.492073174258048e-05,-0.001084929643181728,8.378508365069916e-07,6.1470962678501e-07,7.640701273143562e-06,-1.0484137115989174e-06,8.007715788838798e-06,-1.1677928076493227e-06,-3.089981817457346e-08,-3.496952010809798e-07,-2.154336701003872e-07,0.003055821322297629,0.007867316522274917,-0.0020571810824781683,0.003911434576846513,-0.004360461485734915,-0.0003280253643486255,0.6459413937738371,-5.498797263115842e-05,0.2713043369041844,nan,nan,nan,nan,nan,nan
600,3.004999999999958,Standing,0.8885556091112763,0.44645933520933095,1.5715465609597974,-2.092322387799692,0.0043096109461290095,-0.4117834579177374,-1.4872499823920777,0.9577173070065506,0.023181859847863553,0.025829276630827368,0.016723503733506492,0.027779260187414615,-0.35096814488268924,0.011582178482029117,-0.021938113942096535,-0.39540263028102657,-0.024111930166017922,-2.09759534635346,0.004488460621952784,-0.4079908785704874,-1.2356071281776435,-0.675338247315916,0.03217528367472879,0.025351903663291566,0.02017644268692704,0.028797471113206564,-0.32936935047045757,-0.0140964270831057,-0.023625891095092395,-0.3951745428089941,0.023651141802381762,-0.02390690084231525,-0.0570707749881114,0.07593095918376852,-0.024107105462241728,-0.0569613328929767,-0.07594080939800074,-0.000386274279621336,0.0002506500380983381,-0.00011501582240053955,0.0031549208327504067,-1.487644774575552e-05,-5.957206265580713e-05,-0.003940878282297427,-0.001921296904614021,-4.300925903322576e-06,-8.840829570486195e-06,-2.6792945511971788e-05,-3.71774489476494e-07,-0.00029979724769925697,-3.5496379928298715e-05,2.2180805303581392e-05,1.4208133551347761e-05,3.5518994855984834e-06,0.001105549380911796,3.176734992200915e-06,-8.49681423994714e-06,-0.0006935197669390603,-0.0007789933286642967,-3.425206865391174e-06,-8.708637583134297e-07,5.682708694845189e-06,-2.112233758073273e-06,-5.049820071181879e-05,5.760149092093604e-06,5.074528195778566e-06,8.322875848984514e-07,-5.2498411726746176e-08,-0.005814915359517108,-0.02256754569997389,0.005442290866509152,0.005074154436297799,-0.008116490070334458,-0.0009655902421306186,0.6459417328674164,-5.498757538099552e-05,0.27130404597652297,nan,nan,nan,nan,nan,nan
601,3.009999999999958,Standing,0.8885582673595838,0.44645758309193223,1.571547429275019,-2.0923477093686924,0.004309743883611588,-0.41178295053517966,-1.4872159331856014,0.9577462402948987,0.023182051770991672,0.025829333593926355,0.016723772777253,0.02777927174175207,-0.3509655621758136,0.011582484433579808,-0.021938305326061724,-0.39540275205312164,-0.024111960757365644,-2.0976009516097696,0.004488428919612145,-0.40799083653493606,-1.235604502830958,-0.6753357681366058,0.03217531359048989,0.025351901660768943,0.02017658042644164,0.02879743827180388,-0.3293691554940807,-0.014096453028782015,-0.023625905826749675,-0.39517456406492923,0.023651149667264847,-0.02398670517623354,-0.05684573793225259,0.07589826505268135,-0.024073296870590254,-0.05696640318643053,-0.07593649255338532,0.000531649661504708,-0.0003504234797502197,0.0001736630442868523,-0.005064313800028758,2.6587496515611545e-05,0.0001014765115535384,0.006809841295278046,0.005786657669644545,3.838462562417608e-05,1.1392619797322659e-05,5.380874930111903e-05,2.3108674907677106e-06,0.000516541375129672,6.119031013844047e-05,-3.827679303810857e-05,-2.435441901819551e-05,-6.1182695442361104e-06,-0.0011210512619718028,-6.340468127727669e-06,8.407110261400617e-06,0.0005250693371111348,0.0004958358620443864,5.983152218985594e-06,-4.005045245275328e-07,2.7547902919700097e-05,-6.568280536560546e-06,3.899527538004044e-05,-5.1891352631324765e-06,-2.946331455781274e-06,-4.2511870261625314e-06,1.572976617026875e-06,-0.015960866783657417,0.0450074111717627,-0.006538826217434409,0.006761718330294738,-0.0010140586907648836,0.0008633689230857515,0.6459406201488247,-5.498838664102962e-05,0.2713049181838713,nan,nan,nan,nan,nan,nan
602,3.014999999999958,Standing,0.8885573770552703,0.44645814098359204,1.5715469853364383,-2.092335615237228,0.004309675140546172,-0.4117831724260762,-1.4872317977196665,0.957736306459547,0.023182308738135374,0.02582927105153041,0.016723706552612558,0.027779276050205616,-0.35096669421287285,0.011582350269474562,-0.021938210803329954,-0.39540269847724835,-0.024111947327841072,-2.097600097784529,0.004488447421212238,-0.4079908238525306,-1.2356040777202801,-0.6753323554212053,0.03217533026627007,0.02535189798221607,0.020176827451262428,0.028797371053472402,-0.3293691192488352,-0.014096462357237133,-0.02362590369944195,-0.39517456888563374,0.023651150973731723,-0.02410663370958892,-0.05692958353306658,0.07593390336116128,-0.02403665539682741,-0.05695064371117988,-0.07592715708543307,-0.000178060862690135,0.00011157833196376353,-8.878771609406892e-05,0.0024188262928310214,-1.374861308324371e-05,-4.43781793134863e-05,-0.0031729068130012077,-0.001986767070351626,5.1393428740402326e-05,-1.2508479189578855e-05,-1.324492808841131e-05,8.616907091771995e-07,-0.00022640741185573612,-2.6832821049090793e-05,1.8904546354093037e-05,1.0715174661065818e-05,2.685904914432876e-06,0.00017076504810832247,3.7003200186562307e-06,2.5364810921160907e-06,8.50221355475926e-05,0.0006825430801098468,3.335156036047443e-06,-7.35710574160016e-07,4.940496415789295e-05,-1.3443666295201416e-05,7.2490490961744504e-06,-1.8656910236694363e-06,4.254615452027701e-07,-9.641408990603033e-07,2.612933749112724e-07,-0.023985706671076336,-0.016769120162798364,0.0071276616959847295,0.0073282947525683765,0.00315189505013025,0.001867093590449223,0.6459420963445907,-5.498733239396208e-05,0.27130367325361826,nan,nan,nan,nan,nan,nan
603,3.019999999999958,Standing,0.8885560589125018,0.446458992073453,1.571546627485347,-2.0923244658841207,0.0043096247154988205,-0.41178338238123413,-1.4872454814240057,0.9577306819361311,0.02318202609978756,0.025829273023275545,0.016723613992851907,0.027779274442191578,-0.3509677621117799,0.011582223963036133,-0.021938136017918084,-0.39540264802978575,-0.024111934685655145,-2.097597465784861,0.00448846254344247,-0.4079908524681255,-1.235605607763438,-0.6753319023367986,0.032175323551373196,0.02535189590215543,0.02017710775458498,0.02879729079365445,-0.32936923355933545,-0.014096455257331235,-0.023625894424632775,-0.3951745629386076,0.023651148021468067,-0.024160673677334262,-0.05700855744202102,0.07595822798667405,-0.024005009445185042,-0.056957480744188875,-0.07592358108745795,-0.00026362855369084027,0.00017021797220000771,-7.15702183043334e-05,0.002229870621505078,-1.0085009470204747e-05,-4.1991031586669856e-05,-0.0027367408678223015,-0.0011249046831822184,-5.652766956278675e-05,3.943490267211498e-07,-1.8511952130308304e-05,-3.2160280768856106e-07,-0.00021357978140948698,-2.526128768594931e-05,1.4957082374247872e-05,1.0089492514749537e-05,2.5284371850042575e-06,0.000526399933638844,3.0244460464580786e-06,-5.723118980748846e-06,-0.0003060086316013912,9.061688133059386e-05,-1.342979374306795e-06,-4.160121285303281e-07,5.6060664510580895e-05,-1.605196359044267e-05,-2.2862100047719376e-05,1.4199811796176628e-06,1.8549618346928012e-06,1.1894052285835302e-06,-5.904527314461879e-07,-0.010807993549067899,-0.015794781790887225,0.004864925102554948,0.006329190328473575,-0.0013674066017993255,0.0007151995950250018,0.645941692802508,-5.4988682818581404e-05,0.2713040339586775,nan,nan,nan,nan,nan,nan
604,3.0249999999999577,Standing,0.8885559331157938,0.4464590691562931,1.5715467645559886,-2.0923267036786153,0.004309645853762306,-0.41178333293925296,-1.4872412799813262,0.9577391267177189,0.02318182874030314,0.0258293033970048,0.01672362546701496,0.02777927479607942,-0.35096749660715904,0.011582255610465452,-0.021938163576249475,-0.3954026606921882,-0.024111937846151083,-2.09759679963053,0.004488461219233622,-0.40799088895399466,-1.2356072350154919,-0.675331718768445,0.0321753113154944,0.025351894166784125,0.02017742792577943,0.02879719747257451,-0.32936936456319515,-0.014096447434931839,-0.023625887774673726,-0.3951745570281258,0.023651145676626687,-0.024167897276486466,-0.05697934965063694,0.07595348581423168,-0.023977804022956246,-0.056975909413690094,-0.07592325393379283,-2.5159341582760823e-05,1.541656801486071e-05,2.741412832867121e-05,-0.00044755889894170517,4.227652697092155e-06,9.88839623392221e-06,0.0008402885359161576,0.001688956317562452,-3.947189688408107e-05,6.074745850662347e-06,2.2948326106164917e-06,7.07775685380976e-08,5.3100924169195994e-05,6.329485863793093e-06,-5.511666278487362e-06,-2.5324804945195036e-06,-6.320991873414665e-07,0.00013323086618396296,-2.648417696928689e-07,-7.297173833549622e-06,-0.00032545041077083626,3.671367072186898e-05,-2.4471757585877854e-06,-3.4707426102842637e-07,6.403423888959169e-05,-1.8664215988268398e-05,-2.620077194341337e-05,1.564479879457031e-06,1.3299918094200108e-06,1.182096354875848e-06,-4.6896827624876917e-07,-0.0014447198304409874,0.005841558276816108,-0.0009484344884741159,0.005441084445759102,-0.003685733900244214,6.543073302226301e-05,0.645940909569153,-5.498959642100061e-05,0.27130463424695206,nan,nan,nan,nan,nan,nan
605,3.0299999999999576,Standing,0.8885566100542486,0.4464586198034363,1.5715470644331997,-2.0923337249624687,0.004309684533810779,-0.41178317511438717,-1.4872309816819387,0.9577505240227929,0.023181712428072272,0.025829343349095736,0.016723693839597327,0.027779279381684074,-0.35096671787317296,0.011582347929225164,-0.021938221819420664,-0.3954026978754754,-0.024111947076759798,-2.097598748169774,0.004488456079073867,-0.40799089828141033,-1.2356067432379343,-0.6753320763252117,0.03217531027096261,0.025351895580407912,0.020177777359391195,0.02879709886988596,-0.329369336527065,-0.014096459040635495,-0.02362589339890014,-0.3951745582951393,0.023651145853580247,-0.024148439055909438,-0.056924495037368364,0.07593941201276905,-0.02395062479285431,-0.05697183977427291,-0.07591799610820696,0.00013538769095735562,-8.987057134659046e-05,5.9975442211131144e-05,-0.0014042567706769502,7.736009694613544e-06,3.156497316071948e-05,0.0020596598775130563,0.0022794610148093217,-2.326244617376091e-05,7.99041818761711e-06,1.3674516473103759e-05,9.171209305914426e-07,0.0001557467972175432,1.8463751942403812e-05,-1.1648634238074453e-05,-7.43665743558032e-06,-1.8461217427068101e-06,-0.00038970784880035296,-1.0280319509523744e-06,-1.8654831299970758e-06,9.83555115000539e-05,-7.151135336051439e-05,-2.0890635697564897e-07,2.827247576111914e-07,6.988672235298903e-05,-1.972053771034559e-05,5.607226027594359e-06,-2.3211407312633635e-06,-1.1248452828600099e-06,-2.534026938987508e-07,3.539071196551352e-08,0.003891644115405611,0.010970922653715506,-0.0028147602925258928,0.0054358460203873405,0.0008139278834359046,0.0010515651171737355,0.6459407421739177,-5.498948653151987e-05,0.2713047072248303,nan,nan,nan,nan,nan,nan
606,3.0349999999999575,Standing,0.8885567819459989,0.4464584895259481,1.5715470960046034,-2.092334828927776,0.0043096910912052986,-0.41178312250045246,-1.487228447648353,0.9577554584376538,0.023181624869635736,0.02582936498022196,0.01672372720497481,0.02777928409932841,-0.3509664923046604,0.011582374636988184,-0.02193823349122889,-0.3954027088817626,-0.024111949743906052,-2.097599089373978,0.004488458984815678,-0.40799092844203033,-1.2356078593903126,-0.6753336151235649,0.032175298155351466,0.025351895521289275,0.02017812033490393,0.028796998848514766,-0.3293694277674064,-0.014096456675797835,-0.023625888361120756,-0.3951745534733939,0.023651144806270133,-0.024122215746998237,-0.05692222390636206,0.07593485826431735,-0.023927614960156277,-0.056975636646821565,-0.07591514354973893,3.437835005177502e-05,-2.6055497644587573e-05,6.314280762402775e-06,-0.0002207930614036113,1.311478903971536e-06,1.0522786941026007e-05,0.0005068067171207023,0.0009868829721709307,-1.751168730693958e-05,4.326225244390338e-06,6.673075496267224e-06,9.435288673887898e-07,4.511370250936348e-05,5.341552604006593e-06,-2.3343616452952127e-06,-2.2012574475804385e-06,-5.334292505150899e-07,-6.824084076520817e-05,5.811483620939346e-07,-6.032124002067089e-06,-0.0002232304756583211,-0.00030775967064067256,-2.4231222289311157e-06,-1.1823727718093969e-08,6.859510254687675e-05,-2.0004274238228277e-05,-1.8248068281578002e-05,4.729675321181047e-07,1.0075558768182634e-06,9.643490809202344e-07,-2.0946202297363933e-07,0.005244661782240076,0.00045422620126004364,-0.0009107496903393792,0.004601966539606451,-0.0007593745097306188,0.0005705116936061425,0.6459410851306264,-5.498917415626591e-05,0.2713043960015599,nan,nan,nan,nan,nan,nan
607,3.0399999999999574,Standing,0.8885563596835884,0.4464587435108094,1.5715469523671737,-2.0923310617058717,0.00430967496430107,-0.41178316941877946,-1.4872322202889838,0.9577561360679864,0.02318149731119742,0.025829375463212637,0.016723718356980468,0.0277792865012031,-0.3509667577322048,0.011582343211600257,-0.02193821059089153,-0.3954026964743164,-0.024111946595438954,-2.0975979465498247,0.004488467677106649,-0.40799097500926007,-1.2356102011976737,-0.6753358937381732,0.03217527566736837,0.02535189412037234,0.020178414413141846,0.028796909429610384,-0.3293696174049648,-0.014096441973044443,-0.023625875336659,-0.3951745455272769,0.02365114392608612,-0.02409563677518315,-0.056958501751870096,0.07593798900557669,-0.023908443011061795,-0.05698509290181366,-0.07591413080985769,-8.445248210457657e-05,5.079697226402421e-05,-2.8727485941147454e-05,0.000753444380817584,-3.2253808456985162e-06,-9.38366539992e-06,-0.0007545281261750463,0.0001355260665172333,-2.5511687663382668e-05,2.0965981356849757e-06,-1.7695988684753681e-06,4.803749377003585e-07,-5.3085508872821184e-05,-6.285077585436619e-06,4.580067471469704e-06,2.481489231330415e-06,6.296934196983812e-07,0.00022856483074647275,1.738458194315912e-06,-9.313445947158374e-06,-0.0004683614722380037,-0.00045572292163614705,-4.4975966192874445e-06,-2.8018338721959786e-07,5.88156475836326e-05,-1.7883780876479528e-05,-3.792751167708284e-05,2.9405506782745504e-06,2.604892351412241e-06,1.5892234068697478e-06,-1.760368025668747e-07,0.005315794363016899,-0.0072555691016066145,0.0006261482518678616,0.0038343898188963376,-0.0018912509984195032,0.00020254797624681432,0.6459412014746565,-5.49891078747381e-05,0.2713043048535623,nan,nan,nan,nan,nan,nan
608,3.0449999999999573,Standing,0.8885562494324678,0.44645879624513835,1.5715469538774367,-2.0923301278428497,0.004309673372645884,-0.4117831726622051,-1.4872324749129304,0.9577595788685512,0.02318140622157853,0.025829387418368755,0.01672372971915884,0.027779288526551277,-0.35096677666934767,0.011582341032960715,-0.02193820926488696,-0.3954026956249408,-0.02411194637213281,-2.0975983910009712,0.004488472636433028,-0.4079909984505296,-1.2356108222888207,-0.6753386286205462,0.03217526258311577,0.02535189484919726,0.02017867661430928,0.028796831158743336,-0.32936968024690183,-0.014096441650894182,-0.02362587203452783,-0.39517454540601776,0.02365114618791681,-0.024063934608136037,-0.05697482161088573,0.07593629339751813,-0.02388966792557002,-0.056976363512615646,-0.07590921397893195,-2.205022411664852e-05,1.0546865792947518e-05,3.020526176932308e-07,0.00018677260439464184,-3.183310372814066e-07,-6.486851330205206e-07,-5.092478930563457e-05,0.000688560112962051,-1.8217923778034582e-05,2.391031223598725e-06,2.2724356746528524e-06,4.050696357906448e-07,-3.7874285727900728e-06,-4.357279084115148e-07,2.65200914044754e-07,1.6987512234954977e-07,4.4661228640498295e-08,-8.889022930029836e-05,9.918652759091422e-07,-4.688253907063325e-06,-0.00012421822938723105,-0.0005469764745967739,-2.6168505213079175e-06,1.4576498436383694e-07,5.2440233487125866e-05,-1.5654173409863857e-05,-1.256838740738568e-05,6.44300523396271e-08,6.604262336585366e-07,2.4251820727346828e-08,4.5236613768856487e-07,0.0063404334094226255,-0.003263971803128052,-0.00033912161171115445,0.0037550170983549785,0.0017458778396027494,0.0009833661851482288,0.6459409679667409,-5.4989263996811795e-05,0.27130449413926017,nan,nan,nan,nan,nan,nan
609,3.049999999999957,Standing,0.8885562151416792,0.4464587907342926,1.5715469770970494,-2.092331796416193,0.004309688315970059,-0.41178312060232414,-1.487229035840119,0.9577663347858623,0.023181425794001613,0.025829393845844706,0.01672377068347975,0.02777929120636951,-0.3509665108602879,0.01158237253441753,-0.02193822790476861,-0.39540270810704536,-0.024111949517556863,-2.0975970003288458,0.004488473686989706,-0.4079910673871308,-1.2356149455367431,-0.6753415423194187,0.03217522569790106,0.02535189090206899,0.020178852050727832,0.028796769830938377,-0.32937001253591075,-0.014096408174679186,-0.023625849317253773,-0.3951745333061661,0.023651145920402232,-0.024029570534354654,-0.05696127231517271,0.07592817941884428,-0.023880396933825352,-0.05700616715023012,-0.07591424152347653,-6.858157733778829e-06,-1.1021691484834065e-06,4.6439225265639e-06,-0.00033371466869063166,2.988664834999938e-06,1.041197618839259e-05,0.0006878145622634114,0.0013511834622170669,3.914484616547284e-06,1.2854951899006766e-06,8.192864182193997e-06,5.359636467016663e-07,5.316181195152858e-05,6.300291362837232e-06,-3.727976329872064e-06,-2.4964209125264543e-06,-6.290848103640747e-07,0.0002781344250476151,2.101113355362206e-07,-1.3787320246041229e-05,-0.0008246495844907778,-0.0005827397745060198,-7.377042941157892e-06,-7.894256537496338e-07,3.508728371015258e-05,-1.2265560991721598e-05,-6.645780178303259e-05,6.695242999240413e-06,4.543454811943912e-06,2.419970337922477e-06,-5.350291525036826e-08,0.006872814756276163,0.0027098591426053366,-0.0016227957347704188,0.0018541983489332413,-0.0059607275228955444,-0.0010055089089164337,0.6459408804989831,-5.4989366738253655e-05,0.27130454814849103,nan,nan,nan,nan,nan,nan
610,3.054999999999957,Standing,0.8885570606146741,0.4464582245650877,1.5715472113436637,-2.092335120973498,0.004309698418728815,-0.4117830558821499,-1.4872248067062843,0.957771231627712,0.023181532307869596,0.02582939340630611,0.016723825928968757,0.027779296099090734,-0.350966169599603,0.011582413012520651,-0.02193825108312761,-0.39540272438741064,-0.024111953559915748,-2.0976029047392943,0.004488473834555111,-0.40799099135553313,-1.2356087426576863,-0.6753441442428137,0.032175258569375045,0.02535189940324649,0.02017899087801695,0.028796738319473218,-0.32936955446463073,-0.014096466283659842,-0.02362588348424131,-0.3951745590440996,0.023651156201916615,-0.023998676473332797,-0.0569610544360085,0.07592330499551946,-0.02386889055563151,-0.05692212688830215,-0.07589402811864385,0.00016909459899476455,-0.00011323384097700501,4.684932284633507e-05,-0.0006649114610305432,2.0205517512436623e-06,1.2944034839283924e-05,0.000845826766954731,0.0009793683699647036,2.1302773596562267e-05,-8.790771926724417e-08,1.1049097801079435e-05,9.78544244879347e-07,6.825213698287484e-05,8.095620624138313e-06,-4.635671800770496e-06,-3.256073059343367e-06,-8.08471777369977e-07,-0.0011808820897264269,2.951308108291093e-08,1.5206319540923747e-05,0.0012405758113677608,-0.0005203846790172872,6.574294796971966e-06,1.7002354996009042e-06,2.7765457823529673e-05,-6.302293032065526e-06,9.16142560063308e-05,-1.1621796131478907e-05,-6.833397507736121e-06,-5.147586697890792e-06,2.0563028763982774e-06,0.006178812204371717,4.3575832842513394e-05,-0.0009748846649656497,0.0023012756387682776,0.016808052385594772,0.004042680966536986,0.6459408419808286,-5.498899937490256e-05,0.27130457314417894,nan,nan,nan,nan,nan,nan
611,3.059999999999957,Standing,0.8885550626278169,0.4464594689598582,1.5715466062350116,-2.0923276000995306,0.00430968430622097,-0.41178315387230313,-1.4872317352876074,0.9577734451522617,0.023181601751193544,0.02582936791583644,0.016723799165954747,0.027779295124592825,-0.3509666832052627,0.011582351980532521,-0.02193820852028449,-0.3954026989495073,-0.024111947449407232,-2.0975881485632293,0.004488484331386099,-0.40799130331486777,-1.2356310755401674,-0.67534649945058,0.0321751015181264,0.025351871798079184,0.020178994085486155,0.028796689230195894,-0.32937128020246187,-0.0140962663071345,-0.0236257580807232,-0.3951744792474671,0.023651138195770603,-0.023973122503399377,-0.05697905272688971,0.07592292282898457,-0.02398692796766859,-0.057114522077973566,-0.07595500173181377,-0.00039959737143367485,0.00024887895410110147,-0.00012102173041995436,0.0015041747935334814,-2.8225015691089155e-06,-1.959803064149716e-05,-0.00138571626464066,0.00044270490993393065,1.3888664789502486e-05,-5.098093933579857e-06,-5.352602801825178e-06,-1.9489958220688907e-07,-0.00010272113194060266,-1.2206397625895881e-05,8.512568624054949e-06,5.0875806726838855e-06,1.2221017028605371e-06,0.00295123521301129,2.0993661976331904e-06,-6.239186693019435e-05,-0.0044665764962273325,-0.0004710415532510809,-3.1410249729479194e-05,-5.521033461003611e-06,6.414938405573276e-07,-9.817855464748777e-06,-0.0003451475662323794,3.9995305068553365e-05,2.5080703622085452e-05,1.5959326493365527e-05,-3.601229202512909e-06,0.005110793986683992,-0.0035996581762426354,-7.6433306979154e-05,-0.02360748240741605,-0.03847903793428274,-0.01219472263398453,0.6459413297737574,-5.498935431489087e-05,0.2713041728662484,nan,nan,nan,nan,nan,nan
612,3.064999999999957,Standing,0.8885560899712898,0.4464587938061111,1.5715470654340142,-2.0923319578559476,0.004309693722361084,-0.4117830847089015,-1.4872265181194095,0.9577787325051945,0.023181675934460223,0.02582937205960907,0.016723849789284425,0.027779299748669946,-0.35096629151675013,0.011582398503613613,-0.021938240282209896,-0.39540271729471915,-0.024111952096389288,-2.097597972506327,0.004488488810731351,-0.40799116306963734,-1.235620001728312,-0.6753429693157723,0.032175150611443395,0.025351884511164543,0.020178989904200258,0.028796699076466946,-0.3293705068858921,-0.01409635860035714,-0.023625822755948985,-0.39517451978867035,0.02365115564945211,-0.023948035827579546,-0.05697632669123641,0.07591842538883636,-0.024102611525007155,-0.05693736929633342,-0.07593484523632722,0.0002054686945651337,-0.00013503074942338914,9.183980054155197e-05,-0.0008715512834035417,1.883228022815239e-06,1.3832680325590204e-05,0.0010434336395905627,0.0010574705865642733,1.4836653335451674e-05,8.287545261577887e-07,1.0124665935465995e-05,9.24815424375072e-07,7.833770251357107e-05,9.30461621832804e-06,-6.3523850812526665e-06,-3.669042367507626e-06,-9.293964114800436e-07,-0.001964788619524871,8.958690502153369e-07,2.804904608426729e-05,0.0022147623710724014,0.0007060269615407539,9.81866339871049e-06,2.5426170714903328e-06,-8.362571795757754e-07,1.9692542105216644e-06,0.00015466331396031682,-1.84586445279926e-05,-1.293504515720367e-05,-8.108240645146636e-06,3.490736301338308e-06,0.005017335163966498,0.0005452071306606618,-0.0008994880296403423,-0.023136711467713417,0.03543055632803006,0.004031299097310172,0.64594020142269,-5.4987804431948083e-05,0.2713051236000517,nan,nan,nan,nan,nan,nan
613,3.0699999999999568,Standing,0.888556811695837,0.4464582978831844,1.571547239995306,-2.0923345628423626,0.004309701621268711,-0.41178303933459476,-1.4872234407340315,0.9577828704345119,0.023181859359597125,0.025829358223094703,0.01672389450128375,0.027779304021553528,-0.350966040832485,0.011582428273256033,-0.02193825689019875,-0.39540272947734023,-0.02411195506743618,-2.0976026347136596,0.004488489975159846,-0.407991118835788,-1.2356155880862547,-0.6753485579199278,0.032175163812514125,0.02535189533696303,0.020179172715889038,0.028796649561228706,-0.32937016597357277,-0.014096404092116226,-0.023625849867963518,-0.3951745281419679,0.023651159538249557,-0.023926363083019358,-0.05697783761322401,0.07591535670481099,-0.024151237756884877,-0.05685523451185852,-0.07592469181028913,0.0001443449094392185,-9.91845853339461e-05,3.491225835884155e-05,-0.0005209972830221923,1.5797815253548408e-06,9.074861348333934e-06,0.0006154770756270412,0.0008275858634776638,3.668502738009623e-05,-2.7673028738379298e-06,8.94239986535002e-06,8.545767165190462e-07,5.0136853023877726e-05,5.953928483889784e-06,-3.321597771384903e-06,-2.4365242103575943e-06,-5.942093783557312e-07,-0.0009324414665689456,2.3288569912399443e-07,8.8467698709067e-06,0.0008827284114607385,-0.0011177208310844088,2.6402141462037563e-06,2.165159697482899e-06,3.6562337755735726e-05,-9.903047648106111e-06,6.818246386368687e-05,-9.09835181711849e-06,-5.422402906461736e-06,-1.6706595145772532e-06,7.777594894072135e-07,0.004334548912037657,-0.0003021843975199648,-0.0006137368050732972,-0.009725246375544106,0.016426956894979545,0.0020306852076195053,0.645940698425395,-5.498815454291017e-05,0.2713046578707228,nan,nan,nan,nan,nan,nan
614,3.0749999999999567,Standing,0.8885564973919431,0.4464584840698606,1.5715470339940683,-2.0923329387810523,0.004309700236224371,-0.4117830536056694,-1.4872246748627198,0.9577857046383488,0.023181951681206892,0.025829345162573174,0.016723910452152265,0.027779306303271415,-0.35096611807643724,0.011582419155054006,-0.021938247958010786,-0.3954027260837743,-0.02411195414843596,-2.097599223457429,0.004488483641207633,-0.40799115956167403,-1.2356198548414628,-0.6753586798898771,0.03217512168904998,0.02535189623247253,0.02017827553811697,0.028796895792389615,-0.32937047316782464,-0.014096350858073755,-0.023625824753516888,-0.39517451246479,0.02365115705042266,-0.02390865767234711,-0.05698771390956359,0.07591454498370402,-0.02418064410199316,-0.05690304691944505,-0.0759398515974311,-6.286077878231701e-05,3.723733523420365e-05,-4.120024758437354e-05,0.0003248122620497822,-2.770088678415744e-07,-2.854214934651003e-06,-0.0002468257376580441,0.000566840767373458,1.8464321953394823e-05,-2.6121043060238297e-06,3.190173702704899e-06,4.563435777179215e-07,-1.5448790441484976e-05,-1.8236404052001993e-06,1.786437593252978e-06,6.787131899282912e-07,1.8380004410007672e-07,0.0006822512460401265,-1.2667904427175633e-06,-8.145177212310761e-06,-0.0008533510416082787,-0.0020243939898708686,-8.424692829744587e-06,1.7910190030446495e-07,-0.00017943555441353977,4.9246232181548485e-05,-6.14388503780379e-05,1.0646808494319895e-05,5.022889325826253e-06,3.1354355828113764e-06,-4.975653790581433e-07,0.003541082134449764,-0.001975259267916971,-0.00016234422139306857,-0.0058812690216568115,-0.009562481517305932,-0.0030319574283916126,0.6459411366338064,-5.498828490147053e-05,0.27130430942955774,nan,nan,nan,nan,nan,nan
615,3.0799999999999566,Standing,0.8885562357645894,0.4464586422091779,1.5715469175941668,-2.0923332471483564,0.0043097091401348995,-0.41178302850317877,-1.4872230838129272,0.9577909612597343,0.023182018899291168,0.025829341405619863,0.01672394462632393,0.027779309040914017,-0.3509659891513106,0.011582434501723884,-0.021938255815953087,-0.3954027325197792,-0.024111955676067894,-2.097595879180068,0.004488474356919508,-0.4079911838695131,-1.2356241148379767,-0.6753620194017717,0.032175089288128345,0.025351889717266915,0.020177178400492435,0.028797196223497704,-0.32937080924545564,-0.014096289401628725,-0.023625797417917344,-0.39517450655516057,0.02365115996760414,-0.023891253024348275,-0.056977006674946463,0.07590969219635074,-0.02418092752703097,-0.05696500901038425,-0.07595343755777277,-5.232547072563566e-05,3.162786346514952e-05,-2.3279980292401207e-05,-6.167346081453149e-05,1.7807821057027406e-06,5.020498133013661e-06,0.00031820995853031997,0.0010513242770937806,1.3443616854953974e-05,-7.513906621775861e-07,6.834834332919755e-06,5.475285201148192e-07,2.5785025326095474e-05,3.0693339754128605e-06,-1.5715884603947576e-06,-1.2872009762211208e-06,-3.055263870686408e-07,0.000668855472267439,-1.856857624997973e-06,-4.8615678106255305e-06,-0.000851999302798497,-0.000667902378911703,-6.4801843263118135e-06,-1.3030411226206985e-06,-0.00021942752490716,6.008622161755984e-05,-6.721552619971934e-05,1.2291289006016582e-05,5.467119908959482e-06,1.1819258860521355e-06,5.834362956520642e-07,0.003480929599766729,0.0021414469234261016,-0.0009705574706570933,-5.66850075615459e-05,-0.01239241818784135,-0.0027171920683361672,0.645941000719148,-5.498785811498793e-05,0.27130444099522916,nan,nan,nan,nan,nan,nan
616,3.0849999999999564,Standing,0.8885557629410064,0.4464589503637158,1.5715468010226568,-2.092329359359389,0.004309690298476125,-0.4117830980466009,-1.4872275396134873,0.9577909238425146,0.023182050482747584,0.025829327506776,0.016723926251555124,0.027779310492860584,-0.350966326382381,0.011582394680452955,-0.02193823109626632,-0.39540271692990125,-0.02411195168675503,-2.0975953536551635,0.004488473220554865,-0.4079911331479193,-1.2356231600851297,-0.675358297979713,0.03217509839780278,0.025351885505927353,0.020176220548930004,0.028797464899184576,-0.3293707585127092,-0.014096275200753454,-0.023625799599723014,-0.39517451667012343,0.023651166839778456,-0.02388334888266006,-0.05700943898970561,0.07591492053953845,-0.024156119065390506,-0.056968295494019626,-0.07595017466635273,-9.456471662212785e-05,6.16309075791941e-05,-2.3314302020830353e-05,0.000777557793541351,-3.768331754961877e-06,-1.3908684428013759e-05,-0.0008911601120288913,-7.483443923778565e-06,6.316691283544563e-06,-2.7797687727473802e-06,-3.674953761716471e-06,2.9038931322203507e-07,-6.74462140796177e-05,-7.964254185694356e-06,4.943937352983525e-06,3.1179755856066428e-06,7.978625722921611e-07,0.00010510498091703495,-2.272729286681078e-07,1.0144318763154191e-05,0.0001909505693980342,0.0007442844117224142,1.8219348882169004e-06,-8.422679126181022e-07,-0.00019157031248634353,5.373513737437079e-05,1.014654929446585e-05,2.840175054253282e-06,-4.363611342188839e-07,-2.022992570255099e-06,1.3744348630559553e-06,0.0015808283376430342,-0.006486462951829095,0.0010456686375425576,0.004961692328092513,-0.0006572967270747632,0.0006525782840086053,0.6459408503901252,-5.498735863653869e-05,0.2713045556102596,nan,nan,nan,nan,nan,nan
617,3.0899999999999563,Standing,0.8885573521266837,0.4464579023513965,1.571547266502019,-2.0923419509102392,0.0043097517403454634,-0.4117828470737347,-1.487210855084423,0.9578051950931379,0.02318221782274248,0.025829348304192676,0.016724074436137777,0.027779318300812744,-0.350965043986545,0.011582546662290392,-0.02193832416512495,-0.39540277791167683,-0.024111966879947593,-2.097600548644031,0.004488455346478457,-0.40799102728818976,-1.235618176461869,-0.6753457149377462,0.032175150344589565,0.025351881846940084,0.020175633430669748,0.02879763595924618,-0.32937038636529925,-0.014096305388032946,-0.023625829306330174,-0.39517453197414376,0.02365117145701079,-0.023875442337062354,-0.05691888305570522,0.07589562682048484,-0.024118768079376747,-0.05693780905820534,-0.07593752136780836,0.00031783713547153147,-0.00020960246386199447,9.30958724515466e-05,-0.0025183101700834596,1.2288373867773493e-05,5.01945732455258e-05,0.0033369058128782715,0.002854250124642589,3.346799897893042e-05,4.159483335397509e-06,2.9636916530677147e-05,1.5615904316476098e-06,0.0002564791672087285,3.039636748727722e-05,-1.8613771725751394e-05,-1.2196355111984748e-05,-3.038638512620902e-06,-0.001038997773485437,-3.574815281596876e-06,2.1171945905544e-05,0.0009967246521401982,0.0025166083933593993,1.0389357356724914e-05,-7.317974542155054e-07,-0.00011742365205118006,3.421201232128534e-05,7.442948199078081e-05,-6.037455898343821e-06,-5.94132143231081e-06,-3.060804063843825e-06,9.234464663867105e-07,0.001581309119540574,0.01811118680007865,-0.003858743810723618,0.007470197202751869,0.006097287162856373,0.002530659708873854,0.6459405502627835,-5.498764160360484e-05,0.2713047598767357,nan,nan,nan,nan,nan,nan
618,3.0949999999999562,Standing,0.8885545483614948,0.44645973169027126,1.5715463998367296,-2.0923153721345944,0.0043096166474394,-0.41178336875901983,-1.4872455048607756,0.9577827664867619,0.02318213865485908,0.02582927602439363,0.016723823486855142,0.027779311996948265,-0.3509676758753476,0.011582234919910164,-0.021938129533126884,-0.39540265284540804,-0.024111935695477007,-2.09759558351946,0.004488487741631616,-0.40799101666161786,-1.235618653375245,-0.6753364249514889,0.03217515745640287,0.025351878481104602,0.020175406163110893,0.028797697627669303,-0.3293704079448294,-0.01409629632567048,-0.02362582723724321,-0.3951745113616965,0.023651161014981523,-0.02399009335478718,-0.05711136777097685,0.0759519535596664,-0.024081261161129304,-0.05693220872458175,-0.07593029182700776,-0.000560753037778594,0.0003658677749575477,-0.0001733330578751729,0.005315755128960069,-2.7018581212571938e-05,-0.00010433705703284015,-0.006929955270512286,-0.004485721275194289,-1.583357667994175e-05,-1.4455959808808149e-05,-5.018985652726471e-05,-1.2607728959013725e-06,-0.0005263777605226419,-6.234847604564399e-05,3.892639961347512e-05,2.501325375292709e-05,6.236894117173243e-06,0.0009930249141838275,6.479030631759923e-06,2.1253143771353412e-06,-9.53826751599518e-05,0.0018579972514507486,1.422362661304793e-06,-6.731670960909852e-07,-4.545351177084891e-05,1.2333684624392451e-05,-4.315906030742133e-06,1.8124724931053905e-06,4.138173929859063e-07,4.122489454658302e-06,-2.0884058532175673e-06,-0.022930203544964826,-0.03849694305432469,0.011265347836312067,0.007501383649488862,0.001120066724719022,0.0014459081601196808,0.6459414605507698,-5.498729867593839e-05,0.2713039888956565,nan,nan,nan,nan,nan,nan
619,3.099999999999956,Standing,0.8885558065093662,0.44645890726475856,1.5715469911094775,-2.092331148507221,0.004309708713641247,-0.41178306092419564,-1.4872237297770183,0.9578038027468374,0.023182050865826427,0.025829332109786458,0.01672395459332996,0.027779314543233537,-0.35096609058718176,0.011582422785594262,-0.021938256609833746,-0.3954027271036759,-0.024111954483443825,-2.097597471019061,0.004488468145851167,-0.4079910172913805,-1.2356181018103904,-0.6753290162308684,0.0321751620318478,0.025351879690724624,0.02017551420176408,0.02879766598336292,-0.3293703549148735,-0.014096303341825414,-0.023625840346091116,-0.39517449339270516,0.023651149735591383,-0.024100567792900804,-0.05694570525519764,0.07593618600574288,-0.024049028721529944,-0.056957818322884324,-0.07593071964040275,0.00025162957426944717,-0.00016488510254088873,0.00011825454958840192,-0.0031552745253127954,1.8413240369341898e-05,6.156696483803107e-05,0.004355016751432288,0.0042072520151169145,-1.7557806530797838e-05,1.1217078565091967e-05,2.6221294963934752e-05,5.092570549061222e-07,0.00031705763317108006,3.757313681970131e-05,-2.5415341372189075e-05,-1.485165357607655e-05,-3.757593363727121e-06,-0.00037749992022328223,-3.919156089783031e-06,-1.2595252283392647e-07,0.00011031297088071325,0.001481744124111463,9.150889861448903e-07,2.419240041649779e-07,2.1607730637260327e-05,-6.328861276644199e-06,1.0605991180359949e-05,-1.4032309869675568e-06,-2.6217695810992466e-06,3.593798266819943e-06,-2.2558780280640202e-06,-0.022094887622724695,0.03313250315584103,-0.003153510784703611,0.006446487919871812,-0.005121919660515707,-8.556267899675679e-05,0.645939874090316,-5.498935590110009e-05,0.27130524341832424,nan,nan,nan,nan,nan,nan
620,3.104999999999956,Standing,0.888556748636195,0.44645827018807044,1.5715472485251194,-2.092339342059466,0.004309748554297477,-0.4117828853134753,-1.4872125928003739,0.9578141920731968,0.023182349489705,0.02582932450737979,0.016724050733198985,0.02777932120610578,-0.35096520244214824,0.011582527930199395,-0.021938315894046337,-0.3954027694804697,-0.02411196499729065,-2.0975989801219352,0.004488463174315556,-0.40799103049282237,-1.2356178443534875,-0.6753228618534723,0.03217516216404253,0.025351881832970716,0.020175915453270642,0.028797550693912134,-0.3293703258767408,-0.014096313676705757,-0.023625849334337663,-0.3951744750711217,0.023651138276763434,-0.024146342668551708,-0.0568671069364367,0.07592767793599933,-0.02401670783719521,-0.056971980407636125,-0.07592862765266013,0.0001884253657676932,-0.0001274153376210818,5.1483128391769027e-05,-0.001638710449010673,7.968131245908376e-06,3.512214406649466e-05,0.002227395328896783,0.0020778652718822298,5.972477571440462e-05,-1.5204813335147725e-06,1.9227973804702126e-05,1.3325744487608666e-06,0.00017762900669871556,2.1028921026863137e-05,-1.1856842518295145e-05,-8.475358762737237e-06,-2.102769364768404e-06,-0.00030182057484397343,-9.94307122150969e-07,-2.6402883755703266e-06,5.14913805732445e-05,0.0012308754792037604,2.6438945421217628e-08,4.2844921873281005e-07,8.025030131284906e-05,-2.3057890157199914e-05,5.8076265380237275e-06,-2.066976068415492e-06,-1.7976493089670034e-06,3.664316690225086e-06,-2.291765589627345e-06,-0.009154975130180662,0.01571966375218833,-0.0017016139487097326,0.006464176866946595,-0.0028324169503605792,0.0004183975485247466,0.6459404761546236,-5.498877903699806e-05,0.27130465420029454,nan,nan,nan,nan,nan,nan
621,3.109999999999956,Standing,0.888556405500691,0.44645847447333836,1.5715470428496243,-2.092333790393494,0.0043097171047237585,-0.41178296619182925,-1.4872193383173002,0.9578107383581133,0.023182211957210323,0.02582933243274093,0.016724031090565875,0.02777932452992384,-0.3509656668520637,0.011582472916070268,-0.02193827447599363,-0.39540274801529224,-0.024111959489451235,-2.0975989010615232,0.004488476404773257,-0.4079910457067247,-1.2356170540631004,-0.6753215036989331,0.03217515882291986,0.025351887994138487,0.020176476787032833,0.028797391851226165,-0.32937025480648424,-0.01409633256711603,-0.02362585762925086,-0.3951744618895841,0.02365112925916929,-0.024172797378338415,-0.05691530053428971,0.07594143699358381,-0.023984286838496325,-0.05696339379299145,-0.0759215497187558,-6.862710079278604e-05,4.0857053584470105e-05,-4.113509900668278e-05,0.0011103331943842264,-6.289914743823555e-06,-1.6175670790740472e-05,-0.0013491033852600217,-0.0006907430167115815,-2.7506498935297087e-05,1.5850722277479416e-06,-3.928526622281001e-06,6.647636113644458e-07,-9.288198309199034e-05,-1.1002825825322325e-05,8.283610541125964e-06,4.2930354905255145e-06,1.1015678823989046e-06,1.5812082433013788e-05,2.6460915402731776e-06,-3.042780457657269e-06,0.0001580580774214004,0.000271630907863674,-6.682245347012293e-07,1.2322335541547175e-06,0.00011226675243854452,-3.176853719393477e-05,1.4214051318134875e-05,-3.7780820547602305e-06,-1.6589826395254985e-06,2.6363075201434474e-06,-1.803518829064826e-06,-0.00529094195734176,-0.009638719570601913,0.002751811516897,0.006484199739777252,0.0017173229289350446,0.0014155867808685178,0.6459410491280483,-5.4988501037573595e-05,0.27130417604568063,nan,nan,nan,nan,nan,nan
622,3.114999999999956,Standing,0.8885556038001933,0.44645898316391674,1.5715468083505426,-2.0923267584032534,0.004309685887191671,-0.4117830838958753,-1.4872275501623309,0.957807735774419,0.023181875554001058,0.02582935679358605,0.016723982421038876,0.02777932403213284,-0.3509662964690399,0.011582398443764642,-0.02193822871946009,-0.3954027184923799,-0.024111952035415288,-2.097597232024286,0.004488489125418283,-0.4079910865728457,-1.235617891701693,-0.6753241007678202,0.032175142674831854,0.025351892953337875,0.020177089970005432,0.028797215535014065,-0.3293703088610498,-0.014096338428081933,-0.023625853964177785,-0.3951744514325369,0.023651123547713516,-0.024171352250740564,-0.05697447168855551,0.07595301096186298,-0.023957238091353247,-0.05696967313521543,-0.07591859081561327,-0.00016034009955115793,0.00010173811567335325,-4.689981632500018e-05,0.0014063980481282155,-6.243506417511195e-06,-2.354080920799946e-05,-0.0016423690061404882,-0.0006005167388472375,-6.728064185326025e-05,4.872169024003539e-06,-9.73390539988315e-06,-9.955820003353007e-08,-0.00012592339523129778,-1.4894461125273882e-05,9.151306708427308e-06,5.9045824724638735e-06,1.490807189846952e-06,0.00033380744748074423,2.544129005275501e-06,-8.173224211146935e-06,-0.00016752771848355246,-0.0005194137774390978,-3.2296176004747534e-06,9.91839877261535e-07,0.00012263659451972682,-3.5263242419769355e-05,-1.0810913108598424e-05,-1.1721931801958681e-06,7.330146150507017e-07,2.091409444494529e-06,-1.1422911543741969e-06,0.000289025519570176,-0.011834230853159204,0.0023147936558344834,0.005409749428615666,-0.001255868444794691,0.0005917806285050475,0.6459409131312194,-5.498911453372838e-05,0.2713042858646319,nan,nan,nan,nan,nan,nan
623,3.1199999999999557,Standing,0.8885554114146573,0.446459099169328,1.5715468494215967,-2.092326955961957,0.004309694135065843,-0.41178306474603144,-1.4872260775663093,0.957812574581789,0.023181602607002118,0.025829393435488596,0.016723989218306676,0.027779324152565964,-0.3509662115704831,0.01158240861723827,-0.02193823895532,-0.39540272262485976,-0.024111953049537515,-2.0975966118478824,0.004488490941841023,-0.4079911226218454,-1.2356186598269074,-0.6753284647137962,0.032175127511264466,0.025351896690620046,0.020177619438512956,0.028797062663497353,-0.3293703648107878,-0.014096342882552609,-0.02362584862674977,-0.3951744510160411,0.023651123750878574,-0.024147088430356296,-0.05697380828263146,0.07594906954352439,-0.023934296065528195,-0.056981562051546426,-0.07591750565696663,-3.84771071936766e-05,2.3201082252756943e-05,8.214210832831675e-06,-3.9511740763944645e-05,1.6495748342956122e-06,3.829968774521531e-06,0.00029451920430778795,0.0009677614740111989,-5.4589399787890905e-05,7.328380509238821e-06,1.3594535602663338e-06,2.408662519037911e-08,1.6979711357627725e-05,2.034694725725457e-06,-2.0471719818838047e-06,-8.264959665518695e-07,-2.0282444531401061e-07,0.0001240352806792421,3.63284547992864e-07,-7.2097999323163365e-06,-0.00015362504289875113,-0.0008727891951817141,-3.0327134777746276e-06,7.474564339465541e-07,0.00010589370150493714,-3.057430334250927e-05,-1.1189947600195679e-05,-8.908941350722149e-07,1.0674856023522078e-06,8.329916174039736e-08,4.0633011821720086e-08,0.0048527640768534965,0.0001326811848104681,-0.0007882836677183232,0.004588405165010674,-0.002377783266199086,0.00021703172932569838,0.6459404437145786,-5.498959687484257e-05,0.27130463329691146,nan,nan,nan,nan,nan,nan
624,3.1249999999999556,Standing,0.8885559104531373,0.4464587685899606,1.5715470567687218,-2.092331775709738,0.004309721208561443,-0.41178295422049066,-1.4872188490125922,0.95782073364834,0.023181507601750646,0.025829423537891753,0.016724045689104076,0.027779327190534317,-0.3509656627720366,0.011582473672954723,-0.021938279743717065,-0.3954027487740136,-0.024111959553664238,-2.0975983006659753,0.004488484708707271,-0.40799111109602315,-1.2356168840351693,-0.6753344815770668,0.032175131016940375,0.025351902556130256,0.020177847441781197,0.028797001075826608,-0.3293702264088219,-0.014096364151125482,-0.02362585509179863,-0.3951744668012661,0.023651130587403577,-0.02411169993530648,-0.05694285430691647,0.07593735557617753,-0.023911981426763308,-0.0569742852420546,-0.07591233595645201,9.980769599859227e-05,-6.611587348373201e-05,4.14694249971799e-05,-0.0009639495561517819,5.414699120003432e-06,2.210510815892857e-05,0.0014457107434264487,0.0016318133101771012,-1.900105029413574e-05,6.020480631412356e-06,1.1294159479526657e-05,6.075936701781882e-07,0.00010975968929316595,1.3011143290658488e-05,-8.157679413025046e-06,-5.229830763283462e-06,-1.3008253448599645e-06,-0.0003377636186018033,-1.2466267504907276e-06,2.305164453219369e-06,0.00035515834763600256,-0.001203372654125894,7.011351813985519e-07,1.1731020422092521e-06,4.5600653648538674e-05,-1.2317534148614348e-05,2.768039317468064e-05,-4.2537145746934415e-06,-1.2930097712218758e-06,-3.157044998507124e-06,1.367305000761875e-06,0.007077699009963763,0.006190795142996988,-0.002342793469369814,0.004462927752977443,0.0014553618983658883,0.0010339401029237929,0.6459402731801643,-5.4989532986331534e-05,0.2713047182683182,nan,nan,nan,nan,nan,nan
625,3.1299999999999555,Standing,0.8885559858264518,0.4464587119040478,1.571547052485876,-2.09233278331874,0.004309728983594243,-0.4117829109150634,-1.4872165314993329,0.957825109589595,0.023181510782592837,0.025829431708847626,0.016724081715239668,0.027779330388037104,-0.35096546127647926,0.011582497516509223,-0.021938290670198392,-0.3954027584284417,-0.024111961934763698,-2.097597758066283,0.004488479482991312,-0.4079911105863561,-1.235617191444693,-0.675341314145175,0.03217512611532882,0.025351904164768076,0.02017769483239705,0.02879704522800536,-0.32937024174784646,-0.014096359584701344,-0.023625846879384023,-0.3951744798010724,0.023651137902299266,-0.024076508264503204,-0.0569398544170851,0.07593126633540344,-0.02389673900179243,-0.05699240168174366,-0.0759138582825056,1.5074662889228777e-05,-1.1337182562729748e-05,-8.565691889209307e-07,-0.00020152180036900563,1.5550065599727387e-06,8.661085448281492e-06,0.0004635026518685142,0.0008751882510061297,6.36168438347331e-07,1.6341911748557073e-06,7.2052271184255455e-06,6.395005571091457e-07,4.0299111465625834e-05,4.768710900152509e-06,-2.1852962652447116e-06,-1.9308856188266306e-06,-4.7621989173389395e-07,0.00010851993845243345,-1.0451431917712345e-06,1.019334046066474e-07,-6.148190472727552e-05,-0.0013665136216468637,-9.803223114339698e-07,3.2172756413543005e-07,-3.0521876829524835e-05,8.830435750631472e-06,-3.067804912811919e-06,9.132848277562432e-07,1.6424829210168019e-06,-2.599961255761501e-06,1.4629791375682893e-06,0.007038334160654778,0.0005999779662747536,-0.0012178481548196247,0.0030484849941753564,-0.003623287937812394,-0.0003044652107187897,0.6459405214398529,-5.498929870986973e-05,0.27130447675267644,nan,nan,nan,nan,nan,nan
626,3.1349999999999554,Standing,0.8885560543812809,0.44645866511340976,1.5715470362831685,-2.092331462814236,0.0043097206217884414,-0.411782926259906,-1.4872178456397642,0.95782610772486,0.02318152542835051,0.02582942953756574,0.01672409487550857,0.027779332964404255,-0.35096554094093696,0.01158248810381469,-0.021938282126102146,-0.3954027547701943,-0.02411196098834476,-2.097599495529927,0.004488476420684951,-0.4079910418428724,-1.2356135659617404,-0.675343519954505,0.032175159865855105,0.025351905481696864,0.02017744008431012,0.028797125914627318,-0.32936995920355727,-0.014096387458166371,-0.02362585891144973,-0.3951745100387043,0.023651150428670633,-0.024045690618556104,-0.05696563185595342,0.07593159067660765,-0.023879005644814245,-0.05696472979282246,-0.07590494262397872,1.3710965828465134e-05,-9.358127610945507e-06,-3.240541495181481e-06,0.00026410090076702485,-1.6723611603029358e-06,-3.068968511945788e-06,-0.0002628280862632162,0.00019962705300562687,2.9291515345609827e-06,-4.342563774109637e-07,2.6320537803798106e-06,5.152734300763471e-07,-1.5932891539561654e-05,-1.8825389065829633e-06,1.7088192490782026e-06,7.316494738902885e-07,1.8928378828543368e-07,-0.00034749272883483756,-6.124612721652417e-07,1.3748696749478116e-05,0.0007250965905066379,-0.0004411618660058083,6.750105256021354e-06,2.6338575766814826e-07,-5.094961738602459e-05,1.613732439112056e-05,5.650885783311481e-05,-5.574693005454661e-06,-2.406413141763982e-06,-6.0475263819943e-06,2.505274273133353e-06,0.0061635291894204,-0.005155487773663651,6.486824084329392e-05,0.0035466713956368336,0.005534377784239421,0.0017831317053778257,0.6459405700930053,-5.498907158095152e-05,0.2713044210780053,nan,nan,nan,nan,nan,nan
627,3.1399999999999553,Standing,0.8885552690597537,0.44645915692896837,1.5715468050641819,-2.0923286921968156,0.004309717768085619,-0.4117829568284803,-1.4872199307096636,0.9578289560209369,0.023181557985330323,0.025829420514504663,0.016724098196712025,0.02777933339361005,-0.350965695135327,0.011582469805559159,-0.021938269102158205,-0.39540274712987705,-0.024111959153060337,-2.0975938537634145,0.004488474706015875,-0.4079911182880467,-1.2356207702762743,-0.6753413252367326,0.032175127738059826,0.025351890560529014,0.020177179478804028,0.02879718704891839,-0.32937050734519097,-0.014096317947537074,-0.023625812822634283,-0.39517449644507374,0.023651149581582712,-0.02401443540269143,-0.056975628639053165,0.07592868509144621,-0.02389141258800408,-0.05704697017222522,-0.07592498065024461,-0.00015706430545058418,9.83631117254024e-05,-4.624379731259769e-05,0.0005541234841061483,-5.707405645386601e-07,-6.113714866669158e-06,-0.0004170139798988459,0.0005696592153845313,6.511395962944128e-06,-1.8046122154050859e-06,6.642406909543477e-07,8.584115944996778e-08,-3.0838878006729074e-05,-3.6596511062602832e-06,2.6047887879012406e-06,1.5280634549549765e-06,3.6705688419836975e-07,0.0011283533025523854,-3.429338152001593e-07,-1.5289034859269167e-05,-0.0014408629067474523,0.0004389435544923879,-6.425559055858103e-06,-2.98423356988943e-06,-5.2121101218543487e-05,1.2226858214215645e-05,-0.00010962832674036331,1.3902125859527512e-05,9.217763089457173e-06,2.718726106309706e-06,-1.6941758382731186e-07,0.006251043172934797,-0.001999356619948961,-0.0005811170322881858,-0.0024813886379668913,-0.016448075880553244,-0.004007605253179051,0.6459406139116387,-5.498932172579397e-05,0.27130436074126524,nan,nan,nan,nan,nan,nan
628,3.144999999999955,Standing,0.8885571246332198,0.446457963109214,1.5715473554184558,-2.092336137817488,0.004309737968744965,-0.41178283747976446,-1.4872116521364787,0.9578342787957724,0.02318169454545684,0.02582942555445554,0.016724179285403443,0.027779339379892187,-0.35096505587117455,0.011582545623233827,-0.02193831693743491,-0.3954027773226252,-0.024111966730305273,-2.09760725631831,0.004488466203762943,-0.4079908474520849,-1.23560222595004,-0.6753352059723339,0.03217526713902367,0.025351907443509354,0.02017712734649907,0.028797238278421504,-0.32936908990092073,-0.014096482301263792,-0.02362591429561258,-0.3951745685346799,0.02365116952630826,-0.023983616727288992,-0.056965729100239254,0.07592188255210869,-0.023938879856703208,-0.05683948172599237,-0.07588707364186632,0.00037111469322207227,-0.00023876395087456568,0.00011007085479093547,-0.0014891241345102002,4.040131869201847e-06,2.3869743166247476e-05,0.0016557146369932424,0.0010645549671127086,2.731202530292308e-05,1.0079901752286142e-06,1.6217738283778185e-05,1.1972564273825895e-06,0.00012785283048950862,1.5163534933651002e-05,-9.56705534085493e-06,-6.038549627119886e-06,-1.5154489874218388e-06,-0.0026805109791204432,-1.700450586458747e-06,5.416719235926416e-05,0.0037088652468258796,0.0012238528797498753,2.7880192767848485e-05,3.376596068078317e-06,-1.0426460991729007e-05,1.0245900622941138e-05,0.0002834888540492098,-3.2870745343812415e-05,-2.0294595659331432e-05,-1.4417921237902505e-05,3.98894510998608e-06,0.006163735080487751,0.0019799077627827783,-0.00136050786750451,-0.009493453739825805,0.04149768924657049,0.007581401675658563,0.6459401563333833,-5.498874138022923e-05,0.2713047117934234,nan,nan,nan,nan,nan,nan
629,3.149999999999955,Standing,0.8885559849593776,0.4464586677954806,1.5715468764415426,-2.0923319127949442,0.004309734237006363,-0.4117828866803021,-1.487215458081002,0.9578364297386642,0.023181863918795714,0.025829395941579247,0.016724181949135084,0.02777933990292508,-0.3509653207208325,0.011582514039904629,-0.02193829120374226,-0.39540276373281036,-0.024111963564905754,-2.0975965336764983,0.004488467234203233,-0.4079910401716137,-1.2356168841403572,-0.6753343253381516,0.03217519030787374,0.02535188741736406,0.020177211469002733,0.02879719241910624,-0.32937016552240456,-0.014096357886746246,-0.02362583178125573,-0.3951745102448973,0.02365114907922903,-0.023958344037968725,-0.056974462716401324,0.0759196904986504,-0.024089366634563743,-0.05697220023090986,-0.0759403432776969,-0.00022793476843170526,0.00014093725332197315,-9.579538263552008e-05,0.0008450045087417706,-7.463477201856538e-07,-9.840107532263568e-06,-0.0007611889046591296,0.00043018857836800146,3.387466777525036e-05,-5.922575258945322e-06,5.327463283303788e-07,1.046065780507925e-07,-5.2969931584284364e-05,-6.31666583978548e-06,5.146738529463997e-06,2.717962962166854e-06,6.330799035179217e-07,0.002144528362324892,2.0608805796655714e-07,-3.854390576004203e-05,-0.0029316380634214724,0.00017612683645081137,-1.536622998594506e-05,-4.0052290587705285e-06,1.6824500733039478e-05,-9.171863053127541e-06,-0.0002151242967667907,2.48829035092432e-05,1.6502871370130004e-05,1.1657956519279205e-05,-4.089415846516241e-06,0.005054537864053616,-0.0017467232324144873,-0.00043841069165901194,-0.030097355572106715,-0.026543700983498147,-0.010653927166115428,0.6459412039856769,-5.498944061687454e-05,0.27130380680174787,nan,nan,nan,nan,nan,nan
630,3.154999999999955,Standing,0.8885553150983602,0.4464590850235049,1.5715467402706693,-2.092329580235743,0.00430972874830894,-0.41178291959815655,-1.4872174013108856,0.9578389376877275,0.023181943817272847,0.025829381011620866,0.016724185509161358,0.02777934098817,-0.35096546945568635,0.011582496486028394,-0.021938280094236345,-0.39540275671809694,-0.02411196180271768,-2.097592678119354,0.004488473615795558,-0.40799112201734106,-1.2356226854085004,-0.6753262536221383,0.032175153313584046,0.025351875975966286,0.020177273405733866,0.028797162019686386,-0.32937064276133005,-0.014096303453464477,-0.023625802677255427,-0.3951744859751094,0.023651140981803327,-0.023936074730107844,-0.0569829513350838,0.07591788165116771,-0.024152704962913104,-0.05701583546660114,-0.07596008367327453,-0.00013397220348741756,8.344560486370694e-05,-2.7234174653941663e-05,0.0004665118402407343,-1.0977394847469244e-06,-6.583570891537968e-06,-0.0003886459767345383,0.0005015898126586334,1.5979695426788743e-05,-2.9859916762020955e-06,7.120052546724457e-07,2.1704898454646245e-07,-2.9746970775308772e-05,-3.5107752470437277e-06,2.2219011829821247e-06,1.402942682552166e-06,3.5243761433304623e-07,0.0007711114288854062,1.2763184651066202e-06,-1.6369145470143407e-05,-0.0011602536286484636,0.0016143432026722918,-7.398857938724728e-06,-2.2882795550010904e-06,1.2387346226237698e-05,-6.079883970888928e-06,-9.544778509542966e-05,1.0886656353982946e-05,5.8208000605816855e-06,4.853957578114379e-06,-1.619485140610382e-06,0.004453861572176378,-0.001697723736494609,-0.0003617694965361402,-0.012667665669872517,-0.008727047138255742,-0.003948079115524978,0.6459406345831911,-5.4987965458349294e-05,0.27130430751978524,nan,nan,nan,nan,nan,nan
631,3.159999999999955,Standing,0.8885557778234365,0.44645877781207083,1.571546979382936,-2.092332164311472,0.004309736374716988,-0.4117828778399702,-1.48721412325613,0.9578431786473942,0.023182075688290334,0.025829372519566938,0.016724222113035377,0.027779344357517433,-0.35096522238075795,0.011582525913440188,-0.021938299768029777,-0.39540276889694037,-0.024111964740023993,-2.097596836921911,0.00448847833359796,-0.407991079042896,-1.2356178047784803,-0.6753239751331827,0.032175167353182606,0.02535188561528347,0.02017757863656496,0.02879708166043851,-0.32937029970697157,-0.01409635055091165,-0.023625837270289243,-0.3951744916536389,0.023651140382823937,-0.02391504733842079,-0.05697655287120753,0.07591332312073974,-0.02416480035510334,-0.05695121800621344,-0.07594785582741136,9.254501527163406e-05,-6.14422868184323e-05,4.782245333133733e-05,-0.0005168151457631788,1.5252816096407187e-06,8.351637268129348e-06,0.0006556109511114661,0.0008481919333263154,2.6374203497653734e-05,-1.698410785527013e-06,7.320774804047144e-06,6.73869486552278e-07,4.941498567585356e-05,5.88548235860961e-06,-3.934758686028445e-06,-2.4357686885829954e-06,-5.874612625270266e-07,-0.0008317605114390484,9.435604802030558e-07,8.594889016771091e-06,0.00097612600403469,0.000455697791128046,2.807919711608982e-06,1.927863437001014e-06,6.104616621885737e-05,-1.607184957458242e-05,6.861087170062342e-05,-9.419489434677517e-06,-6.918606763523149e-06,-1.1357058950250865e-06,-1.1979587803082795e-07,0.004205478337411038,0.0012796927752541716,-0.0009117060855930657,-0.00241907843804697,0.01292349207754119,0.0024455691726336564,0.6459402180920959,-5.498741601809187e-05,0.2713046183902354,nan,nan,nan,nan,nan,nan
632,3.1649999999999547,Standing,0.888556047932354,0.4464586046979646,1.571547058527612,-2.092332008365887,0.0043097311001723,-0.41178288640042293,-1.4872145512445814,0.9578443332138309,0.023182183028537313,0.025829359103219415,0.01672423223309721,0.027779347087186577,-0.3509652477667382,0.011582523026056344,-0.02193829750008897,-0.3954027681940023,-0.024111964445712942,-2.0975998953604154,0.00448847835475899,-0.4079910158594038,-1.2356124057154947,-0.6753309557770492,0.032175183828704504,0.025351901212691125,0.020177445271600754,0.028797132189765744,-0.3293698744501795,-0.014096398070256859,-0.023625871604958493,-0.395174500557878,0.023651140492762898,-0.023900115057229387,-0.056993105211916854,0.0759142909299001,-0.024148771757879082,-0.056902000656209775,-0.07593448337868933,5.4021783497756775e-05,-3.462282124244798e-05,1.582893520089627e-05,3.118911695862642e-05,-1.054908937562241e-06,-1.7120905491847764e-06,-8.559769026802522e-05,0.00023091328733440834,2.146804939563111e-05,-2.6832695043895603e-06,2.0240123668383845e-06,5.459338286457856e-07,-5.0771960469572655e-06,-5.774767687747078e-07,4.535881612628554e-07,1.4058761907088274e-07,5.886221014084285e-08,-0.0006116877008099415,4.2322060736736955e-09,1.2636698439015062e-05,0.001079812597122259,-0.001396128773303151,3.295104378951707e-06,3.119481530960722e-06,-2.6672992840998168e-05,1.010586544680524e-05,8.505135841303983e-05,-9.503869041866093e-06,-6.866933850303701e-06,-1.7808478276491342e-06,2.1987792390674688e-08,0.0029864562382803305,-0.003310468141865637,0.00019356183207118645,0.0032057194448512974,0.00984347000073182,0.0026744897444050007,0.6459404328384845,-5.4987589121255306e-05,0.271304399001156,nan,nan,nan,nan,nan,nan
633,3.1699999999999546,Standing,0.888556443895136,0.44645833888796477,1.5715471208613412,-2.0923355335172156,0.004309751458973094,-0.4117828101331288,-1.4872095723567922,0.9578502684551827,0.02318230015941761,0.025829357277378576,0.01672428645660434,0.02777935077673773,-0.35096485875146277,0.01158256915269022,-0.021938324365496708,-0.3954027868537256,-0.024111969053260084,-2.0975999209787033,0.004488468703233305,-0.40799100417481493,-1.235612063473262,-0.6753375162963225,0.032175185044114776,0.025351905129499145,0.020177192844667152,0.0287972085792029,-0.3293698227999115,-0.014096399005252969,-0.02362587239592438,-0.3951745039902891,0.023651141485665998,-0.023883612444931326,-0.05696803068870045,0.075906690213603,-0.02412808158262494,-0.05692009323274057,-0.07593512950528991,7.919255641238197e-05,-5.316199996697904e-05,1.246674584045755e-05,-0.0007050302656833838,4.071760158682786e-06,1.5253458833919114e-05,0.000995777557817685,0.0011870482703638403,2.3426176059307807e-05,-3.651681676862184e-07,1.084470142597719e-05,7.379102311092266e-07,7.780305508281411e-05,9.225326775583268e-06,-5.373081547600709e-06,-3.7319446651858517e-06,-9.215094283306765e-07,-5.123657574397709e-06,-1.930305137008993e-06,2.3369177720661957e-06,6.844844654778771e-05,-0.0013121038546820506,2.4308205386875877e-07,7.833616038558041e-07,-5.048538672029483e-05,1.527788743099435e-05,1.0330053600172848e-05,-1.8699922212778763e-07,-1.5819317735060022e-07,-6.864822142355973e-07,1.9858061988683994e-07,0.0033005224596120066,0.005014904643281279,-0.0015201432594196033,0.004138035050828392,-0.0036185153061583427,-0.00012922532011712786,0.6459405844019845,-5.498796605301192e-05,0.2713042517595241,nan,nan,nan,nan,nan,nan
634,3.1749999999999545,Standing,0.8885551925117857,0.4464591521028914,1.571546727672069,-2.0923256314544596,0.004309705571962052,-0.4117829966804326,-1.487221927733131,0.9578442105916628,0.023182311798066745,0.025829326286541995,0.01672420258149333,0.027779349339725968,-0.35096579736204403,0.011582458015848628,-0.021938254602926584,-0.3954027424434603,-0.024111957932974843,-2.0975957646105363,0.004488475394905078,-0.4079910289667087,-1.235614799013671,-0.675341916450774,0.032175171554590064,0.02535190148874381,0.020176938863108933,0.028797278539718182,-0.32937002057322995,-0.01409637038455035,-0.02362585138034164,-0.39517450385641195,0.023651143511617498,-0.023890200153349462,-0.05703940914077441,0.07592201746670094,-0.02410274052262054,-0.05696057895927774,-0.07593994472056387,-0.0002502766700454562,0.00016264298532446065,-7.863785446515035e-05,0.0019804125511746116,-9.177402208319597e-06,-3.7309460765972256e-05,-0.0024710752677975538,-0.001211572703988935,2.327729826798859e-06,-6.19816731637423e-06,-1.6775022202205092e-05,-2.8740235250350153e-07,-0.00018772211625424785,-2.2227368318551615e-05,1.395251402436628e-05,8.882053057764585e-06,2.2240570481272473e-06,0.0008312736333770977,1.338334354682487e-06,-4.958378753303064e-06,-0.0005471080818302979,-0.0008800308902935496,-2.697904943006352e-06,-7.281510675583403e-07,-5.0796311643659114e-05,1.3992103056802918e-05,-3.955466369214102e-05,5.724140523609444e-06,4.2031165481187e-06,2.6775426692081832e-08,4.0519029972312094e-07,-0.0013175416836273763,-0.014275690414792475,0.0030654506195879005,0.005068212000879518,-0.008097145307434363,-0.0009630430547902766,0.6459408334664672,-5.498769040939875e-05,0.27130404553233023,nan,nan,nan,nan,nan,nan
635,3.1799999999999544,Standing,0.8885576087650616,0.4464575582532305,1.5715474502941207,-2.0923477173825455,0.004309819085687919,-0.411782555090133,-1.487192572557061,0.957867589634218,0.023182530577333615,0.025829370029299817,0.01672444155162937,0.02777935941823335,-0.3509635551833825,0.01158272359936454,-0.021938418446473183,-0.3954028483758171,-0.02411198448928067,-2.0976007353101065,0.004488446668651842,-0.40799098026741776,-1.235612638368862,-0.6753364557388705,0.03217520455386641,0.025351896051081423,0.02017685114372943,0.028797307594689736,-0.3293698622855225,-0.014096386641500874,-0.023625862239649298,-0.39517452387304935,0.02365115163106902,-0.02392420271380471,-0.056853696802296926,0.07589013700002466,-0.024069362568718142,-0.05696736039277862,-0.07593607314533414,0.0004832506551709614,-0.0003187699321692241,0.00014452441034569383,-0.004417185617214152,2.270274517336306e-05,8.831805991788484e-05,0.005871035214024913,0.004675808511036479,4.3755853374227556e-05,8.74855156445243e-06,4.7794027208215915e-05,2.0157014767604627e-06,0.0004484357323056229,5.311670318249617e-05,-3.276870931945978e-05,-2.1186471349961337e-05,-5.311261165833677e-06,-0.0009941399140190423,-5.7452506470249215e-06,9.739858191073836e-06,0.0004321289618133119,0.001092142380714722,6.599855269210526e-06,-1.0875324774750647e-06,-1.754387590058932e-05,5.810994310637144e-06,3.165754149116575e-05,-3.251390104737417e-06,-2.1718615314303866e-06,-4.003327478466514e-06,1.6238903043517533e-06,-0.006800512091049191,0.03714246769549784,-0.006376093335255644,0.006675590780480149,-0.001356286700175448,0.0007743150459465451,0.6459401186291777,-5.4988102901389676e-05,0.2713046109013506,nan,nan,nan,nan,nan,nan
636,3.1849999999999543,Standing,0.8885555511331675,0.44645889086241386,1.5715466917521514,-2.092325596141155,0.004309700401480414,-0.41178298445773687,-1.4872218509085915,0.9578468573309863,0.02318263141776281,0.02582929244073095,0.016724257342281623,0.027779357441598207,-0.3509657327781424,0.011582465575315047,-0.021938250575279348,-0.3954027448891925,-0.024111958675578957,-2.0975975997250833,0.004488476525833097,-0.4079909713329637,-1.2356129006889645,-0.6753309609729103,0.032175217086377945,0.025351890943158005,0.0201769337997313,0.028797284679715547,-0.3293698799397024,-0.01409638545196062,-0.02362585586359056,-0.3951745223218957,0.023651150735248275,-0.024073598515259687,-0.05701027438921491,0.07594490822122824,-0.02403312372085678,-0.05695183750794327,-0.07592685133409002,-0.0004115263788170414,0.00026652183667253164,-0.00015170839384875988,0.004424248278152534,-2.3736841500964177e-05,-8.587352077328482e-05,-0.005855670306089403,-0.004146460646353475,2.016808583875968e-05,-1.5517713773823935e-05,-3.684186954931665e-05,-3.953270289289538e-07,-0.00043551895198040886,-5.1604809898571984e-05,3.357423876687279e-05,2.0697324908890688e-05,5.162740342560974e-06,0.0006271170046219985,5.971436250858045e-06,1.7868908077233687e-06,-5.2464020490477267e-05,0.001098953192023149,2.506502307504539e-06,-1.0215846834617267e-06,1.6531200373640187e-05,-4.582994837902183e-06,-3.5308359796992853e-06,2.379080509239237e-07,1.2752117471719304e-06,3.10230732568532e-07,-1.791641489901977e-07,-0.029879160290995754,-0.031315517383596336,0.010954244240715129,0.007247769572272413,0.003104576967070112,0.0018443622488244211,0.6459414970686764,-5.498708093456051e-05,0.2713034766607032,nan,nan,nan,nan,nan,nan
637,3.189999999999954,Standing,0.8885549000951172,0.44645931893041385,1.5715466491448733,-2.0923222141742612,0.004309691827943785,-0.41178305751167976,-1.4872255756561563,0.9578479363468713,0.023182345605771985,0.025829313740457053,0.016724207096493686,0.027779354184783903,-0.350966083965622,0.011582424172179766,-0.021938234765698283,-0.3954027280639037,-0.024111954530996193,-2.097596498929214,0.004488481015858103,-0.40799098467296874,-1.2356133089778323,-0.6753283869322873,0.032175216828051315,0.025351890156366578,0.02017713445209774,0.028797227963359755,-0.3293699096597034,-0.014096385922512665,-0.023625856012182173,-0.39517451615866944,0.023651146710581886,-0.024138679002295275,-0.05701830478471461,0.07595669934153841,-0.024001755469374986,-0.05695794321584681,-0.0759231587299285,-0.00013020761007678843,8.561359999932874e-05,-8.521455614134116e-06,0.0006763933787298166,-1.7147073257020117e-06,-1.4610788573745905e-05,-0.0007449495129600026,0.00021580317699427046,-5.716239816489112e-05,4.259945220813662e-06,-1.0049157587380697e-05,-6.513628608461156e-07,-7.02374959165484e-05,-8.280627056251191e-06,3.1619162126908758e-06,3.3650577632437146e-06,8.28916552591454e-07,0.00022015917384872067,8.980050012588325e-07,-2.6680010127634863e-06,-8.165777354432978e-05,0.0005148081246146412,-5.166532608741261e-08,-1.573582855010318e-07,4.013047328812875e-05,-1.1343271158389399e-05,-5.944000204277504e-06,-9.411040893273414e-08,-2.971832227004541e-08,1.2326452533050528e-06,-8.04933277756784e-07,-0.013016097407117802,-0.0016060790999407985,0.0023582240620361305,0.0062736502963588415,-0.0012211415807075587,0.0007385208323054254,0.6459404033547299,-5.498908234735571e-05,0.27130438905500814,nan,nan,nan,nan,nan,nan
638,3.194999999999954,Standing,0.8885555228076741,0.4464589090180829,1.5715469830132416,-2.0923306183723382,0.004309740575322606,-0.4117828912835905,-1.487213820769173,0.9578599074156046,0.023182340185156032,0.025829338734989295,0.016724268913982872,0.02777935594774863,-0.35096522525881874,0.01158252598190164,-0.02193830327351531,-0.3954027688272179,-0.02411196471379492,-2.097597294280204,0.004488472677685848,-0.40799100981490033,-1.235614122920962,-0.6753261379054417,0.03217521083114889,0.02535188944084671,0.020177445607346977,0.0287971381921649,-0.32936997413109914,-0.014096384922046033,-0.02362585618223695,-0.3951745079967561,0.02365114217007583,-0.02415406113238082,-0.056937129243264606,0.07594283987010784,-0.023974954081936676,-0.05697632948361754,-0.07592288986766821,0.00012454251139356665,-8.198246619512656e-05,6.67736736544035e-05,-0.0016808396153713497,9.749475764187753e-06,3.3245617849064666e-05,0.002350977396672948,0.0023942137466528342,-1.084123190196947e-06,4.998906448279885e-06,1.2363497837160781e-05,3.525929457801372e-07,0.0001717413606577133,2.0361944374733135e-05,-1.3701563405319587e-05,-8.152662841522668e-06,-2.0365597453506955e-06,-0.00015907019795385202,-1.6676344510281893e-06,-5.028386318419757e-06,-0.0001627886259554017,0.0004498053691037927,-1.1993804845571453e-06,-1.4310397387885062e-07,6.223104984695005e-05,-1.7954238971284782e-05,-1.2894279146811647e-05,2.0009332630292766e-07,-3.401095518188243e-08,1.6323826696496166e-06,-9.081012117784894e-07,-0.0030764260171088683,0.016235108290001226,-0.0027718942861125672,0.005360277487661956,-0.0036772535541461167,5.377245205842899e-05,0.6459399405805933,-5.498958539557024e-05,0.2713047000639172,nan,nan,nan,nan,nan,nan
639,3.199999999999954,Standing,0.8885560947030301,0.4464585278696744,1.5715471563020909,-2.0923351413239617,0.00430976239665479,-0.411782778211278,-1.4872072322043879,0.957866238020062,0.023182226998558403,0.02582937244786086,0.016724318721523572,0.027779360234069836,-0.35096469898758753,0.01158258830902367,-0.02193833841649956,-0.3954027941898343,-0.02411197094709896,-2.097598909531566,0.004488471624748104,-0.40799101985913233,-1.235613612093913,-0.6753254353210828,0.03217520993981115,0.025351891710629897,0.02017781943822426,0.028797032805985653,-0.3293699382989388,-0.01409639715340475,-0.023625862512631098,-0.39517450423266715,0.023651139226873535,-0.024144170393311976,-0.05690445376645582,0.0759347496031122,-0.023948153295844668,-0.05697215663459363,-0.07591766905891527,0.00011437907118883325,-7.622968169919388e-05,3.465776985263243e-05,-0.0009045903246993076,4.364266436717562e-06,2.2614462503347263e-05,0.0013177129570383854,0.001266120891479564,-2.263731952553423e-05,6.742574312915413e-06,9.961508139948108e-06,8.572642408716561e-07,0.00010525424624537705,1.24654244063565e-05,-7.028596849566932e-06,-5.0725232736543365e-06,-1.2466608085840724e-06,-0.00032305027238326315,-2.105875487050667e-07,-2.0088464005929132e-06,0.00010216540982315944,0.0001405168717850249,-1.782675473705987e-07,4.5395663725815494e-07,7.476617545644544e-05,-2.107723584883675e-05,7.166432072188375e-06,-2.4462717436764412e-06,-1.266078830224851e-06,7.528177867976659e-07,-5.886404587559826e-07,0.0019781478137682945,0.0065350953617571966,-0.0016180533991308104,0.005360157218401316,0.0008345698047827594,0.0010441617505877045,0.6459402273555269,-5.498914441855314e-05,0.2713044226677724,nan,nan,nan,nan,nan,nan
640,3.204999999999954,Standing,0.8885558140317701,0.4464586980355456,1.5715470213977205,-2.09233174110277,0.004309745506036178,-0.41178281572063025,-1.4872108451769572,0.9578650976859561,0.02318200145553483,0.025829396943404775,0.016724306069214975,0.027779362266225658,-0.35096494369915054,0.011582559306791139,-0.02193831579417027,-0.395402782942649,-0.02411196804395636,-2.097598282872014,0.004488480219100733,-0.4079910548343553,-1.2356148371763098,-0.6753270886855025,0.03217519534774785,0.02535189296851697,0.020178204000781623,0.02879692107513668,-0.32937003307596235,-0.01409639456408494,-0.02362585690535954,-0.39517449583367686,0.023651135935685675,-0.02412854367081109,-0.05693846383761927,0.0759391221561407,-0.023925553518905733,-0.05697627089265276,-0.0759149510198206,-5.613425201081628e-05,3.403317424316843e-05,-2.6980874076200575e-05,0.0006800442383309035,-3.3781237223430096e-06,-7.5018704440188194e-06,-0.0007225945138834373,-0.0002280668211896515,-4.5108604714556684e-05,4.899108783299115e-06,-2.5304617193406355e-06,4.0643116459116257e-07,-4.894231260058011e-05,-5.800446506608182e-06,4.524465857723103e-06,2.2494370598379196e-06,5.806285201256308e-07,0.00012533191042034432,1.7188705258391948e-06,-6.995044597735224e-06,-0.0002450164793887446,-0.00033067288394157175,-2.9184126594760378e-06,2.515774146647218e-07,7.691251147278703e-05,-2.23461697940927e-05,-1.8955404709260452e-05,5.178639622566286e-07,1.12145431105809e-06,1.679798055176131e-06,-6.582375718087182e-07,0.003125344500177066,-0.00680201423268862,0.0008745106056998867,0.004519955387786835,-0.0008228516118252863,0.0005436078189344255,0.6459405651412853,-5.498900780792192e-05,0.2713041473499173,nan,nan,nan,nan,nan,nan
641,3.209999999999954,Standing,0.8885553464477076,0.44645899112282256,1.5715468958828034,-2.0923280628186394,0.004309730947907774,-0.4117828667487567,-1.487214645344687,0.957864660511543,0.02318174117206271,0.02582942226863637,0.016724285381778694,0.027779362348160964,-0.35096523185803147,0.011582525215602952,-0.02193829432541778,-0.3954027694308695,-0.024111964631434057,-2.0975971121806385,0.004488488164956841,-0.4079910988486241,-1.2356167118344765,-0.6753300180838333,0.03217517436286709,0.025351893354660496,0.02017855113076227,0.02879681778247764,-0.32937018349639685,-0.014096385018730312,-0.023625846557204518,-0.3951744891405186,0.023651134840430205,-0.024103565150156988,-0.05697312250523924,0.07594215263371937,-0.023906603705804844,-0.05698512360168743,-0.07591384308114335,-9.351681248604615e-05,5.861745539135619e-05,-2.5102983438758384e-05,0.0007356568260847777,-2.9116256807364475e-06,-1.020562529005427e-05,-0.0007600335459650926,-8.743488261738988e-05,-5.205669442388936e-05,5.065046319067082e-06,-4.137487256003223e-06,1.638706139384685e-08,-5.7631776187757965e-05,-6.818237637288901e-06,4.2937504984207485e-06,2.702355905143977e-06,6.82504460867173e-07,0.00023413827507417145,1.5891712216229566e-06,-8.802853757123012e-06,-0.0003749316333367451,-0.0005858796661688985,-4.196976150785131e-06,7.722870536662797e-08,6.942599612916099e-05,-2.0658531808060386e-05,-3.008408689845104e-05,1.9090709256978895e-06,2.0696310044318003e-06,1.338631650043254e-06,-2.1905109427613098e-07,0.004995704130820117,-0.006931733523994134,0.0006060955157350886,0.003789962620177707,-0.0017705418069333435,0.00022158773544878345,0.6459404344747841,-5.4989232729744606e-05,0.27130426411787,nan,nan,nan,nan,nan,nan
642,3.2149999999999537,Standing,0.8885555156198347,0.4464588703643769,1.5715469956748256,-2.092329863387475,0.004309743097298161,-0.41178281891068536,-1.4872114824077518,0.9578692709858975,0.02318159624840753,0.025829448467766688,0.016724313120585005,0.027779363667827926,-0.3509649978311807,0.011582552987821654,-0.021938312701935574,-0.3954027805659173,-0.024111967406731192,-2.0975981025621944,0.004488488886376482,-0.40799111472350724,-1.2356166831479805,-0.6753334899045426,0.03217516586790898,0.02535189545810503,0.0201788476984956,0.028796731566257377,-0.3293701921390047,-0.014096391280883355,-0.023625846396719295,-0.395174492933361,0.023651138093465567,-0.024070511115419715,-0.05696700015012381,0.07593574027692333,-0.023888140817901922,-0.05697686634990042,-0.0759090782969086,3.383442541646425e-05,-2.415168913035599e-05,1.9958404448865987e-05,-0.0003601137671657155,2.4298780774492313e-06,9.567614272866017e-06,0.0006325873870726018,0.0009220948709031975,-2.898473103604726e-05,5.239826063436058e-06,5.547761262041365e-06,2.639333926048373e-07,4.6805370162970205e-05,5.554443740303591e-06,-3.6753035587667594e-06,-2.2270095667208854e-06,-5.550594267745591e-07,-0.00019807631113419463,1.4428392812480837e-07,-3.1749766219060575e-06,5.737299211062627e-06,-0.0006943641418508362,-1.6989916229592755e-06,4.206889069342825e-07,5.931354666634956e-05,-1.7243244052681094e-05,-1.7285215664581687e-06,-1.2524306083667442e-06,3.2097044324049765e-08,-7.585684801991142e-07,6.506070724766691e-07,0.0066108069474545925,0.0012244710230857455,-0.0012824713592057896,0.003692577580584514,0.0016514503574006842,0.0009529568469491778,0.645940153666717,-5.4989394350457615e-05,0.2713044821998787,nan,nan,nan,nan,nan,nan
643,3.2199999999999536,Standing,0.8885555640627646,0.44645882093662276,1.5715470189778002,-2.092331826644724,0.004309757940875519,-0.41178276087060833,-1.4872078815393142,0.9578745034297451,0.02318158832889919,0.025829459437449118,0.016724353459264648,0.027779365773600195,-0.3509647127149139,0.011582586740429642,-0.02193833174021004,-0.3954027940259802,-0.024111970779785524,-2.097596864424439,0.004488487731664003,-0.4079911692647751,-1.2356200237437323,-0.6753377793625777,0.03217513504625093,0.025351893083726318,0.02017893173390615,0.02879669914287561,-0.32937045785784247,-0.014096363220199087,-0.023625826481094195,-0.3951744863417486,0.023651139440796335,-0.024035885989646972,-0.056952148778533246,0.07592734667962385,-0.02387902882557312,-0.05700648669630933,-0.07591409374282426,9.688585986076671e-06,-9.885550828108138e-06,4.660594953797345e-06,-0.00039265144972236746,2.968715471530666e-06,1.1608015404038694e-05,0.0007201736875328185,0.001046488769540292,-1.5839016680160978e-06,2.193936486148868e-06,8.067735928939752e-06,4.2115445389282317e-07,5.702325335657231e-05,6.750521597765777e-06,-3.807654893138898e-06,-2.692012574612172e-06,-6.746108663317448e-07,0.00024762755107550483,-2.3094249590772924e-07,-1.0908253564971806e-05,-0.0006681191503616304,-0.0008578916070132849,-6.1643316107609444e-06,-4.748757420565557e-07,1.680708210936346e-05,-6.484676353535015e-06,-5.314376755205208e-05,5.612136853451533e-06,3.983125019805676e-06,1.318322468071759e-06,2.6946615386552485e-07,0.006925025154548409,0.002970274318114035,-0.0016787194598962025,0.0018223984657605586,-0.005924069281781282,-0.0010030891831319744,0.6459402185602033,-5.4989333684955045e-05,0.2713044116034156,nan,nan,nan,nan,nan,nan
644,3.2249999999999535,Standing,0.8885562933337855,0.44645834221314046,1.571547198164683,-2.0923336620189206,0.004309759268140487,-0.41178272743352823,-1.4872058448186167,0.9578762826804296,0.023181646736923908,0.02582946002635023,0.01672439041213163,0.027779369299318873,-0.35096453653420534,0.011582607645526677,-0.021938342535762243,-0.3954028025182893,-0.0241119728665376,-2.097602632450874,0.0044884871661166025,-0.40799107355041586,-1.2356129039274546,-0.6753412320605868,0.032175177848736934,0.025351902325774157,0.020178948413825275,0.028796705941578987,-0.32936992211309,-0.014096427344099851,-0.02362586341299888,-0.39517451938244924,0.023651151995363683,-0.024006607880956262,-0.056965016133596114,0.07592534797324332,-0.023867932221964674,-0.05692021566281038,-0.07589345080093741,0.0001458542041718442,-9.5744696458753e-05,3.583737651271359e-05,-0.00036707483935057917,2.654529935899185e-07,6.687416016103972e-06,0.0004073441394655257,0.0003558501368912838,1.168160494366943e-05,1.1778022240419353e-07,7.390573396232807e-06,7.051437359179262e-07,3.523614171914308e-05,4.181019407148578e-06,-2.1591104406999e-06,-1.6984618207122259e-06,-4.173504150414172e-07,-0.0011536052870259128,-1.1310948011850046e-07,1.9142871839423847e-05,0.0014239632555445364,-0.0006905396018221651,8.56049720113793e-06,1.8484095676040413e-06,3.335983825390517e-06,1.3597406755999714e-06,0.00010714895048919134,-1.2824780152887878e-05,-7.386380936888953e-06,-6.608140129440849e-06,2.51091346933678e-06,0.005855621738141648,-0.002573471012573676,-0.00039974127610528827,0.002219320721689652,0.017254206699790407,0.004128588377369985,0.6459402400553155,-5.498895044128336e-05,0.27130439627391434,nan,nan,nan,nan,nan,nan
645,3.2299999999999534,Standing,0.8885543042861169,0.4464595916752463,1.571546594391448,-2.092326458377348,0.004309746960005332,-0.41178282234450836,-1.4872125168972572,0.9578774963963143,0.023181683676702224,0.025829438615952854,0.01672436116638396,0.027779367142143373,-0.35096503567644627,0.011582548312559126,-0.021938301745322946,-0.39540277771815485,-0.024111966927937586,-2.097587653592432,0.004488494411752837,-0.40799137067728714,-1.2356347856061456,-0.675343433460084,0.03217503017891038,0.025351873917007016,0.02017883072247558,0.02879669413632177,-0.3293716058550499,-0.014096229186996151,-0.023625738580357044,-0.39517444536603524,0.02365113565686697,-0.02397988449948369,-0.056979620187072255,0.07592408830284289,-0.023992144865988097,-0.057116471269933584,-0.07595627719842842,-0.00039780953370463935,0.00024989242116379247,-0.00012075464699967622,0.0014407283144813876,-2.461627030955512e-06,-1.898219602612917e-05,-0.0013344157280737042,0.0002427431769288655,7.387955663419321e-06,-4.2820794750431456e-06,-5.849149534166151e-06,-4.314351003794325e-07,-9.982844818653936e-05,-1.1866593510244135e-05,8.158087859623472e-06,4.960026887794732e-06,1.1877200030189307e-06,0.0029957716884305733,1.4491272467918873e-06,-5.942537425020196e-05,-0.004376335738195922,-0.00044027989942479833,-2.9533965310366905e-05,-5.6817534278756086e-06,-2.353826993897407e-05,-2.361051443574283e-06,-0.00033674839197090625,3.963142074002405e-05,2.496652836716859e-05,1.4803282803028866e-05,-3.2676993427053095e-06,0.005344676294514562,-0.0029208106952288843,-0.00025193408008673823,-0.024842528804684464,-0.03925112142464109,-0.012565279498200448,0.6459406689879801,-5.498940933123114e-05,0.271304047264219,nan,nan,nan,nan,nan,nan
646,3.2349999999999532,Standing,0.888555376937276,0.44645889622550194,1.5715470648751073,-2.092331352041594,0.004309758578111448,-0.41178274601981546,-1.487206802535943,0.9578819018292652,0.023181757769153783,0.025829443615665693,0.016724412305680354,0.0277793709444066,-0.3509646074180992,0.01158259915044054,-0.02193833638036934,-0.3954027977954685,-0.024111972008379192,-2.0975973916018953,0.004488496127013799,-0.4079912148553621,-1.2356232647699292,-0.675337935190974,0.032175090719926185,0.025351884775126867,0.020178735300658834,0.028796732716406103,-0.3293707931526787,-0.014096323540409099,-0.023625804459844232,-0.3951744903993159,0.02365115396804766,-0.023953497728748534,-0.05697191434199144,0.07591839811310178,-0.02410994106963302,-0.05694288437197203,-0.07593722561169385,0.0002145302318194367,-0.00013908994887110995,9.409673186172694e-05,-0.0009787328492005922,2.3236212232278422e-06,1.526493858522699e-05,0.001142872262829548,0.0008810865901943275,1.4818490312151993e-05,9.999425676684296e-07,1.0227859279215787e-05,7.604526450676561e-07,8.565166941557162e-05,1.016757628274898e-05,-6.927009278337028e-06,-4.015462734097494e-06,-1.0160883211322538e-06,-0.001947601892608209,3.4305219234462314e-07,3.1164385006904194e-05,0.0023041672432908772,0.0010996538220052407,1.2108203161534664e-05,2.171623970352365e-06,-1.908436334960179e-05,7.71601686629251e-06,0.00016254047423217358,-1.8870682589526833e-05,-1.3175897437734866e-05,-9.006656128271979e-06,3.662236137886023e-06,0.005277354147031154,0.0015411690161623425,-0.0011380379482218003,-0.02355924072898507,0.034717379592310534,0.0038103173469149175,0.6459395434545762,-5.49877808512671e-05,0.27130499362344734,nan,nan,nan,nan,nan,nan
647,3.239999999999953,Standing,0.8885560809220235,0.44645842279332026,1.5715472306044358,-2.0923333418191126,0.0043097615703401974,-0.4117827183749845,-1.4872048743957154,0.95788378399632,0.023181938866212847,0.02582942710411062,0.01672444519354716,0.027779374169351768,-0.3509644449337479,0.01158261846388972,-0.021938346717320475,-0.39540280582890824,-0.024111973935453695,-2.097602374910399,0.004488496693945442,-0.4079911466220735,-1.2356175112293672,-0.6753418712456396,0.03217511899292923,0.02535189600970209,0.02017887255066032,0.028796701073000093,-0.32937034326327885,-0.01409638018837822,-0.023625838754173057,-0.3951745036281666,0.02365115791810948,-0.023932103954108587,-0.056979944507251995,0.07591667882753475,-0.02415787199761896,-0.056853705274327766,-0.0759254144651771,0.00014079694949581097,-9.468643633427163e-05,3.314586570203083e-05,-0.0003979555037631902,5.984457499013749e-07,5.528966193596559e-06,0.0003856280455406645,0.00037643341096194277,3.621941181254747e-05,-3.3023110145317953e-06,6.577573360777735e-06,6.449890335767638e-07,3.249687025865318e-05,3.862689836048485e-06,-2.0673902273704195e-06,-1.606687945985276e-06,-3.8541490101900943e-07,-0.000996661700755567,1.1338632869412784e-07,1.3646657723353985e-05,0.001150708112406267,-0.000787210933138067,5.654600608749413e-06,2.2469150443616754e-06,2.7450000296973153e-05,-6.328681202164002e-06,8.997787996767533e-05,-1.1329593824082506e-05,-6.8588657649383384e-06,-2.645770137979273e-06,7.900123639941669e-07,0.004278754927989531,-0.0016060330521108987,-0.00034385711340441535,-0.009586185597187881,0.017835819528853006,0.00236222930334794,0.6459400676495565,-5.498806097064315e-05,0.2713045051013422,nan,nan,nan,nan,nan,nan
648,3.244999999999953,Standing,0.8885559028048633,0.44645852374237527,1.5715470638007962,-2.0923326280071777,0.004309763485036598,-0.4117827215823835,-1.487205293555776,0.957885895154483,0.023182049357730085,0.025829413195293555,0.016724463590363562,0.02777937579719848,-0.35096446265663833,0.011582616383383083,-0.02193834256363289,-0.3954028052417783,-0.024111973722054404,-2.097599443396867,0.004488490105855056,-0.4079911802113953,-1.23562111994976,-0.6753492097035262,0.032175089934161454,0.025351895787450018,0.020178209185410727,0.028796883997484417,-0.3293705929485466,-0.014096337944165533,-0.023625817831054757,-0.39517448904871566,0.02365115392560922,-0.02391296974503727,-0.05698404695017857,0.07591448390370883,-0.024186097522804248,-0.05689662521425263,-0.0759393198094583,-3.5623432059271994e-05,2.0189810997602996e-05,-3.3360727900958434e-05,0.0001427623869363155,3.829392801332231e-07,-6.414797977791212e-07,-8.383201215351376e-05,0.0004222316325934389,2.209830344734418e-05,-2.7817634134054683e-06,3.679363280470716e-06,3.255693421830654e-07,-3.5445780824856606e-06,-4.1610132752515913e-07,8.307375168625087e-07,1.1742599572165269e-07,4.267985793796227e-08,0.0005863027063580069,-1.3176180771212391e-06,-6.717864362980845e-06,-0.0007217440785432902,-0.0014676915773128064,-5.811753554425479e-06,-4.445041403092991e-08,-0.0001326730499184326,3.6584896864715755e-05,-4.99370535505339e-05,8.44884253736429e-06,4.184623659886591e-06,2.915890188388179e-06,-7.98500052469748e-07,0.003826841814263611,-0.0008204885853150679,-0.00043898476518365896,-0.005645105037057322,-0.008583987984972147,-0.0027810688562390808,0.6459404979912916,-5.498827724600436e-05,0.2713041609448676,nan,nan,nan,nan,nan,nan
649,3.249999999999953,Standing,0.888555530632296,0.44645875519866574,1.5715469085726248,-2.0923318839943463,0.004309766170790534,-0.41178272333828636,-1.487205429771467,0.9578887066070468,0.02318213570055495,0.025829402382500418,0.016724480942241063,0.027779377266714166,-0.35096446663562064,0.01158261596729283,-0.021938340779658592,-0.39540280535072747,-0.024111973674916107,-2.097595693141673,0.004488484053132552,-0.40799121888878426,-1.2356258266652211,-0.6753510570171161,0.032175058764101094,0.025351888516827112,0.020177419908452753,0.02879709805952726,-0.3293709570429329,-0.014096279231883172,-0.023625789142012486,-0.3951744784106594,0.023651153320398775,-0.02389564554536416,-0.05698155240604513,0.07591129460298422,-0.02418655299251593,-0.05696107041618712,-0.07595348134703452,-7.443451347048092e-05,4.62912580889492e-05,-3.104563428154104e-05,0.00014880256631307948,5.371507871353487e-07,-3.511805687458179e-07,-2.7243138199939228e-05,0.0005622905127686904,1.7268564973355136e-05,-2.1625586273330875e-06,3.4703755001759346e-06,2.939031373904636e-07,-7.957964576312168e-07,-8.321805037695115e-08,3.567948596788681e-07,-2.1789834289083814e-08,9.427659167095967e-09,0.0007500510388046903,-1.2105445008153081e-06,-7.735477786536758e-06,-0.000941343092249738,-0.00036946271798198797,-6.234012071988435e-06,-1.4541245811002594e-06,-0.00015785539159473612,4.281240856890071e-05,-7.281887725731748e-05,1.1742456471975755e-05,5.737808453724947e-06,2.1276112526202097e-06,-1.2104208882926493e-07,0.003464839934621757,0.000498908826687565,-0.0006378601449225344,-9.109394233636388e-05,-0.012889040386898991,-0.002832307515242807,0.6459404461373669,-5.498783341984372e-05,0.27130422770370327,nan,nan,nan,nan,nan,nan
650,3.254999999999953,Standing,0.8885552921066593,0.44645891196930804,1.5715468610303918,-2.0923302710328224,0.00430975826650883,-0.4117827534611696,-1.4872072032988197,0.9578894758695198,0.02318220301912676,0.025829389887827552,0.016724479408356627,0.027779378616244136,-0.3509646015865765,0.011582600089642337,-0.021938331170491335,-0.3954027993249275,-0.024111972081896686,-2.097595338275389,0.004488482141702686,-0.4079911888249641,-1.2356251942037642,-0.6753500282385162,0.03217506058946167,0.025351887078693874,0.020176762704778795,0.028797282784738032,-0.32937092676179164,-0.014096268940842965,-0.023625791403470455,-0.3951744849307015,0.023651157454015626,-0.02388312448959047,-0.056995762954210154,0.07591213700366312,-0.02416175153983689,-0.056969462259011526,-0.07595133614378125,-4.770512733393357e-05,3.135412846050651e-05,-9.508446613445473e-06,0.00032259230474534703,-1.580856340861228e-06,-6.0245766512484144e-06,-0.0003547054705327882,0.00015385249459350288,1.3463714361897886e-05,-2.498934573371779e-06,-3.0677688749068183e-07,2.6990599427266344e-07,-2.699019116817181e-05,-3.1755300984828304e-06,1.921833451362349e-06,1.2051599980768692e-06,3.1860388437744594e-07,7.097325676535464e-05,-3.8228597326662445e-07,6.012764033933928e-06,0.00012649229141053358,0.0002057557199686168,3.650721156969445e-07,-2.876266473658615e-07,-0.00013144073479173484,3.694504215416519e-05,6.056228248342926e-06,2.0582080413369784e-06,-4.52291593508552e-07,-1.3040084287265868e-06,8.267233702388541e-07,0.0025042111547381373,-0.0028421096330040127,0.00016848013577807242,0.0049602905358085685,-0.001678368564880732,0.0004290406506553611,0.6459402426579778,-5.498737515646624e-05,0.27130439544541324,nan,nan,nan,nan,nan,nan
651,3.2599999999999527,Standing,0.8885560991312268,0.44645838256141684,1.571547107577149,-2.0923359054782287,0.004309783367187352,-0.4117826472282457,-1.4871999729076923,0.9578958505735409,0.023182334958985515,0.02582939145585615,0.01672454701754697,0.027779382883787864,-0.3509640461042559,0.011582665975566788,-0.021938371864091775,-0.395402825924957,-0.024111978666472546,-2.097598911026083,0.004488473631740598,-0.4079911071267453,-1.235620842424247,-0.6753434837235383,0.03217509947538053,0.025351886937503856,0.020176409291289336,0.028797388205706362,-0.3293706007755543,-0.01409629886636019,-0.023625816393934556,-0.3951744999659338,0.023651162057721217,-0.02386865723026634,-0.05696199621274739,0.07590322343387491,-0.024123994538658666,-0.05693992117644832,-0.07593882070703077,0.00016140491349311332,-0.00010588157824226451,4.930935144391531e-05,-0.0011268890812171834,5.0201357044317085e-06,2.1246584781397418e-05,0.001446078225468087,0.0012749408042176578,2.6387971750466468e-05,3.136057197473079e-07,1.352183806888174e-05,8.535087458326885e-07,0.00011109646411690143,1.3177184890118038e-05,-8.138720088094249e-06,-5.320005907450721e-06,-1.3169151722847052e-06,-0.0007145501387835637,-1.701992417676304e-06,1.633964376413199e-05,0.0008703559034310315,0.0013089029955863317,7.777183771737127e-06,-2.8238003465490823e-08,-7.06826978921468e-05,2.1084193666224737e-05,6.519724747017893e-05,-5.985103445138492e-06,-4.9980928204340055e-06,-3.0070464538628378e-06,9.207411178184909e-07,0.0028934518648265446,0.006753348292553038,-0.0017827139576394473,0.007551400235644861,0.005908216512641573,0.0025030873500947897,0.6459400814648931,-5.498748138890508e-05,0.27130449933167783,nan,nan,nan,nan,nan,nan
652,3.2649999999999526,Standing,0.8885545162882829,0.4464594177529946,1.5715466364596569,-2.09232069410701,0.004309705500396748,-0.4117829527900702,-1.4872200065985806,0.9578829994717094,0.023182313015563904,0.02582934561794044,0.01672439646919963,0.02777937899582795,-0.3509655768760347,0.011582484707259155,-0.021938260150687873,-0.39540275335329034,-0.024111960533654175,-2.097596581271386,0.0044884913153295436,-0.4079910872202806,-1.2356200206325643,-0.6753395122700189,0.03217511206966101,0.025351886624393777,0.02017633568186397,0.0287974099408562,-0.32937052395118666,-0.014096305035263792,-0.023625820920548546,-0.39517449331439725,0.023651157387454325,-0.023900639322291785,-0.0570812720298282,0.07593174120122692,-0.02408536029812598,-0.05693094351709396,-0.0759306702472682,-0.000316568588796722,0.00020703831554658966,-9.422349843387849e-05,0.003042274243705834,-1.5573358120770968e-05,-6.111236489743293e-05,-0.004006738177657701,-0.0025702203662829417,-4.388684322186976e-06,-9.167583142420615e-06,-3.0109669468370486e-05,-7.775919828961353e-07,-0.00030615435575754966,-3.6253661526599883e-05,2.2342680780319193e-05,1.4514333334348514e-05,3.626563674627688e-06,0.000465950939475693,3.536717789176794e-06,3.981292939729712e-06,0.0001643583365303589,0.0007942907038840149,2.5188560960285557e-06,-6.262201591683129e-08,-1.4721885072783086e-05,4.347029967937499e-06,1.5364873534366746e-05,-1.23378072026157e-06,-9.053227980792352e-07,1.330307307912934e-06,-9.340533780632455e-07,-0.0063964184050894135,-0.023855163416162187,0.005703553470400854,0.007726848106537025,0.00179553187087164,0.0016300919525141845,0.6459405376500982,-5.4987504475328096e-05,0.27130410430994584,nan,nan,nan,nan,nan,nan
653,3.2699999999999525,Standing,0.8885574213640511,0.4464575041916743,1.5715475318496916,-2.092348430345651,0.00430985124194756,-0.4117824033627643,-1.4871832412238053,0.95791190094199,0.023182538141081066,0.0258294040872509,0.016724677189797584,0.02777938910188614,-0.3509627875559612,0.011582815027228775,-0.02193846631088327,-0.395402884586125,-0.02411199356705818,-2.0976015742433023,0.004488457842458559,-0.40799107395527123,-1.2356187632487452,-0.6753349304919753,0.03217512756837518,0.025351886846121097,0.020176516834416618,0.02879736019332368,-0.3293704144972263,-0.014096320494387327,-0.0236258351515106,-0.39517448852495046,0.023651152290354843,-0.024004975177224542,-0.05682870227028349,0.07589819977103686,-0.024052344972058628,-0.05695508628553247,-0.07593065491112362,0.0005810151536554201,-0.00038271226405712616,0.00017907800693914522,-0.005547247728195648,2.9148310162385968e-05,0.00010988546119112736,0.007353074955066209,0.005780294056122449,4.5025103432222914e-05,1.1693862092595537e-05,5.6144119591070794e-05,2.0212116380153142e-06,0.0005578640146907633,6.606399392383762e-05,-4.123203907922596e-05,-2.624656692800348e-05,-6.6066808013468955e-06,-0.0009985943832627308,-6.6945741968899794e-06,2.6530018695706026e-06,0.0002514767638056546,0.0009163556087115553,3.0997428328516473e-06,4.4345463894775314e-08,3.623051052912132e-05,-9.94950650439978e-06,2.189079206681082e-05,-3.0918247071073882e-06,-2.846192411123446e-06,9.578893543093007e-07,-1.0194198962973608e-06,-0.020867170986551286,0.050513951908941035,-0.006708286038011756,0.006603065213470032,-0.004828553687700442,3.067228915638008e-06,0.6459396328163037,-5.498868794827328e-05,0.27130481286075664,nan,nan,nan,nan,nan,nan
654,3.2749999999999524,Standing,0.8885565119626982,0.4464580711898778,1.5715470300107945,-2.0923368809150977,0.00430978563762064,-0.41178261518793213,-1.4871986755848619,0.9579003420535159,0.023182842176327333,0.025829336909104394,0.016724613733121944,0.027779392186508378,-0.3509638771428383,0.011582685801245057,-0.021938373052819156,-0.395402832913994,-0.02411198063503425,-2.0975989577792813,0.004488477858457837,-0.4079911143193053,-1.2356211648577817,-0.6753308973177106,0.03217511617346471,0.025351883764712084,0.02017688697486617,0.028797250044751973,-0.3293705889388078,-0.01409630649778151,-0.02362582234020164,-0.39517446829659286,0.02365114267008769,-0.02413893503246596,-0.056900228770754395,0.0759332375642762,-0.024019904979721684,-0.05697202520880107,-0.07592915272802206,-0.00018188027058114716,0.00011339964069962256,-0.0001003677794315335,0.0023098861106645024,-1.3120865383933515e-05,-4.236503356775341e-05,-0.0030868722113279257,-0.002311777694797571,6.0807049253296e-05,-1.343562930116638e-05,-1.2691335127854264e-05,6.169244475926326e-07,-0.00021791737541432558,-2.584519674357703e-05,1.8651612822699556e-05,1.0334426203968165e-05,2.5864047859659947e-06,0.0005232928042414088,4.00319985568303e-06,-8.07280680977532e-06,-0.00048032180731630986,0.0008066348529562417,-2.278982093430756e-06,-6.162818029787727e-07,7.402808991008809e-05,-2.2029714341494128e-05,-3.488831629079581e-05,2.7993211635193238e-06,2.5622617919908503e-06,4.045671519759157e-06,-1.9240534308122963e-06,-0.026791971048284013,-0.014305300094180434,0.007007558647868657,0.00648799846738895,-0.003387784653720374,0.0003004366203126545,0.6459412840540423,-5.4987463857808135e-05,0.2713034511386928,nan,nan,nan,nan,nan,nan
655,3.2799999999999523,Standing,0.8885551031924275,0.44645898761847574,1.5715466214821934,-2.092323708206498,0.004309720868858509,-0.41178287533542945,-1.4872157130928523,0.9578897168116438,0.0231825590949372,0.02582933103070941,0.016724494551378342,0.027779388660689103,-0.35096519765150685,0.011582529555987075,-0.021938279530935727,-0.3954027705679956,-0.024111965001325356,-2.0975968542551433,0.004488498328012255,-0.4079911420494284,-1.2356214673808636,-0.6753314862461819,0.032175105429970756,0.025351887542457423,0.020177349338965787,0.028797117312450667,-0.3293706121276608,-0.014096312794105687,-0.023625822366880544,-0.3951744582109983,0.023651136695817362,-0.024204626740513723,-0.05699813631274605,0.07596280718479294,-0.023987161486009906,-0.05696414893255059,-0.07592217372447055,-0.0002817540541625967,0.0001832857195894484,-8.17057202527931e-05,0.0026345417200073183,-1.295375242626497e-05,-5.202949946342075e-05,-0.0034075015980730753,-0.0021250483744255123,-5.6616278026809394e-05,-1.1756789964472208e-06,-2.3836348720671785e-05,-7.051638547719356e-07,-0.0002641017337129809,-3.1249051596489375e-05,1.870437668579945e-05,1.2469199674677052e-05,3.1267417787770907e-06,0.0004207048275843955,4.093910883512078e-06,-5.546024621671532e-06,-6.050461639369245e-05,-0.00011778569427339162,-2.148698790743214e-06,7.555490676797458e-07,9.247281992342034e-05,-2.6546460261537324e-05,-4.637770598514906e-06,-1.2592648354042088e-06,-5.3357813559654524e-09,2.0171189146582995e-06,-1.194854065397835e-06,-0.013138341609552344,-0.019581508398330158,0.0059139241033472085,0.006548698742355913,0.0015752552500958986,0.0013958007103024423,0.6459409048910948,-5.49885767226678e-05,0.2713038222263843,nan,nan,nan,nan,nan,nan
656,3.284999999999952,Standing,0.8885547820886385,0.4464592029467496,1.5715467076516125,-2.092323505311698,0.004309727465109097,-0.4117828885233955,-1.4872153809979645,0.9578932189255123,0.023182315843774254,0.025829356246325718,0.01672446561915747,0.027779385871703872,-0.35096524121580913,0.011582524610572601,-0.021938286695784327,-0.3954027686252425,-0.02411196450536031,-2.097596480526654,0.004488500631326087,-0.40799117227129694,-1.2356217420936406,-0.6753343182584787,0.0321750939051552,0.025351891358487984,0.02017785539055802,0.028796971749431986,-0.3293706340233812,-0.014096320714610424,-0.023625822923648468,-0.3951744547127136,0.023651134599591193,-0.02421533486801634,-0.05699149247891401,0.07596314731151502,-0.023959314995266566,-0.05696802320749065,-0.07591856257992859,-6.422075779521951e-05,4.306565477427105e-05,1.7233883828171365e-05,4.0578959932013534e-05,1.3192501175966039e-06,-2.637593207901978e-06,6.641897758008931e-05,0.0007004227737026961,-4.865023258895961e-05,5.04312326112793e-06,-5.786444174624017e-06,-5.577970461180041e-07,-8.712860452843817e-06,-9.890828949022328e-07,-1.4329697199383266e-06,3.885506230980594e-07,9.919300941623981e-08,7.474569787371441e-05,4.6066276649482894e-07,-6.04437371280119e-06,-5.4942555392209575e-05,-0.0005664024593627359,-2.3049631105302547e-06,7.632061119976331e-07,0.00010121031844701949,-2.9112603736304746e-05,-4.3791440829980544e-06,-1.5841009473252453e-06,-1.1135358497538985e-07,6.996569370179493e-07,-4.1924523364241776e-07,-0.002141625500523237,0.0013287667664079808,6.802534441703242e-05,0.0055692981486679255,-0.0007748549880122048,0.0007222289083928104,0.6459400845963328,-5.4989744534176754e-05,0.27130446764630206,nan,nan,nan,nan,nan,nan
657,3.289999999999952,Standing,0.8885552740047946,0.4464588889841036,1.5715469856828475,-2.0923301843195343,0.004309766222148193,-0.41178274695984884,-1.4872057955406481,0.9579027803960615,0.02318215547097575,0.02582939724742063,0.01672450854258348,0.027779387247737108,-0.35096453857796595,0.011582607911011816,-0.021938342418141372,-0.39540280212817813,-0.024111972838701666,-2.097597181608115,0.004488492565179542,-0.4079911920900574,-1.2356219709603624,-0.6753388434832145,0.032175083058508455,0.025351894707950247,0.02017811408959549,0.02879689698202969,-0.32937065217016065,-0.014096324281044341,-0.023625822084879275,-0.39517445711890126,0.023651136103510086,-0.024194980348358156,-0.05693393610401501,0.07594860572485138,-0.023936317245839518,-0.056981664727567445,-0.07591785422817802,9.838323121863323e-05,-6.27925292068635e-05,5.560624697907328e-05,-0.0013358015672127847,7.751407819017242e-06,2.8312709336125742e-05,0.0019170914632501196,0.0019122941098476524,-3.207455970070441e-05,8.200218982524005e-06,8.58468520246638e-06,2.7520664734570475e-07,0.0001405275686402557,1.6660087843034655e-05,-1.1144471408753322e-05,-6.7005871310244715e-06,-1.6666682712476257e-06,-0.00014021629228721998,-1.6132293090440838e-06,-3.963752095633929e-06,-4.577334436163056e-05,-0.0009050449471558332,-2.1693293496017387e-06,6.698924527596379e-07,5.173980749380282e-05,-1.4953480459264336e-05,-3.629355896825114e-06,-7.13286783394491e-07,1.6775383862975137e-07,-4.812375261510972e-07,3.0078377843329215e-07,0.004070903931636723,0.01151127497979958,-0.002908317332729375,0.004599549885409631,-0.00272830401535919,0.0001416703501127669,0.6459398020893363,-5.498989163367759e-05,0.2713046395046429,nan,nan,nan,nan,nan,nan
658,3.294999999999952,Standing,0.8885557996356267,0.446458549290891,1.5715471452866525,-2.092334192489627,0.004309785201921489,-0.4117826466716984,-1.487199957196994,0.9579080690018296,0.023182051462975053,0.02582942755324554,0.01672454836413191,0.02777939074126019,-0.35096407143322644,0.01158266321914707,-0.021938373566417528,-0.3954028246272547,-0.024111978371545613,-2.0975988508494887,0.00448848735886963,-0.4079911760008494,-1.235620474978675,-0.6753428206184623,0.032175089374397385,0.025351897943153137,0.02017820670380399,0.028796873039334075,-0.3293705375685593,-0.01409633998230886,-0.023625827680879993,-0.39517447032827313,0.02365114204558188,-0.024162485602792803,-0.05691043771073586,0.07593891613172113,-0.023913746069621496,-0.0569742669164541,-0.07591261250824902,0.00010512616641910584,-6.793864250755748e-05,3.192076103170763e-05,-0.0008016340185790927,3.7959546592496144e-06,2.0057630087390478e-05,0.001167668730806887,0.001057721153622882,-2.0801600139903823e-05,6.061164982093944e-06,7.964309685729043e-06,6.987046164010912e-07,9.342894790495028e-05,1.1061627050749782e-05,-6.229655231217631e-06,-4.499815306653372e-06,-1.106568789183764e-06,-0.00033384827468198894,-1.0412619824028561e-06,3.2178416037290694e-06,0.0002991963374679218,-0.0007954270495650965,1.2631777863499412e-06,6.4704057803197e-07,1.8522841699984677e-05,-4.7885391227950355e-06,2.292032027182176e-05,-3.1402529038204634e-06,-1.1192001436872406e-06,-2.641874371094548e-06,1.1884143585288706e-06,0.00649894911307051,0.004699678655829599,-0.0019379186260486524,0.004514235243604498,0.0014795622226680262,0.0010483439858030492,0.6459400203033863,-5.4989456773093495e-05,0.2713044281915381,nan,nan,nan,nan,nan,nan
659,3.299999999999952,Standing,0.8885555211277243,0.44645872832376293,1.5715470117203625,-2.092331537006279,0.004309773069240199,-0.4117826734253812,-1.4872026230639228,0.9579074185689849,0.023181928336817467,0.025829440407403627,0.0167245393439809,0.027779392256726307,-0.3509642459468962,0.011582642501161785,-0.02193835628833505,-0.39540281656924164,-0.02411197629846943,-2.0975976065976907,0.004488488494367737,-0.4079911871539129,-1.2356216272737366,-0.6753466562973839,0.03217508207799414,0.02535189671042343,0.020178124865808566,0.02879689440104625,-0.32937062202053924,-0.014096328777558521,-0.023625816479160445,-0.39517447558002133,0.02365114621328943,-0.024130674213444732,-0.05693782092111004,0.07593936813735071,-0.023898009107353003,-0.05699105311054797,-0.07591377084183973,-5.5701580485376944e-05,3.5806574384156776e-05,-2.671325801115457e-05,0.000531096669605371,-2.4265362580817882e-06,-5.350736560891548e-06,-0.0005331733857680077,-0.00013008656894270432,-2.462523151743184e-05,2.5708316173452356e-06,-1.804030202373922e-06,3.030932236225899e-07,-3.49027339515597e-05,-4.143597057248288e-06,3.455616495680441e-06,1.6116026041088417e-06,4.146152362986033e-07,0.00024885035958933336,2.2709962147379753e-07,-2.2306127063121973e-06,-0.00023045901229699602,-0.0007671357843235147,-1.4592806487477711e-06,-2.465459409890593e-07,-1.6367599085156877e-05,4.272342435159336e-06,-1.6890395988926334e-05,2.240950067756767e-06,2.240343909841835e-06,-1.0503496379338412e-06,8.33541509929088e-07,0.006362277869613812,-0.00547664207483588,9.0401125914684e-05,0.003147392453698745,-0.0033572388187735436,-0.00023166671814362936,0.6459403243600698,-5.4989280541261945e-05,0.27130417914525556,nan,nan,nan,nan,nan,nan
660,3.3049999999999518,Standing,0.8885554184885874,0.44645879691748963,1.5715469757969551,-2.0923293668789027,0.004309761700527847,-0.41178270697389446,-1.487205057113906,0.9579068087292446,0.023181808393628073,0.025829451204220297,0.01672452899519541,0.0277793927795583,-0.350964425898504,0.011582621215131773,-0.021938342546271566,-0.39540280815812984,-0.024111974167732156,-2.097598780976634,0.004488489150508879,-0.4079911435106004,-1.2356192839913651,-0.6753463482673595,0.032175105561600595,0.025351896262418887,0.02017802706848154,0.028796926402538125,-0.32937044443242075,-0.014096347741511021,-0.02362582485360117,-0.3951744940942667,0.02365115403499231,-0.024096690187525076,-0.05696912122030706,0.07594023085686111,-0.023880202582190643,-0.05696779284669366,-0.07590579709224553,-2.052782736634508e-05,1.3718745337075007e-05,-7.184681492200072e-06,0.00043402547530880186,-2.273742470269231e-06,-6.7097026535321795e-06,-0.000486809996618985,-0.0001219679480547468,-2.398863787909265e-05,2.159363333912332e-06,-2.0697570977387815e-06,1.0456639826608272e-07,-3.599032156243754e-05,-4.257206002229403e-06,2.7484126966037817e-06,1.682222359572406e-06,4.2614745459281884e-07,-0.00023487578866912524,1.3122822820119817e-07,8.728662501350281e-06,0.00046865647429826605,6.160600487507557e-05,4.6967212909352694e-06,-8.960090887422905e-08,-1.9559465404942917e-05,6.400298374763214e-06,3.551762369928808e-05,-3.792790500187585e-06,-1.674888144927657e-06,-3.702849070327804e-06,1.5643405756451934e-06,0.00679680518393112,-0.006260059839403616,0.00017254390207910894,0.003561305032472089,0.004652052770861705,0.001594749918838768,0.6459401876210951,-5.498928422206877e-05,0.27130429644046417,nan,nan,nan,nan,nan,nan
661,3.3099999999999516,Standing,0.888554855735992,0.44645915022286736,1.5715468412099425,-2.0923283703295072,0.004309766829387597,-0.41178270630847,-1.4872050029374924,0.9579100375138844,0.02318176703625138,0.025829455811156237,0.016724534385295652,0.027779392313852784,-0.35096442635746616,0.011582621125900572,-0.021938342370388587,-0.39540280785740084,-0.024111974157297295,-2.0975942235794487,0.004488488203393373,-0.40799122572975877,-1.2356257517103364,-0.675345644422034,0.03217506774175423,0.025351885783471886,0.020177947507891737,0.028796936137200177,-0.32937094076508705,-0.014096288394986417,-0.023625786907177263,-0.39517447558850466,0.023651150390790014,-0.024059477526252933,-0.056967670879759756,0.07593412059808217,-0.023886728253581072,-0.057038010657030846,-0.0759222915765775,-0.00011255051907481872,7.066107554152007e-05,-2.6917402524764226e-05,0.0001993098790794371,1.0257719499331523e-06,1.330848822409373e-07,1.083528271406673e-05,0.0006457569279632715,-8.271475338503326e-06,9.213871882681112e-07,1.0780200482432585e-06,-9.314110345790437e-08,-9.179242955935862e-08,-1.7846240153269854e-08,3.517659581778999e-08,6.014580077908373e-08,2.0869725537237697e-09,0.000911479437086974,-1.894231011184202e-07,-1.6443831677843996e-05,-0.0012935437942439435,0.00014076906508542198,-7.563969273572127e-06,-2.0957894005379515e-06,-1.591211796068097e-05,1.9469324102667717e-06,-9.926653326031006e-05,1.1869304920954405e-05,7.589284781384232e-06,3.7011524113900024e-06,-7.288404589727065e-07,0.007442532254428501,0.0002900681094615259,-0.0012220517557862442,-0.0013051342780856894,-0.014043562067436562,-0.003298896866393774,0.6459401202443993,-5.4989542441015653e-05,0.27130433308198404,nan,nan,nan,nan,nan,nan
662,3.3149999999999515,Standing,0.8885566510273596,0.4464579975276237,1.5715473726653835,-2.0923357799347517,0.004309787449540152,-0.41178258495322884,-1.4871967445219576,0.9579144038205489,0.023181859896391127,0.02582946628171608,0.016724607538150315,0.027779397184707445,-0.35096378717938276,0.011582696898890448,-0.021938389851659208,-0.3954028381235772,-0.024111981733493056,-2.0976068397753833,0.004488481297737404,-0.407990990914058,-1.2356087471621664,-0.6753439698058024,0.03217518533468496,0.025351905123210162,0.020178041001897275,0.02879694201193116,-0.3293696414148705,-0.014096442412843392,-0.023625881547507634,-0.3951745387600074,0.023651167718552076,-0.024023242348149995,-0.056956266606246995,0.07592621541875733,-0.023920157515753864,-0.05684620937849181,-0.07588547253255863,0.00035905827350673635,-0.00023053904873381953,0.00010629108820686494,-0.0014819210489210523,4.124030510953791e-06,2.427104823605065e-05,0.0016516831069641183,0.0008732613329111907,1.8572027949387445e-05,2.0941119685472513e-06,1.4630570932674087e-05,9.741709320150456e-07,0.00012783561667794577,1.515459797520636e-05,-9.49625412383443e-06,-6.053235266827906e-06,-1.5152391520307766e-06,-0.0025232391869420027,-1.381131193770542e-06,4.696314015777113e-05,0.003400909634008703,0.0003349232463454024,2.3518586146311142e-05,3.867947655451564e-06,1.869880110762156e-05,1.1749461965604112e-06,0.0002598700433102057,-3.080357139492761e-05,-1.8928066074094396e-05,-1.2634300552358483e-05,3.4655524125609836e-06,0.007247035620587428,0.0022808547025518345,-0.0015810358649692325,-0.006685852434558265,0.03836025570780813,0.007363808803772088,0.6459397770412105,-5.498895412466686e-05,0.27130459713223476,nan,nan,nan,nan,nan,nan
663,3.3199999999999514,Standing,0.8885552533129542,0.44645886962733144,1.5715468321374593,-2.092330520929379,0.004309780270482805,-0.4117826499636087,-1.487201709502445,0.9579150925380993,0.023181980005076708,0.025829439841957576,0.016724595267519855,0.027779396135761834,-0.3509641406590872,0.01158265476502675,-0.021938357434758395,-0.39540282020832995,-0.024111977515950133,-2.0975944798177926,0.004488484521262273,-0.40799122823592443,-1.2356260846155733,-0.6753465137369328,0.03217508191729449,0.02535188371692912,0.02017818989942188,0.02879687027767982,-0.32937093136225903,-0.014096294736657177,-0.023625783481605076,-0.3951744732003729,0.023651147344892685,-0.02399335969102582,-0.05696830715719278,0.07592394507221825,-0.024079900401673734,-0.05699989535132699,-0.07594492630094075,-0.00027954288108167184,0.00017441994154547297,-0.00010810558485730532,0.0010518010744774865,-1.4358114695618114e-06,-1.300207596721434e-05,-0.0009929960974694677,0.00013774351006291298,2.4021737115942854e-05,-5.287951700813518e-06,-2.4541260917565807e-06,-2.0978912206433217e-07,-7.069594089526807e-05,-8.426772739638946e-06,6.483380162581628e-06,3.5830494458835857e-06,8.435085845295949e-07,0.002471991518112818,6.44704973803749e-07,-4.746437329252184e-05,-0.003467490681378244,-0.0005087862260939475,-2.0683478093694596e-05,-4.281256208382795e-06,2.9779504921049145e-05,-1.434685026829769e-05,-0.00025798947770580723,2.9535237243073705e-05,1.9613180511593578e-05,1.311192690148391e-05,-4.0747318783819584e-06,0.005976531424835312,-0.0024081101891579204,-0.0004540693078143741,-0.03194857718397405,-0.030737194567036816,-0.011890753676423298,0.6459407939584361,-5.498959992455076e-05,0.27130373497191557,nan,nan,nan,nan,nan,nan
664,3.3249999999999513,Standing,0.8885547130281015,0.4464592073392405,1.571546763671218,-2.092328467671438,0.004309773217484551,-0.41178268298401455,-1.4872035896849094,0.9579162900303384,0.023182025346370132,0.02582942918717843,0.016724592482116746,0.027779396246585496,-0.35096428792505374,0.011582637378236015,-0.021938347323276666,-0.39540281325962695,-0.02411197577336941,-2.0975922477566913,0.004488491574674659,-0.4079912878584079,-1.2356299986208719,-0.675340970823035,0.03217505035539758,0.02535187534949353,0.020178270134538153,0.028796835216583074,-0.3293712770224004,-0.01409625653423807,-0.02362576343677075,-0.3951744605360972,0.023651145402934337,-0.023966722224133066,-0.05697998338833696,0.0759220752792661,-0.024148288088034955,-0.05701522039992625,-0.07595927432884697,-0.00010805697052487266,6.754238181130729e-05,-1.3693248254980801e-05,0.000410651588206673,-1.4105996508280398e-06,-6.604081166133492e-06,-0.00037603649285908086,0.0002394984478245724,9.068258684874479e-06,-2.130955828896481e-06,-5.570806216624649e-07,2.2164732879115056e-08,-2.9453193309400263e-05,-3.4773581469524686e-06,2.0222963458200167e-06,1.3897405987930635e-06,3.4851614465406946e-07,0.0004464122202516279,1.4106824772146049e-06,-1.192449668980928e-05,-0.0007828010596971306,0.0011085827795615974,-6.312379381888018e-06,-1.6734871173402505e-06,1.6047023254762242e-05,-7.012219348922592e-06,-6.91320282708194e-05,7.640483821386693e-06,4.008966865594663e-06,2.5328551370525577e-06,-3.8839166931466016e-07,0.005327493378550488,-0.0023352462288351965,-0.000373958590431204,-0.013677537272244248,-0.003065009719852449,-0.002869605581242194,0.6459400697517882,-5.4987974909696124e-05,0.2713043735422151,nan,nan,nan,nan,nan,nan
665,3.329999999999951,Standing,0.8885553126779602,0.44645881184094344,1.5715470399792948,-2.092331565992515,0.004309781807150084,-0.41178263570209067,-1.4871999296094112,0.95791958873861,0.023182149197854572,0.02582942239156688,0.016724627281141453,0.027779398697937833,-0.35096401269109384,0.01158267011949918,-0.021938369331245253,-0.3954028267667178,-0.024111979044776497,-2.0975973324730646,0.004488495079748297,-0.4079912306363879,-1.235624195004444,-0.6753410524728206,0.03217506937366941,0.025351886057107975,0.02017855636635056,0.028796760069264505,-0.3293708637347837,-0.01409631180943363,-0.023625801033041433,-0.39517447439619635,0.02365114942790554,-0.023941366468531445,-0.05697342124899962,0.07591681819120182,-0.02416338708829337,-0.05693549240758814,-0.07594417639161578,0.00011992997172160987,-7.909965940613195e-05,5.526161536622149e-05,-0.0006196642153083948,1.7179331067399025e-06,9.456384769730263e-06,0.0007320150996679553,0.0006597416543317252,2.477029688811367e-05,-1.359122309865982e-06,6.95980494141843e-06,4.90270466987802e-07,5.504679197911862e-05,6.548252632843605e-06,-4.4015937170825505e-06,-2.701418172106022e-06,-6.542814173329375e-07,-0.0010169432746717205,7.01014727451391e-07,1.1444403992906386e-05,0.001160723285575435,-1.6329957118566083e-05,3.803654364852242e-06,2.141522889175746e-06,5.7246362481637913e-05,-1.5029463714129367e-05,8.26575233385433e-05,-1.1055039111869676e-05,-7.519254136780512e-06,-2.772019826422421e-06,8.049942407771953e-07,0.005071151120323838,0.001312427867467454,-0.0010514176128586965,-0.0030198000516834245,0.015945598467621464,0.0030195874462364243,0.6459397098111035,-5.498756753126488e-05,0.2713046379179715,nan,nan,nan,nan,nan,nan
666,3.334999999999951,Standing,0.8885556418157072,0.44645860545055654,1.571547107734256,-2.092332090635731,0.00430978038721208,-0.41178263102330687,-1.4871995445794928,0.9579204293758818,0.0231822656723578,0.025829409694903955,0.01672464215264582,0.02777940069140365,-0.3509639739893442,0.011582674789910397,-0.021938371328676785,-0.3954028290960196,-0.02411197950854188,-2.0975999830048186,0.00448848966487036,-0.4079911564660907,-1.2356189994016316,-0.67535137143884,0.0321750830560727,0.02535190199593356,0.02017798536052035,0.028796934675295063,-0.32937044879725647,-0.014096349229928869,-0.023625831982512214,-0.3951744874659514,0.023651152425026974,-0.02392153909039373,-0.05698396332479748,0.07591582205965317,-0.024151243194028525,-0.05689592732712474,-0.07593353061435816,6.582754942156414e-05,-4.1278077375732707e-05,1.355099223186244e-05,-0.00010492864317437586,-2.8398760083324756e-07,9.357567618874353e-07,7.700598365735088e-05,0.0001681274543663268,2.3294900645076897e-05,-2.5393325848996354e-06,2.9743008733463778e-06,3.9869316302256466e-07,7.740349930907978e-06,9.340822435229922e-07,-3.994863067974064e-07,-4.658603652510578e-07,-9.275307695963001e-08,-0.000530106350788381,-1.08297558738811e-06,1.4834059450129993e-05,0.0010391205624973071,-0.002063793203892062,2.73648065810342e-06,3.187765116919059e-06,-0.00011420116604286815,3.4921206111784304e-05,8.298750544114966e-05,-7.484099047728547e-06,-6.1898941560334775e-06,-2.613951010892412e-06,5.994242863558187e-07,0.003965475627543023,-0.0021084151595712913,-0.0001992263097298203,0.0024287788529689805,0.007913016092679076,0.0021291554515234347,0.645940003968721,-5.498779109822152e-05,0.2713043627727223,nan,nan,nan,nan,nan,nan
667,3.339999999999951,Standing,0.8885556466908474,0.44645860441176527,1.5715470419796744,-2.0923325422716355,0.004309785677909713,-0.4117826164049676,-1.4871986350061335,0.9579226940270896,0.02318235963228484,0.025829400572206195,0.016724662219053613,0.02777940221996883,-0.35096389685732304,0.011582683957427835,-0.02193837549444296,-0.3954028329836219,-0.024111980421752277,-2.097598712972561,0.004488478316838891,-0.4079911274572838,-1.235618942559206,-0.6753585888218199,0.03217508587147984,0.025351903797440893,0.020177195936187598,0.028797163214302774,-0.3293704175189209,-0.014096336456300578,-0.023625828191204946,-0.3951744954480411,0.02365115633850235,-0.023902956905617376,-0.05698134926076032,0.07591237448415157,-0.02413401599318207,-0.056925248614508046,-0.07593720773735714,9.750280341976541e-07,-2.0775825897160262e-07,-1.3150916324576514e-05,-9.03271808963166e-05,1.0581395265270505e-06,2.923667849572796e-06,0.0001819146718393329,0.00045293024154672223,1.87919854081813e-05,-1.8245395523039662e-06,4.013281558256704e-06,3.0571303609140344e-07,1.5426404227622774e-05,1.8335034875214237e-06,-8.331532345792222e-07,-7.775204616236134e-07,-1.8264207889550715e-07,0.00025400645148390916,-2.269606293823278e-06,5.801761384612519e-06,1.1368485115080583e-05,-0.0014434765959637805,5.630814267114716e-07,3.6030146620023074e-07,-0.0001578848665498921,4.570780154207246e-05,6.255667122967125e-06,2.5547256580868674e-06,7.582614538928446e-07,-1.596417943827815e-06,7.826950751418998e-07,0.0037164369552706513,0.0005228128074320432,-0.000689515100318706,0.0034454401692907994,-0.00586425747666044,-0.0007354245997962376,0.6459401974345094,-5.498803006988775e-05,0.2713041911867109,nan,nan,nan,nan,nan,nan
668,3.344999999999951,Standing,0.8885553350755467,0.44645881240377694,1.5715469150115409,-2.092330957680642,0.004309780997789137,-0.41178264107947554,-1.4872002502547335,0.9579233455439573,0.02318243689830862,0.025829387212941146,0.016724661288989143,0.027779403020254424,-0.3509640150777494,0.011582669986956617,-0.02193836581185265,-0.3954028275284441,-0.024111979020832838,-2.097596586322777,0.004488469841381332,-0.40799110301784935,-1.235619515762532,-0.6753621838515604,0.03217509179887469,0.025351900686895672,0.020176446396595778,0.028797378526189688,-0.3293704472263438,-0.014096316763978142,-0.023625819017710038,-0.39517450663500403,0.023651161954248046,-0.023888595276932125,-0.05699097632786266,0.07591208973467535,-0.02410871744341773,-0.05696417701493304,-0.07594170108722732,-6.232306014486438e-05,4.1598402334533504e-05,-2.5393626717545995e-05,0.0003169181986771615,-9.360241151827047e-07,-4.934901582843403e-06,-0.0003230497199769452,0.00013030337353099977,1.5453204755822085e-05,-2.6718530094912913e-06,-1.8601289381431934e-07,1.600571186212847e-07,-2.3644085264120633e-05,-2.794094243623458e-06,1.9365180616636514e-06,1.0910355565868408e-06,2.8018388779797966e-07,0.00042532995685764065,-1.6950915117298477e-06,4.887886889179623e-06,-0.00011464066523703069,-0.0007190059481102875,1.185478971017155e-06,-6.221090444066905e-07,-0.00014990791836426198,4.3062377382637125e-05,-5.941484583227372e-06,3.93846448724298e-06,1.8346989815693317e-06,-2.237392581638225e-06,1.1231491392192188e-06,0.0028723257370497956,-0.0019254134204690072,-5.6949895243452544e-05,0.005059709952867634,-0.007785680084999034,-0.0008986699740372107,0.6459402195862158,-5.4987822924146226e-05,0.27130416673688884,nan,nan,nan,nan,nan,nan
669,3.349999999999951,Standing,0.8885556424871545,0.4464586084205222,1.5715470038235675,-2.0923334887126686,0.004309793314489451,-0.41178259201472744,-1.4871968530129522,0.95792701753936,0.023182535348857662,0.02582938327976866,0.01672469654775935,0.027779405411740933,-0.3509637537471123,0.011582700987629698,-0.02193838480207117,-0.3954028400052201,-0.024111982117715165,-2.09759772730878,0.004488461305834231,-0.40799102894469635,-1.235617533077792,-0.6753494235996138,0.03217514091719052,0.02535188864908723,0.020175996849206707,0.02879751044642601,-0.329370298438156,-0.014096323186888684,-0.023625825285646093,-0.395174525360964,0.023651168824842767,-0.02387381759530535,-0.05697543454645638,0.07590656409727307,-0.024074531610384718,-0.05696439356026069,-0.07593625574630772,6.148232153876991e-05,-4.07966509508354e-05,1.776240532342034e-05,-0.0005062064053215508,2.463340062911545e-06,9.812949616174176e-06,0.0006794483562458352,0.0007343990805393847,1.9690109808271033e-05,-7.866344971071377e-07,7.051754041090278e-06,4.782973018853631e-07,5.2266127411066e-05,6.200134616129916e-06,-3.7980437045628187e-06,-2.4953552046089925e-06,-6.193764653316599e-07,-0.00022819720063658978,-1.7071094200567506e-06,1.4814630603420489e-05,0.00039653694798329165,0.002552050389331,9.823663166422707e-06,-2.4075616880804474e-06,-8.990947781413678e-05,2.638404726450658e-05,2.9757637558314048e-05,-1.284582108258768e-06,-1.253587210951528e-06,-3.74519198883732e-06,1.3741189445560352e-06,0.0029555363253554938,0.003108356281256786,-0.001105127480454725,0.006837166606602476,-4.33090655292262e-05,0.0010890681839207132,0.6459400416443478,-5.4987712498246235e-05,0.27130429081650637,nan,nan,nan,nan,nan,nan
670,3.3549999999999507,Standing,0.8885550126818704,0.4464590224509358,1.5715468192918118,-2.092326694159462,0.004309756975213293,-0.4117827320369359,-1.487205926750629,0.9579214275876542,0.02318257052237346,0.025829356913852203,0.016724631021180606,0.027779404303126854,-0.3509644465907711,0.011582618966085624,-0.021938334365806816,-0.3954028071905476,-0.024111973911583203,-2.0975976885603216,0.004488468426027688,-0.4079909748176152,-1.235614988756563,-0.6753390774835208,0.032175178015276404,0.025351885573885024,0.020175868965468472,0.028797554070323025,-0.3293700933858674,-0.014096342791834058,-0.023625840546374594,-0.39517452711585155,0.02365116506232624,-0.023876160544521928,-0.05703461590423347,0.07591912301436901,-0.02403785960889823,-0.056948681888008806,-0.07592691463658863,-0.00012596105681114775,8.280608272490174e-05,-3.6906351126197754e-05,0.001358910641388287,-7.267855231693294e-06,-2.8004441687933303e-05,-0.0018147475353419722,-0.0011179903411699848,7.03470315950944e-06,-5.273183291731885e-06,-1.3105315748903287e-05,-2.2172281591332005e-07,-0.0001385687317545259,-1.6404308814789083e-05,1.0087252871291621e-05,6.5629344935878374e-06,1.6412263920235404e-06,7.749691643612808e-06,1.4240386913497936e-06,1.0825416225834088e-05,0.000508864245796665,0.0020692232185833288,7.419617176135981e-06,-6.15040441270401e-07,-2.5576747646992724e-05,8.72477940321509e-06,4.1010457715655554e-05,-3.9209890748866065e-06,-3.052145700328902e-06,-3.509775169950853e-07,-7.525033057335452e-07,-0.0004685898433156952,-0.011836271555418373,0.0025117834191884314,0.00733440029729821,0.003142334450376458,0.0018682219438193855,0.6459402140336948,-5.498767642094424e-05,0.27130412092344247,nan,nan,nan,nan,nan,nan
671,3.3599999999999506,Standing,0.8885577018830119,0.44645724935060727,1.571547565049278,-2.0923504596412745,0.004309877971193024,-0.41178225950996183,-1.487174732783757,0.9579447872093894,0.023182851831724405,0.025829397877054266,0.016724887376448852,0.027779414722759566,-0.35096205347904313,0.011582902355929164,-0.021938507420825724,-0.3954029201136363,-0.02411200225007998,-2.097602838953393,0.004488441136596994,-0.407990939876437,-1.2356125605226265,-0.6753292498217893,0.032175209861091646,0.025351885338093988,0.020176044777195496,0.028797512173276172,-0.32936988914638143,-0.01409636878326487,-0.02362586294928379,-0.3951745208878427,0.02365115613560472,-0.0239113715146845,-0.05683732575890334,0.07588402682756595,-0.02400660174296829,-0.056958245297603426,-0.07592400211853395,0.0005378402282964368,-0.00035462006571643397,0.00014915149325279233,-0.004753096362555556,2.4199195946164516e-05,9.450539480979891e-05,0.00623879337439249,0.004671924347033477,5.626187018879084e-05,8.19264041282768e-06,5.127105364904671e-05,2.08392654248812e-06,0.0004786223455920887,5.667796870795267e-05,-3.461100378195422e-05,-2.258461773887071e-05,-5.667699355487553e-06,-0.0010300786142762204,-5.45788613861154e-06,6.988235641128559e-06,0.00048564678731977096,0.0019655323463043106,6.3691630486561496e-06,-4.7158207272324336e-08,3.51623454045193e-05,-8.379409370597193e-06,4.084789719984904e-05,-5.1982861624334465e-06,-4.480581839394444e-06,1.2456017667184197e-06,-1.785344303525737e-06,-0.007042194032514351,0.0394580290660263,-0.007019237360611522,0.0062515731859876245,-0.0019126819189244173,0.0005825036109341204,0.6459398525325808,-5.498835011126834e-05,0.27130438044788346,nan,nan,nan,nan,nan,nan
672,3.3649999999999505,Standing,0.8885550545912718,0.4464589659165764,1.5715465948719627,-2.092324081321142,0.0043097400332002146,-0.4117827701233143,-1.4872095630575173,0.957919424415693,0.023182944151530435,0.02582930807075823,0.016724663996788323,0.027779410701478265,-0.35096464944803224,0.011582594698966065,-0.021938307590944582,-0.39540279646459936,-0.024111971473119796,-2.097596684713199,0.004488479050645163,-0.40799099417887436,-1.2356158108222823,-0.6753236890230945,0.032175192549401994,0.025351883150655743,0.020176415428732542,0.028797404930019248,-0.3293701194735942,-0.014096347856976542,-0.02362584683489353,-0.39517448836726504,0.023651139511891354,-0.024096613474860237,-0.05701412279845605,0.07594961897110984,-0.023979195181771364,-0.0569762891400772,-0.07592356635033458,-0.0005294583480175879,0.00034331319382969723,-0.00019403546307682516,0.005275664026568446,-2.7587598561774146e-05,-0.00010212267050116309,-0.006966054752050577,-0.005072558739279324,1.8463961205971855e-05,-1.7961259206763234e-05,-4.4675932105757794e-05,-8.042562604494465e-07,-0.0005191937978197096,-6.153139261949887e-05,3.996597622859137e-05,2.4729807390453695e-05,6.155392037306945e-06,0.0012308480388881766,7.582809633737289e-06,-1.0860487470940584e-05,-0.0006500599311638194,0.0011121597389585143,-3.462337929754558e-06,-4.374876486747199e-07,7.413030740897792e-05,-2.144865138505601e-05,-4.6065442554736984e-05,4.185257665473626e-06,3.2228780529518597e-06,6.504115530609297e-06,-3.3247426733428025e-06,-0.037048392035147044,-0.03535940791054347,0.013118428708776907,0.0054813122393853,-0.0036087684947543794,8.715363987447998e-05,0.6459414291687234,-5.4987178879178634e-05,0.2713030984926575,nan,nan,nan,nan,nan,nan
673,3.3699999999999504,Standing,0.8885542428945858,0.44645950956239067,1.5715465547822915,-2.0923193937773523,0.004309724138372409,-0.41178287964406396,-1.4872152976177546,0.9579182833937423,0.023182627257058934,0.025829326552984457,0.016724588054233,0.02777940538528255,-0.35096517151913353,0.011582533085336208,-0.021938282090181473,-0.3954027714699417,-0.024111965308848158,-2.097595851376844,0.004488487393055926,-0.4079910108515844,-1.2356147905676083,-0.6753237119206887,0.032175188142332875,0.025351890522191518,0.02017690929406003,0.028797269590915546,-0.3293700371134549,-0.014096367051941316,-0.023625858839446748,-0.3951744780808938,0.023651130960937405,-0.024180555967580678,-0.057029008026963056,0.07596589997805556,-0.02395170303496578,-0.05697074330850022,-0.0759179243482326,-0.00016233933720246848,0.000108729162855204,-8.017934219170828e-06,0.0009375087578844254,-3.1789655611881018e-06,-2.1904149926583747e-05,-0.001146912047452279,-0.00022820439014835988,-6.337889429977473e-05,3.696445244785038e-06,-1.5188511064682298e-05,-1.0632391429139555e-06,-0.00010441422025643786,-1.2322725971635653e-05,5.100152622031714e-06,4.998931531337082e-06,1.2328543276843108e-06,0.00016666727097753827,1.6684821525988343e-06,-3.3345420085074514e-06,0.0002040509348121372,-4.579518842483948e-06,-8.814138237791356e-07,1.47430715497038e-06,9.877306549750057e-05,-2.7067820740539723e-05,1.6472027857965813e-05,-3.838992954810945e-06,-2.4009106436101923e-06,2.057274245929269e-06,-1.710190789353343e-06,-0.016788498544087864,-0.002977045701400255,0.003256201389144023,0.005498429361116735,0.0011091663153958297,0.0011284004203962169,0.6459400224870147,-5.4989290844561134e-05,0.27130427490737147,nan,nan,nan,nan,nan,nan
674,3.3749999999999503,Standing,0.8885549154763249,0.4464590786056255,1.5715469546176577,-2.092328308373271,0.004309774535987198,-0.41178271473884753,-1.4872032305538212,0.9579297108173883,0.02318262824245467,0.025829349405751,0.016724636239121824,0.027779405538010726,-0.35096430578770516,0.011582635748003585,-0.02193835379479436,-0.39540281256600435,-0.02411197557988035,-2.097597370294539,0.004488478456546015,-0.4079910267639355,-1.235613818098929,-0.675325869753566,0.03217518650122394,0.025351896628527822,0.020177482716777332,0.028797111064495576,-0.3293699560131797,-0.01409638822245403,-0.023625868798339326,-0.3951744767125253,0.023651127712560248,-0.024204933166380345,-0.05694204162562504,0.07595182182499305,-0.02392881531415497,-0.05697600669644682,-0.07591541815056828,0.00013451634782410285,-8.619135303747735e-05,7.996707322358032e-05,-0.0017829191837848068,1.0079522957700732e-05,3.298104327982928e-05,0.0024134127866999064,0.0022854847292022437,1.9707914714512135e-07,4.570553308619252e-06,9.636977765106802e-06,3.054563574136581e-08,0.00017314628567413642,2.053253347551697e-05,-1.4340922576917478e-05,-8.219212530990339e-06,-2.054206438223623e-06,-0.00030378353904251154,-1.7873019820272364e-06,-3.1824702224806245e-06,0.00019449373586548818,-0.00043156657545128627,-3.28221787608235e-07,1.2212672607006105e-06,0.00011468454346039272,-3.1705283993931e-05,1.6220055048360934e-05,-4.234102542781873e-06,-1.9917785157619123e-06,2.736736896401015e-07,-6.496754313912265e-07,-0.004875439759933648,0.017393280267603676,-0.0028156306125029047,0.004577544162162576,-0.0010526775893197169,0.0005012395328642613,0.6459394399108916,-5.498999192323428e-05,0.27130466375193213,nan,nan,nan,nan,nan,nan
675,3.37999999999995,Standing,0.8885555581888176,0.446458663236152,1.5715471683016027,-2.0923343612955203,0.004309805054848382,-0.41178257188996004,-1.4871946552510416,0.957936901391679,0.023182494592123754,0.02582938953944953,0.01672468769185018,0.027779408991776167,-0.35096363426067645,0.011582715260788325,-0.021938400385161604,-0.3954028448423438,-0.02411198353536633,-2.0975984593938355,0.004488471631013951,-0.4079910347411786,-1.2356131792920917,-0.6753305823789999,0.032175184102977664,0.025351901814487158,0.020177789904194325,0.028797028401968756,-0.32936989810758666,-0.014096401416723867,-0.02362587237148964,-0.3951744816866239,0.02365112864622039,-0.024195358925431905,-0.05689233256975335,0.07594007501909282,-0.023909353108159153,-0.05698443510620864,-0.07591413399451467,0.0001285424985318465,-8.307389470002676e-05,4.273678900096571e-05,-0.0012105844498577108,6.103772236788714e-06,2.856977749982546e-05,0.0017150605559488005,0.0014381148581385015,-2.6730066183702222e-05,8.026739706534702e-06,1.0290545671439947e-05,6.907530881193511e-07,0.00013430540573970267,1.5902556948094182e-05,-9.318073449292863e-06,-6.45526789120042e-06,-1.591097196145693e-06,-0.00021781985927814518,-1.3651064128683238e-06,-1.595448621653491e-06,0.00012776136744207644,-0.0009425250867858702,-4.796492544858243e-07,1.0371918671981568e-06,6.143748339873748e-05,-1.653250536428583e-05,1.1581118603500918e-05,-2.638853967279151e-06,-7.146300629358546e-07,-9.948197209981965e-07,1.8673202878950107e-07,0.0019148481896876868,0.009941811174337133,-0.0023493611800463414,0.0038924411991631486,-0.001685681952364015,0.00025683121072179907,0.6459397293355467,-5.49896041079116e-05,0.2713043679564993,nan,nan,nan,nan,nan,nan
676,3.38499999999995,Standing,0.8885555463774457,0.446458671882951,1.5715471006366402,-2.092332641971649,0.004309794196372522,-0.4117825766430168,-1.4871963068076675,0.9579358822986918,0.02318225191273187,0.025829421567244014,0.016724684099732566,0.027779411210796735,-0.35096372361050615,0.011582704639448382,-0.021938388458092175,-0.39540284109722457,-0.024111982473310596,-2.0975989237100605,0.004488473501198876,-0.4079910237822952,-1.2356119569476658,-0.6753351429409024,0.03217519199932897,0.02535190507045341,0.020177983879043026,0.02879697903355254,-0.3293697968069058,-0.014096417435583436,-0.023625874659969206,-0.3951744957631471,0.02365113424871806,-0.02417652907736013,-0.05691568902235536,0.07594192448625073,-0.023890579329378037,-0.056977102895077715,-0.0759095195803288,-2.3622743842334894e-06,1.7293597954579228e-06,-1.3532992486891227e-05,0.0003438647742154781,-2.171695171942122e-06,-9.506113608620944e-07,-0.0003303113251828852,-0.0002038185974412468,-4.8535878377039746e-05,6.4055588964553786e-06,-7.184235227330606e-07,4.4380411393616176e-07,-1.7869965945827097e-05,-2.1242679886691675e-06,2.3854138857172535e-06,7.490238466567718e-07,2.124111466699885e-07,-9.286324504170857e-05,3.740369849107032e-07,2.191776679145594e-06,0.0002444688851783031,-0.0009121123804994346,1.5792702613563496e-06,6.511932506967702e-07,3.8794969740074274e-05,-9.873683243206983e-06,2.0260136172123374e-05,-3.203771913647827e-06,-4.5769591334086165e-07,-2.815304639638521e-06,1.120499534021451e-06,0.0037659696143549828,-0.0046712905204019505,0.0003698934315814603,0.0037547557562230883,0.001466442226185017,0.0009228828371747598,0.6459400952878231,-5.498924558050752e-05,0.2713040620814239,nan,nan,nan,nan,nan,nan
677,3.38999999999995,Standing,0.888554852233011,0.44645912479752065,1.5715468757307458,-2.0923273993419373,0.004309772401607026,-0.411782653139933,-1.4872020772491774,0.9579331784106022,0.02318195057411839,0.025829448018735712,0.01672464769702899,0.027779410351340714,-0.3509641545533554,0.011582653596828486,-0.02193835520139127,-0.39540282087516104,-0.024111977367293855,-2.0975963588041058,0.004488476944005275,-0.40799105106981287,-1.2356139877335093,-0.6753406629419173,0.032175179081821784,0.025351903605242837,0.020177984074019304,0.028796978672205174,-0.329369945925826,-0.014096400335280566,-0.02362585734875791,-0.39517450164669937,0.023651138754110176,-0.0241496110522508,-0.05695988892512156,0.07594679194009954,-0.023880339279688172,-0.057003675846633996,-0.07591369341829973,-0.0001388288869421309,9.058291392642043e-05,-4.4981178869927e-05,0.001048525942322811,-4.358953099218851e-06,-1.5299383243184438e-05,-0.0011540883019752549,-0.0005407776179028707,-6.026772269573349e-05,5.290298339598276e-06,-7.280540715219457e-06,-1.7189120435604274e-07,-8.61885698506415e-05,-1.0208523979328808e-05,6.6513401806418865e-06,4.04441270204468e-06,1.0212033480343785e-06,0.0005129811909386361,6.885612798232577e-07,-5.457503532747625e-06,-0.0004061571686753151,-0.0011040002029841247,-2.5835014378675857e-06,-2.9304211489172143e-07,3.8995255690925845e-08,-7.226947303945886e-08,-2.982378403708893e-05,3.4200605740522657e-06,3.46224225853447e-06,-1.1767104535113237e-06,9.010784230430976e-07,0.0053836050218663695,-0.008839980553241282,0.0009734907697614861,0.002048009937972688,-0.0053145903112561035,-0.0008347675941889372,0.6459401196830235,-5.498942612647628e-05,0.2713040476192825,nan,nan,nan,nan,nan,nan
678,3.39499999999995,Standing,0.8885553606499426,0.4464588057236825,1.5715470606410165,-2.0923290384117723,0.004309777288904087,-0.4117826207225731,-1.4871998819512526,0.9579350570113142,0.023181744859474,0.02582947986281631,0.016724663882774226,0.02777941112254261,-0.35096399704306364,0.011582672337518352,-0.021938369083885217,-0.39540282851819236,-0.024111979240981022,-2.09760120067676,0.004488472460616666,-0.407990940989904,-1.2356066856727617,-0.675341425318017,0.032175239079563954,0.02535190895109421,0.020177991738187285,0.028796993290875587,-0.32936938560245904,-0.014096466198151875,-0.02362589213977839,-0.39517454381460726,0.023651153606903872,-0.024113683006102168,-0.056970241536270755,0.07594326133371185,-0.02386712819346189,-0.056930268280036306,-0.07589550600545168,0.00010168338631477678,-6.381476762050816e-05,3.698205413145525e-05,-0.00032781396695837745,9.774594122136142e-07,6.483471977786303e-06,0.00043905958496924524,0.00037572014239882327,-4.1142928878393114e-05,6.3688161196241265e-06,3.2371490473984465e-06,1.5424037852955852e-07,3.1502058354823805e-05,3.748137973221107e-06,-2.776498789206302e-06,-1.528606259270533e-06,-3.747374335942467e-07,-0.0009683745309127706,-8.966777218017849e-07,2.2015981773364454e-05,0.0014604121495171989,-0.00015247521994838807,1.1999548434505773e-05,1.0691702743476291e-06,1.5328335964329758e-06,2.9237340823658228e-06,0.00011206467339526826,-1.3172574261907038e-05,-6.958204095302455e-06,-8.433581573056327e-06,2.9705587391281166e-06,0.0071856092297259535,-0.0020705222298386594,-0.0007061212775379389,0.0026422172452565847,0.014681513319537471,0.0036374825696111573,0.6459397175427558,-5.498950907557725e-05,0.27130436135456343,nan,nan,nan,nan,nan,nan
679,3.3999999999999497,Standing,0.8885538412416247,0.44645976391320275,1.5715466472063817,-2.0923261180938937,0.0043097864353938125,-0.41178262934438836,-1.4872008462335198,0.9579395725551823,0.023181661436926765,0.0258294867670326,0.016724661472633868,0.027779408897269965,-0.3509640709717899,0.01158266338091426,-0.021938361198392545,-0.39540282404480204,-0.024111978344937186,-2.097587957120928,0.004488472348640543,-0.40799119325902783,-1.2356257518392189,-0.6753406905380409,0.0321751226423952,0.025351881175669257,0.020177929814206384,0.028796976088260522,-0.32937084435620545,-0.014096294688070438,-0.023625782370761853,-0.395174484044097,0.023651139634631852,-0.024074222708918912,-0.056953543881612764,0.07593360682278553,-0.02397156713924213,-0.05711650572698707,-0.07595301968046185,-0.00030388166356934236,0.00019163790404122955,-8.268692693026425e-05,0.00058406357571152,1.8292979450667098e-06,-1.7243630489105356e-06,-0.00019285645344579506,0.0009031087736153057,-1.6684509446864182e-05,1.3808432578760092e-06,-4.820280716236531e-07,-4.450545288341086e-07,-1.4785745248899723e-05,-1.7913208182859482e-06,1.5770985345017422e-06,8.946780614313274e-07,1.792087675476311e-07,0.0026487111663871,-2.2395224625841544e-08,-5.045382476242155e-05,-0.003813233291445221,0.0001469559952142469,-2.3287433751442562e-05,-5.555084990496707e-06,-1.2384796180025463e-05,-3.4405230130633816e-06,-0.00029175074927743645,3.430201628760042e-05,2.1953803307070255e-05,1.1954102053818749e-05,-2.794454404207975e-06,0.007892059436651111,0.003339530931598756,-0.0019309021852627877,-0.02088778915604831,-0.03724748939015406,-0.011502735002033687,0.6459399725798447,-5.4989875045350325e-05,0.27130411380496866,nan,nan,nan,nan,nan,nan
680,3.4049999999999496,Standing,0.8885550954478219,0.4464589611490705,1.5715471461091612,-2.092331143248093,0.004309795882970274,-0.41178254636976896,-1.4871951068768208,0.9579425161064699,0.023181668332323952,0.0258295018936036,0.016724710189112868,0.027779412533404376,-0.3509636278652119,0.011582715920062391,-0.02193839514630004,-0.3954028448660002,-0.02411198359874777,-2.097599085284124,0.004488472706797643,-0.4079909916898227,-1.2356112222273345,-0.6753329606217441,0.03217521621198032,0.02535189400318076,0.020177954540045482,0.028796992632469227,-0.329369782857749,-0.01409641977887672,-0.023625864463045352,-0.3951745403086244,0.023651158182581216,-0.024038039461546645,-0.05695223326675839,0.07592764339758677,-0.024091029143170833,-0.0569204380849509,-0.07592927899463224,0.0002508412394253164,-0.00016055282644875644,9.978055592741493e-05,-0.0010050308398657465,1.8895152923724786e-06,1.6594923876919294e-05,0.001147871339784107,0.000588710257512949,1.3790794375218967e-06,3.0253142000703947e-06,9.743295799904429e-06,7.272268819697311e-07,8.862131559891773e-05,1.0507829626183716e-05,-6.789581498946541e-06,-4.164239630756877e-06,-1.0507621168508336e-06,-0.0022256326391237183,7.163142008108224e-08,4.031384101800084e-05,0.0029059223768778514,0.0015459832593621094,1.8713917023894945e-05,2.5655023007050064e-06,4.945167819439192e-06,3.308841740828214e-06,0.0002122996912949683,-2.5018161256466713e-05,-1.6418456699994362e-05,-1.1252905488637887e-05,3.7095898729976326e-06,0.007236649474453776,0.00026212297087512253,-0.0011926850397527416,-0.02389240078574006,0.03921352840723505,0.00474813716592142,0.6459390868334723,-5.498811338827519e-05,0.27130483421975843,nan,nan,nan,nan,nan,nan
681,3.4099999999999495,Standing,0.8885555142185022,0.44645867718031046,1.5715472020326244,-2.0923313677183684,0.0043097925224137275,-0.41178254480883747,-1.4871951977564708,0.9579424639306341,0.023181770670521403,0.025829490969970927,0.016724728065627397,0.027779414278093988,-0.35096361372138435,0.011582717599835961,-0.021938393383376366,-0.3954028457725397,-0.02411198376447113,-2.0976022649068686,0.004488473704635029,-0.40799094000948805,-1.2356067892133906,-0.6753357839637067,0.03217524680337728,0.02535190281640767,0.02017821327788737,0.028796930897366166,-0.3293694144580514,-0.014096468722465604,-0.023625891273536207,-0.39517454822236125,0.0236511574280564,-0.024007634279968524,-0.056971790888347126,0.07592688798812569,-0.024147665969132974,-0.056853656845021104,-0.0759237460136194,8.375413606520574e-05,-5.6793752010474274e-05,1.1184692636758542e-05,-4.4894055018914955e-05,-6.721113092980238e-07,3.1218629834615463e-07,-1.8175930002758446e-05,-1.0435167151607704e-05,2.046763949028417e-05,-2.1847265346783628e-06,3.5753029058544557e-06,3.489379220213906e-07,2.8287655119081564e-06,3.3595471387670555e-07,3.52584735249519e-07,-1.8130790302880912e-07,-3.314467161385356e-08,-0.0006359245488863365,1.995674771547843e-07,1.0336066933495812e-05,0.0008866027887875325,-0.0005646683925264327,6.118279391727894e-06,1.7626453817540449e-06,5.174756837751601e-05,-1.2347020612043926e-05,7.367993951497303e-05,-9.788717776616322e-06,-5.36209817113729e-06,-1.582747370406645e-06,-1.5090496358824237e-07,0.0060810363156244005,-0.003911524317747603,-0.00015108189221665794,-0.01132736519242823,0.013356247985959024,0.0011065962025694192,0.6459397284646036,-5.498849698145726e-05,0.2713042403996884,nan,nan,nan,nan,nan,nan
682,3.4149999999999494,Standing,0.8885551477239324,0.4464589000178667,1.5715470050680067,-2.092330179401775,0.004309794092770962,-0.41178255561685084,-1.4871960358031848,0.9579440507542103,0.023181868711771355,0.025829476966265762,0.016724741327390352,0.02777941446446023,-0.350963666701198,0.011582711314106662,-0.021938386980394107,-0.39540284341959536,-0.024111983132520543,-2.0975981434698108,0.004488468719536864,-0.40799099674372025,-1.235611731702653,-0.6753403465446013,0.032175217288985716,0.02535189917065091,0.020177828925358465,0.028797036752962968,-0.3293697632718685,-0.014096420246242298,-0.023625863657169104,-0.3951745290076495,0.023651149883119674,-0.023978565940325124,-0.0569764040631776,0.07592325576296126,-0.02418281053036952,-0.056912857774206425,-0.07594233582300382,-7.329891395213147e-05,4.456751125042438e-05,-3.939292355268452e-05,0.00023766331873341547,3.1407144705009434e-07,-2.1616026791929082e-06,-0.00016760934278750654,0.00031736471524349404,1.960824999022483e-05,-2.8007410329221164e-06,2.6523525908904412e-06,3.7273248095222536e-08,-1.0595962725329218e-05,-1.2571458599683251e-06,1.2805964516789655e-06,4.705888728585065e-07,1.263901172759402e-07,0.0008242874115282775,-9.970196330088012e-07,-1.1346846438898731e-05,-0.0009884978524739869,-0.0009125161789146185,-5.902878312349778e-06,-7.2915135198267e-07,-7.687050578096469e-05,2.1171119360626076e-05,-6.976276341960183e-05,9.695244661194807e-06,5.52327342047428e-06,3.842942350812902e-06,-1.5089873448206435e-06,0.005813667928680113,-0.0009226349660954591,-0.0007264450328858512,-0.007028912247309531,-0.011840185837064199,-0.0037179618768852065,0.6459400066914068,-5.498858564122453e-05,0.2713040144683821,nan,nan,nan,nan,nan,nan
683,3.4199999999999493,Standing,0.8885548161669244,0.4464591046246245,1.5715468998091195,-2.092329975073873,0.004309798583785072,-0.41178255096775873,-1.4871955748090555,0.9579466988577582,0.02318199177915831,0.02582946240847604,0.016724761216653342,0.02777941511683731,-0.3509636274033131,0.011582716014399448,-0.021938388879136905,-0.39540284556800936,-0.024111983599022977,-2.0975948553184733,0.004488464662384582,-0.4079910385783611,-1.2356158468940508,-0.6753409918639197,0.032175190989090746,0.025351892986487018,0.020177357738667415,0.0287971653790571,-0.3293700843579174,-0.01409637310491599,-0.023625840144959928,-0.395174518912779,0.023651147503130052,-0.0239517017535945,-0.05697100976025861,0.07591791418204091,-0.024183976665170404,-0.056970431284994995,-0.07595512383434694,-6.631140159702363e-05,4.09213515660816e-05,-2.1051777414631848e-05,4.086558031489302e-05,8.982028218301779e-07,9.298184201290653e-07,9.219882584838364e-05,0.0005296207095754633,2.4613477390843006e-05,-2.911557944539398e-06,3.977852597875187e-06,1.304754158270689e-07,7.85957697772244e-06,9.400585574768302e-07,-3.7974855978920877e-07,-4.296827958853753e-07,-9.330048682077555e-08,0.0006576302675069589,-8.114304563153584e-07,-8.366928169388107e-06,-0.0008230382795603372,-0.0001290638636939148,-5.259978993732813e-06,-1.2368327784436124e-06,-9.423733821002136e-05,2.5725218826351016e-05,-6.421720978058632e-05,9.428265261458906e-06,4.702441835325764e-06,2.018974101849674e-06,-4.759979245781981e-07,0.005372837346124098,0.001078860583798618,-0.001068316184069184,-0.00023322696017666691,-0.01151470215771334,-0.0025576022686246425,0.645939833905461,-5.498798465993383e-05,0.2713041656601653,nan,nan,nan,nan,nan,nan
684,3.424999999999949,Standing,0.8885547103435832,0.44645917377722655,1.5715469061628486,-2.0923290478372802,0.00430979211022078,-0.41178257339582314,-1.487196738105264,0.9579470764508705,0.023182117750737752,0.0258294438269851,0.016724764403101028,0.02777941603214486,-0.3509637141429913,0.01158270583255911,-0.021938382739003174,-0.39540284182982854,-0.02411198257725622,-2.0975954209157557,0.004488464041246202,-0.40799100555075735,-1.235614022287258,-0.6753418230480969,0.03217519773986366,0.025351895401999374,0.02017699207229044,0.028797273570714266,-0.32936995994732304,-0.014096380110514737,-0.023625850506483623,-0.39517452853950435,0.023651151124577312,-0.023930646209982427,-0.05698352932838191,0.0759171828076995,-0.024159170750315297,-0.05696504625433843,-0.07594996230734276,-2.1164668235862812e-05,1.383052040951301e-05,1.2707458112999011e-06,0.00018544731856742468,-1.2947128582639595e-06,-4.485612881686147e-06,-0.00023265924168291622,7.551862245899863e-05,2.5194315888065976e-05,-3.7162981878324104e-06,6.372895371501966e-07,1.8306151036088053e-07,-1.7347935642035483e-05,-2.0363680677457973e-06,1.2280267464789156e-06,7.476361639022203e-07,2.043533513970508e-07,-0.000113119456471522,-1.2422767604561594e-07,6.605520755134161e-06,0.00036492135857365323,-0.00016623683543209392,1.3501545821700791e-06,4.831024710008308e-07,-7.313327539559842e-05,2.1638331432834758e-05,2.488211887149557e-05,-1.4011197492665032e-06,-2.0723047391686307e-06,-1.925345074014234e-06,7.242894521617524e-07,0.0042111087224149125,-0.002503913624660726,-0.00014627486828104846,0.0049611829710214375,0.0010770061313127351,0.001032305400837076,0.6459396362669061,-5.498750014334877e-05,0.271304314599367,nan,nan,nan,nan,nan,nan
685,3.429999999999949,Standing,0.8885551125216887,0.44645891036029817,1.5715470447458268,-2.092331060867885,0.004309798321259929,-0.4117825444176488,-1.487194474790633,0.957949346515274,0.023182261140211706,0.025829431206747827,0.01672479045134742,0.027779417988597947,-0.35096354126979057,0.011582726390984411,-0.02193839596648828,-0.39540285028143496,-0.0241119846302132,-2.0975982604781485,0.00448846000084012,-0.40799093717654794,-1.235609601879163,-0.6753417969591072,0.0321752299125032,0.02535189987237234,0.020176843841729075,0.028797325413718815,-0.32936962077487125,-0.014096416335362637,-0.02362587515887747,-0.39517454628939724,0.023651156339187105,-0.02391064133640144,-0.05697965818853102,0.07591322581741877,-0.02412186537641839,-0.05693331141512048,-0.07593703218399317,8.043562109836942e-05,-5.268338567263572e-05,2.771659565423576e-05,-0.0004026061210093289,1.2422078298311922e-06,5.7956348696690275e-06,0.00045266292622690203,0.00045401288068757777,2.8677894791054517e-05,-2.5240474541076916e-06,5.2096492789535764e-06,3.91290617041778e-07,3.4574640151467735e-05,4.111685060265838e-06,-2.6454970211631216e-06,-1.6903212865508879e-06,-4.105913963097116e-07,-0.0005679124785233068,-8.080812162738547e-07,1.3674841876223633e-05,0.0008840816190195802,5.217797919619742e-06,6.434527907206348e-06,8.940745934442532e-07,-2.9646112272795926e-05,1.0368600909841991e-05,6.783449035461432e-05,-7.24496958020517e-06,-4.930478769640514e-06,-3.549978580471691e-06,1.042921958860872e-06,0.004000974716197378,0.0007742279701774351,-0.0007913980561477355,0.007461074779381828,0.006346967843590637,0.002586024669918683,0.6459395457292092,-5.498763446191034e-05,0.2713043564686507,nan,nan,nan,nan,nan,nan
686,3.434999999999949,Standing,0.8885551689546595,0.44645886453441386,1.5715470306635693,-2.0923306658688494,0.004309795042573151,-0.4117825582394483,-1.4871952520651146,0.9579496473076082,0.023182409062028373,0.025829410907902327,0.016724794438977245,0.02777941919638198,-0.3509635945698369,0.011582720101663413,-0.021938391179589258,-0.39540284782788393,-0.02411198399808464,-2.097598776857589,0.004488458685972918,-0.4079909145828297,-1.235608242447389,-0.6753424540573976,0.032175247329286775,0.025351900627761735,0.02017689430863537,0.028797316425718252,-0.3293695000240183,-0.014096430847492212,-0.023625881989353902,-0.39517455186547296,0.023651156919763595,-0.02389522068309444,-0.05698973079480174,0.07591289058264153,-0.024084984183148243,-0.05693177378390835,-0.07593078746829474,1.128659414253873e-05,-9.165176857487745e-06,-2.8164515150693835e-06,7.899980712702343e-05,-6.557373557760992e-07,-2.76435990227793e-06,-0.00015545489633631747,6.015846685668947e-05,2.958436333332284e-05,-4.059769100266693e-06,7.975259646986787e-07,2.415568065539527e-07,-1.066000926005489e-05,-1.2578641994746456e-06,9.573798042634124e-07,4.907102055520214e-07,1.2642571257299054e-07,-0.00010327588815087213,-2.6297344038042925e-07,4.518743647096023e-06,0.00027188635477424106,-0.0001314196580683542,3.48335671515969e-06,1.510778783892318e-07,1.0093381259217129e-05,-1.7976001126356999e-06,2.415017059087002e-05,-2.9024259149538516e-06,-1.3660952859593517e-06,-1.1152151418196883e-06,1.1611529812171435e-07,0.0030841306614004557,-0.0020145212541438345,-6.704695544961046e-05,0.0073762386540292615,0.0003075262424257026,0.001248943139685809,0.6459397612981707,-5.498784833402475e-05,0.2713041537495716,nan,nan,nan,nan,nan,nan
687,3.439999999999949,Standing,0.8885552899670243,0.44645876838879306,1.5715470366898268,-2.092332329240625,0.004309805228129013,-0.4117825263602012,-1.4871930404036062,0.9579525811808638,0.023182552064343984,0.02582939811148562,0.016724820479475124,0.02777942091646146,-0.35096342197374497,0.011582740542446493,-0.021938402896208353,-0.39540285591402374,-0.02411198603927747,-2.0975979767988053,0.004488456311156903,-0.4079909375443225,-1.2356098399660889,-0.6753418622231274,0.03217524661956146,0.025351896670852195,0.020177106300192222,0.02879725537861656,-0.3293696112901483,-0.014096421556477352,-0.02362587276506124,-0.3951745476027226,0.023651154608904542,-0.023879681119278722,-0.05697692415127945,0.07590776145170108,-0.02405277646476936,-0.05695914466716987,-0.07593161267672685,2.420247295164588e-05,-1.9229124157043216e-05,1.2052515140365226e-06,-0.00033267435511868715,2.0371111724369833e-06,6.375849423431404e-06,0.0004423323016725631,0.0005867746511209432,2.8600463121942103e-05,-2.5592833415065416e-06,5.208099575749837e-06,3.4401589662038543e-07,3.45192183877376e-05,4.088156616083895e-06,-2.34332381876959e-06,-1.6172279616533064e-06,-4.0823856568731746e-07,0.00016001175675573853,-4.749632029473131e-07,-4.5922985576024e-06,-0.000319503739967016,0.00011836685403372567,-1.4194506228265072e-07,-7.913819081370772e-07,4.239831137001749e-05,-1.2209420338754475e-05,-2.225322599537651e-05,1.8582029721677062e-06,1.844858532811889e-06,8.525500799288017e-07,-4.621718104314376e-07,0.0031079127631433606,0.0025613287044574393,-0.0010258261880896357,0.006441543675776686,-0.005474176652303943,-0.00016504168642209245,0.6459398103979331,-5.498800665344449e-05,0.27130410761083,nan,nan,nan,nan,nan,nan
688,3.4449999999999488,Standing,0.8885546390157195,0.44645918051966765,1.571546846371422,-2.092326677034072,0.004309776694833987,-0.4117826427415849,-1.4872005386475593,0.9579483621428722,0.023182626391189946,0.025829370181636273,0.01672476629064154,0.02777941988852132,-0.35096399517210886,0.011582672664058356,-0.021938360973113313,-0.3954028286458581,-0.02411197924797359,-2.097596453756643,0.004488465586289049,-0.4079909655792462,-1.2356112430201387,-0.6753410980942154,0.03217524140225928,0.025351893825665217,0.02017744600581734,0.028797157081045473,-0.32936972012143434,-0.014096415383462482,-0.02362586455742864,-0.39517454282305137,0.02365115233392181,-0.023876827120601338,-0.057022106110994064,0.0759167551665822,-0.02401985737311757,-0.05697122512186622,-0.07592897022704545,-0.00013019026095330668,8.242617491857786e-05,-3.806368095949869e-05,0.0011304413106385139,-5.706659005275928e-06,-2.327627673515418e-05,-0.0014996487906121622,-0.0008438075983178655,1.4865369192436257e-05,-5.585969869585651e-06,-1.0837766716772092e-05,-2.055880288461609e-07,-0.00011463967278066886,-1.3575677627604481e-05,8.384619007813633e-06,5.45363313326119e-06,1.3582607757088102e-06,0.00030460843240932443,1.8550264292419334e-06,-5.606984747021381e-06,-0.0002806108099769802,0.00015282578239851025,-1.043460435729331e-06,-5.690373956190499e-07,6.794112502404802e-05,-1.9659514217269757e-05,-2.1766257205391687e-05,1.2346029741307419e-06,1.6415265194316887e-06,9.559342420759756e-07,-4.549965467647166e-07,0.0005707997354770498,-0.009036391942922415,0.0017987429762227416,0.006583818330357692,-0.002416090939269076,0.0005284899362797278,0.645939898618031,-5.498782400380082e-05,0.27130403973961387,nan,nan,nan,nan,nan,nan
689,3.4499999999999487,Standing,0.8885568756988959,0.446457698942555,1.571547480242301,-2.092345698141578,0.004309870894438855,-0.41178227152009633,-1.4871759051531934,0.9579665203436087,0.023182884897015286,0.02582939780174365,0.016724967186108292,0.02777942839914009,-0.35096210691231833,0.011582896294559863,-0.021938498023206944,-0.3954029178230036,-0.0241120016104842,-2.097601660434614,0.004488446632704174,-0.4079909517328459,-1.2356091220334526,-0.6753406968849373,0.03217525671807002,0.02535189608987896,0.020177882254800404,0.028797037353353077,-0.3293695614413794,-0.014096442952550836,-0.023625880181645464,-0.39517455036238713,0.023651153441708553,-0.023887448444048155,-0.05687232704469568,0.07588712273637088,-0.023986967963614145,-0.05696202586336339,-0.07592167806890908,0.00044733663527031975,-0.00029631542252745265,0.00012677417582672237,-0.0038042215011738234,1.8839920973577085e-05,7.424429770828771e-05,0.004926698873163153,0.0036316401473240954,5.170116506757182e-05,5.524021475798861e-06,4.017909335057289e-05,1.7021237543130775e-06,0.00037765195811033457,4.47261003013829e-05,-2.7410018726379148e-05,-1.783542910259333e-05,-4.472502121459106e-06,-0.0010413355942329745,-3.790716975045144e-06,2.7692800652152454e-06,0.0004241973372157239,8.024185562954186e-05,3.063162147878728e-06,4.5284274887354094e-07,8.724979661266807e-05,-2.3945538479346787e-05,3.173601098659074e-05,-5.5138176707965426e-06,-3.1248433645179326e-06,-1.5078671491422642e-06,2.2155734893036643e-07,-0.0021242646893633137,0.029955813259676774,-0.0059264860422619395,0.006577881900685157,0.0018398517005661424,0.0014584316272746687,0.6459395282211379,-5.498821453099593e-05,0.27130433836593165,nan,nan,nan,nan,nan,nan
690,3.4549999999999486,Standing,0.8885538389262685,0.4464596701460284,1.5715464707135711,-2.0923165029613715,0.0043097196913825095,-0.4117828478400114,-1.4872145606359015,0.9579387195664458,0.02318288499037535,0.025829307345796707,0.016724691521403514,0.02777942123201038,-0.35096502382633,0.011582550662842778,-0.021938279130868245,-0.39540277885001335,-0.024111967038389907,-2.0975952934647473,0.004488487523570772,-0.4079910203236109,-1.2356132184166644,-0.6753424216724442,0.03217522809440046,0.02535189237201689,0.02017831105295193,0.02879690823969444,-0.32936987412908114,-0.014096415139658347,-0.023625853200951858,-0.39517453241455736,0.023651148090044847,-0.024060175709388645,-0.057072782966683736,0.07595630668706163,-0.02395982746846721,-0.05696988776751637,-0.07591905443713486,-0.0006073545254655751,0.0003942406946770244,-0.00020190574599144784,0.005839036041286466,-3.0240611269140274e-05,-0.0001152639830141896,-0.00773109654159795,-0.005560155432587175,1.8672012491429075e-08,-1.8091189388975277e-05,-5.513294095575576e-05,-1.4334259419745208e-06,-0.0005833828023320643,-6.912634341716758e-05,4.377846773986544e-05,2.7794598044511752e-05,6.914418858425686e-06,0.0012733939733558563,8.17817331959361e-06,-1.3718153003827669e-05,-0.0008192766423573883,-0.0003449575013824301,-5.724733911396485e-06,-7.435724140839185e-07,8.575963030457893e-05,-2.5822731727506472e-05,-6.253754034238805e-05,5.562578497935946e-06,5.3961387212018844e-06,3.589565958616826e-06,-1.0703327414877766e-06,-0.034545453068097934,-0.04009118439761175,0.01383679013815095,0.005428099029387389,-0.0015723808305954717,0.0005247263548440644,0.6459408324287141,-5.4987371622768454e-05,0.2713032986069854,nan,nan,nan,nan,nan,nan
691,3.4599999999999485,Standing,0.8885538056799697,0.4464596993411368,1.571546710293097,-2.092320459862177,0.00430975011284259,-0.41178278768424326,-1.4872088283948435,0.9579462976714103,0.023182619600035242,0.025829344976737837,0.016724683317866522,0.027779417276223215,-0.3509646851278754,0.011582590949433511,-0.02193831853587299,-0.395402794292212,-0.024111971069387585,-2.09759523829601,0.004488483420231267,-0.40799105598279145,-1.2356142827525152,-0.6753462854472073,0.03217520965855588,0.02535189400340194,0.020178598813688338,0.028796823288291716,-0.32936996923787987,-0.014096410800560769,-0.02362584968991219,-0.39517453048717843,0.02365114860074725,-0.024156547411064915,-0.05700811908910525,0.0759580096361767,-0.02393640481149946,-0.05698087162724015,-0.07591769210283443,-6.649259755095102e-06,5.839021675351505e-06,4.791590515367507e-05,-0.000791380161113635,6.084292016121392e-06,1.2031153629747779e-05,0.0011464482116129437,0.001515620992894139,-5.307806802168599e-05,7.526188226262693e-06,-1.6407073984638668e-06,-7.911574335119696e-07,6.773969092853274e-05,8.057318146868666e-06,-7.881000948744157e-06,-3.0884397239496164e-06,-8.061995358258458e-07,1.1033747383689795e-05,-8.20667901068713e-07,-7.131836113516363e-06,-0.00021286717016326992,-0.0007727549526274627,-3.6871689158047216e-06,3.2627700972261777e-07,5.755214728176398e-05,-1.6990280545126086e-05,-1.902175975013348e-05,8.678195156855463e-07,7.022079335705848e-07,3.8547578688775405e-07,1.021404808133127e-07,-0.01927434033525413,0.012932775515697915,0.00034058982301418857,0.004684531393549831,-0.00219677194475736,0.00027246686008418694,0.6459391589575256,-5.498969275061507e-05,0.271304696197452,nan,nan,nan,nan,nan,nan
692,3.4649999999999483,Standing,0.888555025738364,0.44645890089907064,1.5715471904641205,-2.092332473752336,0.004309811053981715,-0.41178255752402204,-1.4871930516734564,0.9579590820834836,0.02318275709951164,0.025829362744035748,0.016724768705003803,0.027779420154259663,-0.35096350223713274,0.011582731089773283,-0.021938408523017577,-0.39540285052620594,-0.024111985090138247,-2.0975983726177807,0.0044884708305894675,-0.40799105629947385,-1.2356133907254658,-0.6753482637251069,0.0321752104363114,0.025351895348032876,0.020178850037091304,0.028796751453277536,-0.32936991439727226,-0.014096423426362777,-0.023625856269663466,-0.3951745384741907,0.023651152899596215,-0.024187431610263887,-0.056900004500553776,0.0759402877835927,-0.023913827239393202,-0.05697426470096723,-0.07591262793365688,0.00024401167886013123,-0.00015968841322706637,9.603420471287208e-05,-0.002402778031765622,1.2188227825070694e-05,4.6032044240104685e-05,0.003155344277437444,0.002556882414670592,2.749989527945173e-05,3.553459582224563e-06,1.707742745646053e-05,5.75607289766696e-07,0.0002365781485264053,2.8028067954462675e-05,-1.799742891754339e-05,-1.124679879583017e-05,-2.804150131985441e-06,-0.0006268643541234541,-2.5179283598576684e-06,-6.333648577412373e-08,0.00017840540986750693,-0.0003956555799265674,1.5555110399661517e-07,2.6892618767054956e-07,5.02446805929538e-05,-1.4367002836078313e-05,1.0968121525469047e-05,-2.525160401666737e-06,-1.3159502551348945e-06,-1.5974024574892632e-06,8.597697927956584e-07,-0.006176839839794333,0.021622917710293652,-0.003544370516799328,0.0045155144212514495,0.0013213852545832317,0.0010128338355099278,0.6459389982437875,-5.498979424727133e-05,0.2713047602386747,nan,nan,nan,nan,nan,nan
693,3.4699999999999482,Standing,0.8885552952959633,0.4464587207949504,1.5715471899402889,-2.092334179773506,0.004309817994859844,-0.4117824934849089,-1.487190255926882,0.9579611974523956,0.023182623759396705,0.025829391611560323,0.016724792872555204,0.027779423413437383,-0.3509632462912108,0.01158276132864768,-0.021938420747154803,-0.39540286319442963,-0.024111988116519278,-2.097598160334167,0.004488468477646792,-0.4079910772313544,-1.235614913003635,-0.675352920307651,0.0321751923056343,0.02535189568652167,0.020178675109761,0.028796797851208925,-0.3293700352169072,-0.014096406682178032,-0.02362584702047772,-0.395174536635812,0.023651154358375313,-0.02419009840217248,-0.0568854058048419,0.07593765854443481,-0.023898071343383506,-0.05699142821730776,-0.07591385886352069,5.391151986320765e-05,-3.6020824040827704e-05,-1.0476633501132885e-07,-0.00034120423402789635,1.3881756257600805e-06,1.2807822630084807e-05,0.0005591493149064127,0.00042307378240835896,-2.6668022987074385e-05,5.773504914939367e-06,4.833510280389316e-06,6.518355442006953e-07,5.118918439089081e-05,6.047774879332271e-06,-2.4448274454359257e-06,-2.5336447355477846e-06,-6.052762062337758e-07,4.245672279806084e-05,-4.7058853516386214e-07,-4.186376109449015e-06,-0.0003044556338205166,-0.0009313165088231429,-3.62613541913901e-06,6.769775877215952e-08,-3.4985466060678275e-05,9.27958627768297e-06,-2.41639269927714e-05,3.3488369490673896e-06,1.8498371495928363e-06,3.6767573995511654e-07,2.917558196374347e-07,-0.0005333583817185962,0.0029197391423749983,-0.0005258478315783828,0.003151179201939437,-0.003432703268105506,-0.0002461859727611946,0.6459396492354367,-5.4989327436147774e-05,0.2713042213840425,nan,nan,nan,nan,nan,nan
694,3.474999999999948,Standing,0.88855505305335,0.4464588811449656,1.5715470336357993,-2.092329471649911,0.004309791158358691,-0.4117825631328534,-1.4871960403443998,0.9579566606971672,0.023182302011881137,0.025829423178281914,0.016724760668013545,0.027779424075452728,-0.35096365987360323,0.011582712350528527,-0.02193838661085201,-0.3954028441254996,-0.024111983217321945,-2.0975990283549395,0.004488473278590855,-0.4079910419135532,-1.2356132458028284,-0.6753533924877448,0.03217520485385024,0.02535189582410127,0.020178397000197378,0.028796878967572798,-0.32936991604992083,-0.014096415540975665,-0.02362585337914107,-0.3951745486286487,0.023651160358963166,-0.024180334052202938,-0.05693639886346827,0.07594677582892607,-0.02388016282024603,-0.05696682783834742,-0.07590558830177524,-4.8448522669897184e-05,3.2070003040610376e-05,-3.126089790909032e-05,0.0009416247190393845,-5.3673002306360375e-06,-1.3929588897578852e-05,-0.0011568835035705393,-0.0009073510456710466,-6.434950311336402e-05,6.3133443180346185e-06,-6.440908331393472e-06,1.3240306925212847e-07,-8.271647848366056e-05,-9.795623830974495e-06,6.827260559103594e-06,3.8137860146750625e-06,9.798394663864416e-07,-0.00017360415450513807,9.601888127147817e-07,7.063560243681346e-06,0.0003334401612976155,-9.443601876941098e-05,2.5096431879839094e-06,2.7515919869156657e-08,-5.562191272433868e-05,1.622327277450769e-05,2.383339728003793e-05,-1.771759526508501e-06,-1.2717326704376214e-06,-2.398567339535737e-06,1.2001175706787255e-06,0.0019528699939084342,-0.01019861172527314,0.0018234568982540347,0.0035817046274952305,0.004920075792068696,0.0016541123490891629,0.6459398517569725,-5.498919309501233e-05,0.2713040951089851,nan,nan,nan,nan,nan,nan
695,3.479999999999948,Standing,0.8885539494986432,0.4464595949780452,1.5715467223765989,-2.0923236318148057,0.004309773115313087,-0.41178264770995554,-1.487202050737101,0.9579547942133481,0.02318194438203611,0.025829453828488662,0.01672471488671325,0.027779421257446795,-0.350964128592732,0.01158265683776374,-0.0219383529411311,-0.3954028219214941,-0.02411197766479874,-2.0975932071732846,0.004488477787016101,-0.40799113696924016,-1.2356207325597945,-0.6753542977237675,0.032175152842407156,0.025351885842653292,0.02017809414910984,0.028796949136099814,-0.32937049690028847,-0.01409634204793174,-0.023625810634750038,-0.39517452406042025,0.023651155646554404,-0.024154516453462706,-0.05697274912428873,0.0759502964696178,-0.023888175015241868,-0.057040339236211345,-0.07592300721470577,-0.00022071094137610282,0.00014276661592256505,-6.22518400669067e-05,0.0011679670210560495,-3.6086091209454477e-06,-1.6915420429079195e-05,-0.0012020785402762876,-0.0003732967638336896,-7.152596900495076e-05,6.13004134918771e-06,-9.156260059314644e-06,-5.636011864980114e-07,-9.374382575245978e-05,-1.1102552957107703e-05,6.7339441815022695e-06,4.440801092173642e-06,1.1105046411956403e-06,0.0011642363310003995,9.016850492171263e-07,-1.9011137395955437e-05,-0.001497351393238857,-0.0001810472045406291,-1.040228861722391e-05,-1.9962895953697886e-06,-6.0570217507858375e-05,1.4033705403109274e-05,-0.00011617007352548067,1.4698608784952538e-05,8.548878206415443e-06,4.9136456939899896e-06,-9.424817521187356e-07,0.005163519748046236,-0.007270052164092652,0.0007041281383469245,-0.0016024389991672419,-0.014702279572785592,-0.0034837825861042393,0.6459397462048316,-5.498970803168868e-05,0.2713041989746365,nan,nan,nan,nan,nan,nan
696,3.484999999999948,Standing,0.8885556359853716,0.4464585239214217,1.5715472735638918,-2.0923307934995887,0.004309795099744401,-0.4117825266127581,-1.487193764588988,0.9579589433454101,0.023181756769052833,0.025829498428010852,0.016724771670185434,0.027779424085218832,-0.3509635102853936,0.01158273019388348,-0.02193840241115097,-0.39540285133233966,-0.024111985001795674,-2.0976058506341166,0.004488470353725324,-0.40799089688795515,-1.2356037715670876,-0.6753511564099668,0.03217526896125662,0.025351903981652317,0.02017799103117281,0.028797008706108927,-0.3293692102562898,-0.014096490626384895,-0.023625905763219983,-0.3951745867856085,0.023651174101300645,-0.02411790471871845,-0.056962744595075734,0.07594241483358487,-0.02392507645697916,-0.05684447889156137,-0.0758859509360729,0.0003372973456671569,-0.00021421132469682649,0.00011023745857771593,-0.00143233695659005,4.39688626290935e-06,2.4219439482717206e-05,0.001657229622580746,0.0008298264124074009,-3.752259665581882e-05,8.919904438300478e-06,1.1356694436999608e-05,5.655544077262901e-07,0.0001236614676849048,1.4671223947807294e-05,-9.894003973680358e-06,-5.882169103922885e-06,-1.467399386487991e-06,-0.0025286921664049392,-1.486658155413812e-06,4.801625700906535e-05,0.003392198541397037,0.0006282627601574577,2.322376989287078e-05,3.6277998052572975e-06,-2.0623587406138327e-05,1.1914001822559332e-05,0.00025732879973746974,-2.9715690631068226e-05,-1.902569398935359e-05,-1.2545037653267043e-05,3.690949248368435e-06,0.007322346948851444,0.002000905842599262,-0.001576327206587021,-0.007380288347458457,0.03917206892999449,0.007411255726575973,0.6459390929910376,-5.498941986110638e-05,0.27130472463366795,nan,nan,nan,nan,nan,nan
697,3.489999999999948,Standing,0.8885546812437253,0.4464591146485661,1.5715468911229693,-2.092329633763515,0.00430980944249052,-0.41178250451740867,-1.4871931088939456,0.9579631271453468,0.023181734491587832,0.02582950345006117,0.016724791315936082,0.02777942331700424,-0.35096344102207216,0.011582738140528782,-0.021938401993653288,-0.3954028536188003,-0.02411198579601799,-2.0975947222192066,0.004488468395148514,-0.4079911212599949,-1.2356204103676267,-0.6753520233106756,0.03217516912791172,0.02535188281748823,0.02017799954076614,0.02879697631134719,-0.32937045143088156,-0.014096345737255878,-0.02362581329196391,-0.395174521515498,0.023651154216317295,-0.024078523831816124,-0.056944176815784946,0.07593231832311295,-0.024081892238278137,-0.05699252485308534,-0.07594360366891963,-0.00019094832926636068,0.00011814542887470829,-7.648818450861833e-05,0.00023194721473270767,2.8685492238894465e-06,4.419069888468852e-06,0.00013113900847560645,0.0008367599873440427,-4.455493000113583e-06,1.0044100636405473e-06,3.929150129258503e-06,-1.5364291852015683e-07,1.3852664280064592e-05,1.5893290602451162e-06,8.349953656537261e-08,-4.5729212954647133e-07,-1.5884446354959256e-07,0.002225682981961968,-3.917153619504183e-07,-4.487440795452959e-05,-0.003327760107827472,-0.00017338014175552724,-1.9966668980184025e-05,-4.232832817426197e-06,1.7019186660637184e-06,-6.4789523474746165e-06,-0.00024823491835814166,2.8977825803497494e-05,1.8494251214428623e-05,1.3054022107063014e-05,-3.9769966699542215e-06,0.007876177380465128,0.003713555858157587,-0.0020193020943838577,-0.03136315625979587,-0.02960919230479432,-0.011530546569347442,0.6459400135706571,-5.4990086772598466e-05,0.2713039290637648,nan,nan,nan,nan,nan,nan
698,3.4949999999999477,Standing,0.8885541983597521,0.44645941549222157,1.5715468074422274,-2.092327914771561,0.004309804118392953,-0.41178251968392,-1.4871943075053196,0.9579640305428725,0.023181709841235493,0.025829505132762685,0.01672479725762416,0.02777942366537934,-0.3509635204366401,0.01158272874443763,-0.0219383944215958,-0.39540285003648623,-0.024111984854448335,-2.097592199958684,0.0044884757142019715,-0.40799119059273575,-1.2356252277332298,-0.6753443889395166,0.032175131522223226,0.025351872798844887,0.020177993456884525,0.02879696239004728,-0.32937086769215884,-0.01409629729951524,-0.023625789379196075,-0.3951745017414214,0.023651150099805097,-0.024044062872919734,-0.05695455693225786,0.075929051429279,-0.02414833932462451,-0.057015650607122784,-0.07595933952906606,-9.657679462026583e-05,6.016873109203182e-05,-1.6736148361850397e-05,0.00034379839072865703,-1.0648195133815751e-06,-3.033302268807261e-06,-0.00023972227478065905,0.00018067950513224278,-4.930070467749965e-06,3.3654030328972885e-07,1.1883376156181717e-06,6.967501993033476e-08,-1.58829135823989e-05,-1.8792182303508842e-06,1.514411497354002e-06,7.164628136172568e-07,1.88313930946885e-07,0.0005044521045731078,1.463810691481559e-06,-1.386654816375437e-05,-0.00096347312059926,0.001526874231777632,-7.521137698698111e-06,-2.0037286686784647e-06,-1.2167763229982938e-06,-2.7842599815503814e-06,-8.325225546124257e-05,9.687548127569904e-06,4.782553566923301e-06,3.954815324806753e-06,-8.233024397036085e-07,0.006892191779277703,-0.0020760232945817303,-0.0006533787667911313,-0.013289417269274365,-0.004625150807488269,-0.0031471720292854284,0.6459395291391373,-5.4988251282722375e-05,0.27130437059417306,nan,nan,nan,nan,nan,nan
699,3.4999999999999476,Standing,0.8885544467242652,0.4464592506397995,1.5715469678921503,-2.0923278234416607,0.00430979694185117,-0.4117825288580574,-1.4871946347086231,0.9579638945333709,0.02318174164395109,0.025829501298674395,0.016724806024444847,0.027779424738427136,-0.3509635426086458,0.011582726241555355,-0.021938393636787668,-0.3954028495281451,-0.024111984601905428,-2.097596400775896,0.004488484369286725,-0.4079911464795016,-1.2356202873763864,-0.6753428226964652,0.03217514158417915,0.02535188290081924,0.020178238418415886,0.0287968954286541,-0.329370524580254,-0.014096343289362889,-0.023625823315053324,-0.39517450764184103,0.02365115150318093,-0.02401332826440493,-0.05697478662300658,0.07592842306223171,-0.02416239853550218,-0.0569397274908271,-0.07594494788633384,4.967290262154079e-05,-3.297048441143891e-05,3.2089984582236776e-05,1.826598009717562e-05,-1.435308356572733e-06,-1.8348274766623685e-06,-6.544066071989616e-05,-2.7201900307975712e-05,6.360543119272703e-06,-7.668176576961394e-07,1.7533641372387911e-06,2.1460955947882852e-07,-4.434401142027798e-06,-5.005764550714946e-07,1.5696162623810527e-07,1.0166823106378759e-07,5.050858145054819e-08,-0.0008401634423882887,1.7310169507294797e-06,8.822646830544192e-06,0.0009880713686949746,0.0003132486102923877,2.0123911846821815e-06,2.020394870712828e-06,4.89923062724925e-05,-1.3392278635845337e-05,6.862238096811625e-05,-9.197969529638674e-06,-6.787171450012759e-06,-1.1800839289756033e-06,2.806751662382772e-07,0.006146921702961122,-0.0040459381497455985,-0.0001256734094557088,-0.0028118421755339382,0.015184623259137955,0.0028783285464444777,0.6459392228393938,-5.498775935089117e-05,0.271304607047426,nan,nan,nan,nan,nan,nan
700,3.5049999999999475,Standing,0.8885549479987435,0.44645892529686443,1.571547114562907,-2.092330182917242,0.0043098054524006646,-0.4117824897320669,-1.4871918099619563,0.9579662264258086,0.023181852698260164,0.025829494566913993,0.01672483991174246,0.027779426422280797,-0.35096332298367844,0.011582752344478399,-0.02193840973402005,-0.3954028604062221,-0.024111987210112304,-2.0975995269485996,0.004488480627705506,-0.4079910911039181,-1.2356157005522475,-0.6753500380498064,0.03217514977549669,0.025351897504674203,0.020177953616385868,0.028796984139331076,-0.3293701642079003,-0.014096380144254192,-0.02362585296045614,-0.395174513828003,0.023651152296464847,-0.023983062063764535,-0.05697251540182771,0.07592316288511834,-0.02414911523846323,-0.05689766565803042,-0.07593359054215236,0.0001002548956528862,-6.506858702036639e-05,2.9334151330917863e-05,-0.00047189511619704917,1.7021098989271723e-06,7.825198097770705e-06,0.0005649493333688173,0.0004663784875375895,2.2210861814761867e-05,-1.3463520806953926e-06,6.777459522722013e-06,3.367707324552039e-07,4.392499347242814e-05,5.220584608815134e-06,-3.2194464763089676e-06,-2.1756153954440198e-06,-5.216413753775822e-07,-0.0006252345407568485,-7.483162438937896e-07,1.1075116687456614e-05,0.0009173648277989509,-0.0014430706682446442,1.6382635077269064e-06,2.9207709927135065e-06,-5.69604060038298e-05,1.77421353949089e-05,7.207447075175044e-05,-7.370978260766371e-06,-5.929080563289087e-06,-1.2372323981703713e-06,1.5865678321565165e-07,0.006053240128078691,0.00045424423577450357,-0.001052035422675894,0.0026566594077898457,0.008412366559334628,0.002271468836295474,0.645939321927498,-5.498812718518636e-05,0.2713044953677967,nan,nan,nan,nan,nan,nan
701,3.5099999999999474,Standing,0.8885549950361954,0.44645888589351457,1.5715470641816278,-2.092330838890131,0.004309810913492446,-0.4117824738607876,-1.4871907786173353,0.9579680985595916,0.023182009276721656,0.025829477998153633,0.01672486567698029,0.02777942773975593,-0.35096323154595044,0.011582763187090894,-0.021938414245780354,-0.3954028649630244,-0.024111988291398895,-2.0975984156199146,0.004488474264158936,-0.40799109256714267,-1.235616679112165,-0.6753556426972634,0.032175139922387415,0.025351899246655003,0.020177533753966703,0.02879710213663548,-0.3293702194567376,-0.014096365019293797,-0.02362584567003759,-0.3951745118118041,0.023651152896961947,-0.023956088204097146,-0.056970667268058765,0.0759185240467149,-0.024131073122107705,-0.05692436947182822,-0.07593654982458527,9.40749038312106e-06,-7.880669967742924e-06,-1.007625585087452e-05,-0.00013119457787349618,1.0922183561652904e-06,3.1742558534653727e-06,0.00020626892422395503,0.00037442675659885884,3.1315692298068164e-05,-3.31375207208862e-06,5.153047565913859e-06,2.634950262813078e-07,1.828754560407667e-05,2.168522499055808e-06,-9.023520612292131e-07,-9.113604647629046e-07,-2.1625731814032685e-07,0.00022226573705239766,-1.272709314005711e-06,-2.9264491236823215e-07,-0.00019571198349657508,-0.001120929491410968,-1.97062185422953e-06,3.4839615989945715e-07,-8.397248383318469e-05,2.359946088054139e-05,-1.104976746739291e-05,3.0249920789034963e-06,1.4580837097090527e-06,4.032397829113466e-07,1.200994200092808e-07,0.0053947719334778155,0.00036962675378984403,-0.0009277676806885357,0.0036084232711049375,-0.005340762759559494,-0.0005918564865815233,0.6459396048020734,-5.4988250763540876e-05,0.2713042514083721,nan,nan,nan,nan,nan,nan
702,3.5149999999999473,Standing,0.8885546619017441,0.4464590950622107,1.5715469305906362,-2.0923290136696564,0.004309804397483182,-0.41178250688079093,-1.4871928884004066,0.9579680131380546,0.02318214182983734,0.025829456452078056,0.016724865680238916,0.02777942817065177,-0.3509633845782622,0.011582745078924879,-0.02193840157171932,-0.395402857823961,-0.024111986476814583,-2.097596160090802,0.004488471393910529,-0.40799110599789973,-1.2356187837963806,-0.6753585389853956,0.0321751275313459,0.025351896074615504,0.020177134467113274,0.028797211101580008,-0.32937037553861626,-0.014096338188696517,-0.02362582986224719,-0.3951745120299113,0.023651155475624335,-0.02393452882785816,-0.05698395924619796,0.07591789394846062,-0.024105838093099626,-0.05696365746326594,-0.07594111608915108,-6.662689023829914e-05,4.1833739226040485e-05,-2.6718198300171684e-05,0.00036504409494148406,-1.3032018526656193e-06,-6.604000668238302e-06,-0.00042195661427209377,-1.708430740238957e-05,2.6510623137115728e-05,-4.3092151150631625e-06,6.517252545655414e-10,8.617916821791582e-08,-3.060646235045139e-05,-3.621633202924094e-06,2.5348122065271695e-06,1.4278126754619305e-06,3.6291686240163176e-07,0.00045110582250536426,-5.740496813888929e-07,-2.686151411406922e-06,-0.0004209368431028611,-0.0005792576264302152,-2.478208302327469e-06,-6.344078996500624e-07,-7.985737068582254e-05,2.179298890561841e-05,-3.121637573318154e-05,5.366119456217634e-06,3.1615580799809823e-06,-4.362144052390597e-08,5.157324774596085e-07,0.004311875247797344,-0.0026583956278388495,-0.00012601965085565052,0.0050470058016161305,-0.00785759828754405,-0.0009132529131622842,0.6459396596390684,-5.4988027534714806e-05,0.27130421410362965,nan,nan,nan,nan,nan,nan
703,3.519999999999947,Standing,0.8885548369674908,0.4464589699364014,1.5715469888608142,-2.0923304856442604,0.00430981094392568,-0.41178248392891204,-1.4871910728863085,0.9579702784643886,0.023182282068314103,0.025829442931650497,0.016724890303146226,0.027779429717885037,-0.3509632458715256,0.01158276155486466,-0.021938411886627922,-0.3954028644561818,-0.024111988121244873,-2.0975969229351428,0.00448846814794073,-0.40799107223229575,-1.2356180851603986,-0.6753508314475322,0.03217514941389051,0.02535188844650695,0.020176933330040343,0.028797266545452956,-0.3293703328248055,-0.014096338193030657,-0.02362583032542214,-0.39517452238098666,0.023651160825795048,-0.02391377881000713,-0.05697777519109387,0.07591332069227126,-0.024071943731591126,-0.05696521282768261,-0.07593601444146866,3.501314934507049e-05,-2.5025161869247015e-05,1.165403560065937e-05,-0.0002943949207894058,1.3092884994683438e-06,4.590375781121755e-06,0.00036310281961616646,0.00045306526681988086,2.8047695352344393e-05,-2.7040855118518997e-06,4.9245814618610274e-06,3.0944665375466823e-07,2.7741347323070706e-05,3.295187956172394e-06,-2.06298172000872e-06,-1.3264441544178242e-06,-3.288860582529738e-07,-0.00015256886815945818,-6.491939598347383e-07,6.753120792320815e-06,0.00013972719639498738,0.0015415075726749796,4.37650892143651e-06,-1.5256217109351452e-06,-4.022741458605248e-05,1.1088774589301643e-05,8.542762155598948e-06,-8.668282587776861e-10,-9.263499005342221e-08,-2.070215071783238e-06,1.0700341427755672e-06,0.004150003570205759,0.001236811020816843,-0.0009146512378707718,0.006778872301699765,-0.00031107288333365353,0.0010203295364822852,0.6459394788062516,-5.498790939358403e-05,0.27130435872938535,nan,nan,nan,nan,nan,nan
704,3.524999999999947,Standing,0.8885549317342373,0.4464588996044397,1.5715470038367028,-2.0923299998198366,0.004309805364336016,-0.4117825033110806,-1.4871921328748734,0.9579699559052189,0.023182427727756562,0.02582942220228593,0.016724891966254363,0.02777943093376962,-0.3509633225599,0.0115827525056048,-0.021938405908283345,-0.3954028608497277,-0.024111987212966358,-2.097598276268035,0.004488470111843488,-0.407991037986211,-1.2356161072934617,-0.6753446948725828,0.03217517081425898,0.02535188749946252,0.02017694402643077,0.02879726556664415,-0.32937018152695896,-0.014096355325197473,-0.023625842004299805,-0.39517452545249426,0.02365116035164646,-0.023898487095555768,-0.056991118180267364,0.07591370627215005,-0.024035502335031933,-0.05694946459819585,-0.07592671244984811,1.8953349280339568e-05,-1.4066392343567803e-05,2.995177708703963e-06,9.716488473651263e-05,-1.1159179327826335e-06,-3.876433721595666e-06,-0.00021199771298039094,-6.451183394008263e-05,2.9131888491985564e-05,-4.145872913882243e-06,3.326216274846788e-07,2.43176916614121e-07,-1.5337674874397027e-05,-1.8098519719389116e-06,1.1956689152640852e-06,7.21290815745086e-07,1.816557028660452e-07,-0.0002706665784809874,3.927805517051479e-07,6.849216952828204e-06,0.0003955733873953916,0.0012273149898906319,4.280073694014207e-06,-1.8940888586026189e-07,2.1392780855095564e-06,-1.957617607698912e-07,3.0259569311198464e-05,-3.4264333629218226e-06,-2.335775532504053e-06,-6.143015229525866e-07,-9.482971786608827e-08,0.003058342890272965,-0.0026685978346979817,7.711597575788475e-05,0.007288279311838856,0.0031496458973515403,0.0018603983241110538,0.6459395748291599,-5.498790631126356e-05,0.27130426688951653,nan,nan,nan,nan,nan,nan
705,3.529999999999947,Standing,0.8885552878632464,0.44645865230831405,1.5715470784596335,-2.0923328859902077,0.004309819775953024,-0.4117824512202023,-1.4871885600493349,0.9579732945466892,0.02318257416359303,0.025829412393094005,0.016724928693627374,0.027779433177551133,-0.3509630462899825,0.01158278523237056,-0.02193842544162664,-0.39540287382984257,-0.02411199048280853,-2.097598793102372,0.004488469068420523,-0.40799104470287556,-1.2356163723898543,-0.6753395776585801,0.03217517430575582,0.025351886075630898,0.02017712946942745,0.028797211581930146,-0.32937019461051387,-0.014096356955989398,-0.023625843742304344,-0.39517451517542956,0.023651154254248512,-0.02388234898298201,-0.05697295045059847,0.07590732900983452,-0.02400444186209272,-0.05695862506385067,-0.07592374137752611,7.122580182563406e-05,-4.945922512182623e-05,1.49245861443309e-05,-0.0005772340742350796,2.8823234016390715e-06,1.041817566471938e-05,0.0007145651077104355,0.0006677282940478297,2.9287167293651706e-05,-1.9618383847152815e-06,7.34547460218509e-06,4.487563021238259e-07,5.5253983494672076e-05,6.545353152039385e-06,-3.906668658891858e-06,-2.5960229699355115e-06,-6.539684343339714e-07,-0.00010336686729499136,-2.086845929980797e-07,-1.3433329138696214e-06,-5.301927850506191e-05,0.001023442800522915,6.982993670328955e-07,-2.847663245708097e-07,3.708859933596906e-05,-1.0796942800650283e-05,-2.6167109769814713e-06,-3.2615838516517446e-07,-3.4760090801226946e-07,2.0554129436434662e-06,-1.2194795896860832e-06,0.0032276225147514705,0.0036335459337792806,-0.0012754524631057797,0.006212094587842586,-0.0018320931309630862,0.0005942144643989672,0.645939640417569,-5.4988169190529584e-05,0.27130420677302103,nan,nan,nan,nan,nan,nan
706,3.534999999999947,Standing,0.8885544561272292,0.44645918434729126,1.5715468180454648,-2.092325667011187,0.004309783755975965,-0.411782598000101,-1.487198133808324,0.9579673659031336,0.023182636038963426,0.025829381121584335,0.01672485955586745,0.027779431605897284,-0.35096377641880017,0.011582698752783466,-0.021938371681132874,-0.39540283906681223,-0.024111981831001692,-2.0975965022309193,0.004488481740155609,-0.40799108739693396,-1.2356185382723306,-0.6753368124413945,0.032175157129973875,0.025351885072689557,0.020177426255183893,0.0287971222284378,-0.32937035773230183,-0.014096343568358661,-0.02362583437139988,-0.39517449619663386,0.023651145641642,-0.023882975897379564,-0.05702933629458478,0.07591930657500537,-0.02397726444792632,-0.0569764175688574,-0.07592327981955045,-0.00016634720346712508,0.0001064077954387641,-5.20828337443719e-05,0.0014437958041830646,-7.203995411769779e-06,-2.9355979739946696e-05,-0.0019147517978143238,-0.0011857287111340692,1.2375074079192903e-05,-6.254301934068396e-06,-1.3827551984361737e-05,-3.1433076977240873e-07,-0.0001460257635317074,-1.7295917418686575e-05,1.0752098753068265e-05,6.952606071085393e-06,1.7303613670800098e-06,0.0004581742905304388,2.534347017068792e-06,-8.538811676250184e-06,-0.0004331764952698472,0.0005530434371193906,-3.43515638897016e-06,-2.0058826843662835e-07,5.9357151288495994e-05,-1.7870698469142597e-05,-3.262435759152088e-05,2.6775261473459137e-06,1.8741808921066384e-06,3.7957591372552615e-06,-1.7225213027988596e-06,-0.00012538287951071843,-0.011277168797261629,0.002395513034171029,0.005435482833280605,-0.003558501001346988,9.231159513242986e-05,0.6459398689441904,-5.498803643812402e-05,0.27130402813326565,nan,nan,nan,nan,nan,nan
707,3.5399999999999467,Standing,0.8885568537658519,0.44645760139469554,1.5715475010889877,-2.09234639537109,0.004309887206179317,-0.4117821931794364,-1.4871712487545825,0.9579870169672052,0.023182890595950918,0.025829414409285583,0.016725076804859976,0.027779440523239843,-0.35096171910518714,0.011582942401510532,-0.021938521461896714,-0.3954029361619869,-0.024112006195557353,-2.097601778022244,0.004488461620384672,-0.40799107941994994,-1.2356165014886753,-0.6753354432875476,0.03217516427614865,0.02535189001703856,0.020177818918774973,0.028797012971640053,-0.3293702040588904,-0.014096369704175165,-0.023625852011216985,-0.39517449536741506,0.02365114298230333,-0.023903200405263766,-0.05686273846135234,0.07588740921876407,-0.023950016140039294,-0.05697092457450329,-0.07591769624509907,0.0004795277245540284,-0.0003165905191462237,0.00013660870456268427,-0.004145671980595596,2.069004067037441e-05,8.096413292434405e-05,0.0053770107482970005,0.0039302128143354435,5.091139749879475e-05,6.657540249447342e-06,4.3449798505288695e-05,1.7834685114347157e-06,0.0004114627226029545,4.8729745412977376e-05,-2.9956152767828758e-05,-1.9419034936881453e-05,-4.872911132242454e-06,-0.001055158264933812,-4.023954187408e-06,1.5953968037659087e-06,0.0004073567310449142,0.0002738307693947526,1.4292349560547128e-06,9.888698004247024e-07,7.853271821613637e-05,-2.1851359549757664e-05,3.073468228620591e-05,-5.227163300702834e-06,-3.5279634207046567e-06,1.658437598715251e-07,-5.318677338915139e-07,-0.004044901576840881,0.0333195666464878,-0.006379471248260453,0.005449661577404958,0.0010985988708218783,0.0011167148902745784,0.6459394077796351,-5.498846594019959e-05,0.2713044080877279,nan,nan,nan,nan,nan,nan
708,3.5449999999999466,Standing,0.8885542016430058,0.4464593234197754,1.5715465735545648,-2.0923201060706194,0.004309749365459759,-0.4117827110059056,-1.4872062057990294,0.9579612991385148,0.023182943067672324,0.02582932737743117,0.016724836807793436,0.02777943513054085,-0.35096434321817827,0.011582631447327189,-0.021938322487069714,-0.3954028111939883,-0.02411197509085902,-2.097596178511468,0.0044884997060139886,-0.40799114319329877,-1.2356199727661705,-0.6753370766448681,0.03217513372187236,0.025351889470118957,0.020178225265687817,0.028796889968895054,-0.32937046653546687,-0.014096347331767373,-0.023625829635977345,-0.3951744752068757,0.023651136392707592,-0.02406549044742557,-0.057044161853082906,0.075951300853544,-0.023927452128299106,-0.05697676272249956,-0.0759153663184158,-0.000530424569215127,0.00034440501597132777,-0.0001855068845628,0.005257860094131777,-2.756814391163324e-05,-0.0001035652938443021,-0.006991408889359785,-0.005143565738085779,1.049434428083136e-05,-1.7406370882620787e-05,-4.799941330805387e-05,-1.0785397985037196e-06,-0.0005248225982282931,-6.21908366688341e-05,3.979496540005822e-05,2.4993599726033645e-05,6.220939666844185e-06,0.0011199021552149536,7.617125863414234e-06,-1.275466976272095e-05,-0.0006942554990304042,-0.0003266714640978049,-6.11085525818211e-06,-1.093839206429273e-07,8.1269382568657e-05,-2.460054900017456e-05,-5.2495315290036515e-05,4.474481558609359e-06,4.475047927742702e-06,4.03210787405457e-06,-1.317919147297236e-06,-0.03245800843236074,-0.0362846783461125,0.01277832695598803,0.004512802348037519,-0.001167629599254279,0.00046598533665470274,0.6459408047818315,-5.498749508876066e-05,0.27130329347602106,nan,nan,nan,nan,nan,nan
709,3.5499999999999465,Standing,0.8885539069356394,0.4464595272296496,1.5715466867527712,-2.092320803164467,0.004309761619276177,-0.41178271386073967,-1.4872048906231687,0.9579649897997322,0.02318267052795582,0.025829356730217853,0.016724805898562706,0.027779431047930434,-0.35096432917321,0.011582633290139536,-0.02193833632658573,-0.3954028114454745,-0.024111975275271924,-2.097595667638176,0.004488499643990643,-0.4079911754116566,-1.2356206823238767,-0.6753417292639237,0.03217511383256518,0.02535189349722578,0.02017849351993069,0.0287968103661284,-0.32937052960726043,-0.014096346262358478,-0.023625826816422633,-0.3951744732224201,0.023651136953872373,-0.024145096847824572,-0.0570129231089217,0.07595731425220473,-0.023908006361241116,-0.05698391612421348,-0.07591379907796399,-5.894147327800128e-05,4.076197483708367e-05,2.263964127526409e-05,-0.00013941876948732768,2.4507632836994953e-06,-5.709668169962294e-07,0.00026303517213241336,0.000738132243478665,-5.450794330055784e-05,5.870557336794564e-06,-6.181846146157014e-06,-8.165220832341505e-07,2.8089936463694806e-06,3.685624694936909e-07,-2.7679032030208405e-06,-5.029724023195776e-08,-3.688258116579721e-08,0.00010217465842582928,-1.2404669061602987e-08,-6.443671567262892e-06,-0.00014191154121972604,-0.0009305238111124382,-3.977861436566446e-06,8.05421365124501e-07,5.365084857459978e-05,-1.5920553330196173e-05,-1.2614358708887956e-05,2.1388177895499868e-07,5.639109420055539e-07,3.968911222342662e-07,1.1223295627128588e-07,-0.015921280079800013,0.006247748832242078,0.0012026797321462775,0.003889153411597671,-0.0014306803427844871,0.000313448090364408,0.645939370831213,-5.498962040143704e-05,0.2713045071650164,nan,nan,nan,nan,nan,nan
710,3.5549999999999464,Standing,0.8885549611927941,0.44645884434283595,1.5715471225339994,-2.0923315378229437,0.004309817172364249,-0.41178251092489926,-1.4871907797239137,0.9579764960650887,0.02318274931380366,0.025829377203339294,0.016724879126569902,0.02777943315985021,-0.35096328254515485,0.01158275732339504,-0.02193841767281073,-0.3954028611955225,-0.024111987683941658,-2.097598361932454,0.004488487534974865,-0.40799117323350675,-1.2356195827514258,-0.6753448588085103,0.03217511424040755,0.025351896291011346,0.020178730969778826,0.028796742250085813,-0.32937045393645326,-0.014096360933599679,-0.023625832633574904,-0.3951744837586933,0.0236511426599866,-0.02416775621059554,-0.056917061583224106,0.07594070520105353,-0.023889601268211432,-0.05697842681208178,-0.07590966325452038,0.00021085143094461665,-0.00013657736272772262,8.715624563893315e-05,-0.0021469316953220707,1.1110617614413752e-05,4.0587168081323846e-05,0.0028221798509946608,0.00230125307129217,1.57571695678903e-05,4.094624288266292e-06,1.4645601439418437e-05,4.2238395500674397e-07,0.00020932561103730542,2.4806651101126508e-05,-1.626924499971325e-05,-9.950009590479167e-06,-2.48173394660246e-06,-0.0005388588556023372,-2.4218031555978587e-06,4.356299684743037e-07,0.00021991449016641373,-0.0006259089173234205,8.156847406804044e-08,5.587571128222275e-07,4.748996962723481e-05,-1.3623208517822005e-05,1.5134161436198757e-05,-2.934248240120491e-06,-1.1634304543640712e-06,-2.1072546414509746e-06,1.1412228450483276e-06,-0.004531872554193487,0.019172305139518883,-0.0033218102302392033,0.003681018605936488,0.0010978624263397376,0.0008271646887210954,0.6459390855538382,-5.4989872474053865e-05,0.27130468452700596,nan,nan,nan,nan,nan,nan
711,3.5599999999999463,Standing,0.8885552267043704,0.44645867249399646,1.5715471465226083,-2.092333909365662,0.004309828822732414,-0.4117824368212966,-1.4871870832251137,0.9579793666343835,0.02318262008203614,0.025829406565188652,0.016724906000026,0.027779436118759285,-0.35096296784911957,0.0115827945373279,-0.021938435624662123,-0.395402876566256,-0.02411199140773695,-2.0975978195897076,0.004488483588675459,-0.407991197014245,-1.2356213228416888,-0.6753497387122307,0.032175096038850805,0.025351896072690932,0.020178608931013996,0.028796772357910592,-0.3293705888032062,-0.0140963435104248,-0.02362581998535757,-0.3951744848817652,0.02365114602204546,-0.024164331918407816,-0.05689596648475283,0.07593571961018547,-0.023878640498149195,-0.057001463342194254,-0.07591290887402391,5.3102315261056404e-05,-3.4369767895212744e-05,4.797721759919695e-06,-0.00047430854363463546,2.3300736329836738e-06,1.482072053361039e-05,0.0007392997600105251,0.0005741138589595944,-2.5846353503982322e-05,5.872369871781387e-06,5.37469122007518e-06,5.917818152789741e-07,6.293920705397333e-05,7.4427865716194435e-06,-3.590370278801994e-06,-3.0741467078266907e-06,-7.44759058669776e-07,0.00010846854927512963,-7.892598811794156e-07,-4.756147651715206e-06,-0.00034801805258622396,-0.0009759807440956148,-3.640311349558081e-06,-4.3664082602428724e-08,-2.4407752965707205e-05,6.02156495584579e-06,-2.6973350587061746e-05,3.484634975575073e-06,2.52964346679726e-06,-2.2461437801100528e-07,6.724117723979145e-07,0.0006848584375447938,0.004219019694255647,-0.0009971181736132834,0.002192154012447542,-0.004607306022493719,-0.0006491239007074831,0.6459396352172548,-5.498942623963753e-05,0.27130422303767954,nan,nan,nan,nan,nan,nan
712,3.564999999999946,Standing,0.888555422162873,0.44645855684116226,1.5715471201450992,-2.092331225103644,0.004309808051137946,-0.4117824758410232,-1.4871907308759602,0.9579754483083933,0.02318234132587023,0.02582943792497868,0.016724888014357064,0.027779437749358666,-0.3509632186262904,0.011582764857484783,-0.02193841385424374,-0.3954028652194104,-0.024111988438685172,-2.0976014365071527,0.004488485946626846,-0.40799110662690213,-1.2356157840089528,-0.6753493642769608,0.03217513939109251,0.02535189972018823,0.02017842940217525,0.02879683256123987,-0.329370168588446,-0.01409638939670234,-0.023625845701406006,-0.395174514538027,0.023651157477280176,-0.02415184026294526,-0.056939742966057395,0.075942964500317,-0.023864389042367453,-0.056937090491955784,-0.07589665351639917,3.9091700523324436e-05,-2.3130566844332957e-05,-5.275501819008776e-06,0.0005368524035948014,-4.154318893658631e-06,-7.803945310520704e-06,-0.0007295301692745557,-0.0007836651980386504,-5.5751233181865664e-05,6.2719580060748995e-06,-3.5971337873269586e-06,3.2611987590449273e-07,-5.015543415738124e-05,-5.935968623374053e-06,4.354083676597118e-06,2.2693691127500557e-06,5.938103560265649e-07,-0.0007233834890250638,4.715902774405565e-07,1.807746857254265e-05,0.0011077665472213065,7.488705398382483e-05,8.670448340849943e-06,7.294994594347992e-07,-3.590576774898741e-05,1.2040665855645442e-05,8.404295204166422e-05,-9.177255507942361e-06,-5.143209687438081e-06,-5.931252356700059e-06,2.291046943264925e-06,0.0024983310925111328,-0.008755296260913899,0.0014489780263065842,0.0028502911563482976,0.012874570047693877,0.003251071524947481,0.6459398227656882,-5.498916881859778e-05,0.2713041023302927,nan,nan,nan,nan,nan,nan
713,3.569999999999946,Standing,0.8885532728958848,0.4464599376105386,1.5715465011587972,-2.092322110671415,0.004309785700954673,-0.4117826031920758,-1.4871998020027999,0.9579733225480885,0.023182003510782846,0.025829457797046235,0.016724819626257895,0.027779433204173164,-0.3509639181128703,0.01158268186623711,-0.021938361293105155,-0.3954028313809799,-0.024111980137985992,-2.0975872189444393,0.004488493614751081,-0.4079913605714573,-1.2356349938448665,-0.6753492159195638,0.0321750123561743,0.025351874000613044,0.020178156969034532,0.028796870923271878,-0.32937164496265625,-0.01409621172794361,-0.023625736062695798,-0.3951744486337785,0.023651141940752764,-0.024126349849357763,-0.056973585769778685,0.07594606251662431,-0.023959448602636598,-0.0571192071563939,-0.07595140043313578,-0.0004298533976221973,0.0002761538752697147,-0.00012379726038920158,0.0018228864457598797,-4.4700366547359435e-06,-2.547021053264206e-05,-0.001814225367927339,-0.0004251520609661454,-6.756301747647848e-05,3.97441351103212e-06,-1.3677619833813153e-05,-9.09037100695051e-07,-0.0001398973159907319,-1.6598249534667126e-05,1.0512227716953492e-05,6.767686102345514e-06,1.6601398361026673e-06,0.00284351254264468,1.533624847040108e-06,-5.078891103232322e-05,-0.0038419671827626995,2.967147941703249e-05,-2.5406983642359324e-05,-5.143915037211502e-06,-5.4486628143700025e-05,7.67240640190902e-06,-0.00029527484206028076,3.553375174582911e-05,2.192774204170437e-05,1.3180849698088155e-05,-3.1073054826782744e-06,0.0050980827174994464,-0.006768560744258219,0.0006196032614632246,-0.01901191205382933,-0.03642333288762384,-0.010949383347322152,0.645939970040328,-5.4989814980574696e-05,0.27130399788555204,nan,nan,nan,nan,nan,nan
714,3.574999999999946,Standing,0.8885546563281594,0.44645906819294867,1.5715470896245536,-2.092328419910431,0.00430980313957337,-0.4117824979194579,-1.4871923192205503,0.9579771922820884,0.0231817955449204,0.02582950218247808,0.016724862686089352,0.027779435505694665,-0.3509633702652662,0.011582746877714028,-0.02193840729956935,-0.39540285718611395,-0.024111986640979983,-2.0975994085442546,0.004488491217828204,-0.4079911354951354,-1.2356187984855547,-0.6753423531912709,0.03217511057871659,0.025351890538128745,0.02017801836332367,0.028796933615305394,-0.32937045722115177,-0.01409634829492854,-0.023625828472455347,-0.39517450779480556,0.02365116169702524,-0.024091582184402934,-0.05696378707268798,0.07593849074113826,-0.024085033883446093,-0.05690611028365213,-0.07592525992597385,0.00027668645491798463,-0.000173883517985821,0.00011769315127622938,-0.0012618478032525946,3.487723739583961e-06,2.105452357901318e-05,0.0014965564499058758,0.0007739467999719118,-4.1593172489778665e-05,8.877086368615517e-06,8.61196629150033e-06,4.6030430016980734e-07,0.00010956952082021368,1.3002295383283854e-05,-9.201292838659241e-06,-5.161026805495011e-06,-1.3005987983945797e-06,-0.002437919963067707,-4.793845753602669e-07,4.5015264377823916e-05,0.0032390718623632703,0.0013725456585791914,1.964450845710461e-05,3.3075031403609437e-06,-2.772114217256983e-05,1.253840670307995e-05,0.00023754830090085997,-2.7313396985756193e-05,-1.8481951909650762e-05,-1.183220541156065e-05,3.951254494885736e-06,0.006953532990965907,0.001959739418139997,-0.0015143550972088406,-0.025117056161898986,0.04261937454835449,0.005228101432385892,0.6459387268820582,-5.4988554907663835e-05,0.2713050199833249,nan,nan,nan,nan,nan,nan
715,3.579999999999946,Standing,0.888555460041633,0.44645854263747903,1.5715472648472224,-2.092332822093452,0.004309823067178106,-0.411782406945818,-1.4871866542769558,0.9579809705744016,0.023181814098975403,0.02582951552028003,0.016724914096004937,0.027779437941298724,-0.3509629207068021,0.01158280011206258,-0.02193843780602164,-0.39540287875248575,-0.024111991965215216,-2.0976026756013018,0.004488485524132267,-0.40799108797149675,-1.2356149075442964,-0.6753454588567025,0.03217513659118077,0.025351898985850826,0.020178157615753953,0.028796902111544058,-0.3293701258096199,-0.014096390306740935,-0.02362585245454058,-0.39517451261199493,0.023651160457073023,-0.02405492986563539,-0.05694795527538344,0.07592936142085964,-0.02415092198567497,-0.056850769634520196,-0.07592379466055242,0.00016074269471915797,-0.00010511109393093271,3.5044533765912504e-05,-0.0008804366041402336,3.98552094718484e-06,1.8194727976622145e-05,0.001132988718876374,0.0007556584626155025,3.7108110006780145e-06,2.6675603907011012e-06,1.0281983116910277e-05,4.87120811991005e-07,8.991169282766876e-05,1.064686971034474e-05,-6.101290458360136e-06,-4.3132743646681705e-06,-1.0648470466532264e-06,-0.0006534114094406825,-1.138739187426027e-06,9.504727728243669e-06,0.0007781882516447024,-0.0006211330863192901,5.202492836077675e-06,1.6895444162380682e-06,2.7850486056753998e-05,-6.300752266870247e-06,6.6282306376971e-05,-8.402362479133479e-06,-4.796417046550268e-06,-9.634378690901472e-07,-2.479904433584611e-07,0.0073304637535089815,0.0031663594609085705,-0.0018258640557243095,-0.013177620445775381,0.011068129826387302,0.0002930530842848531,0.6459394089988529,-5.498895180001736e-05,0.2713043806667954,nan,nan,nan,nan,nan,nan
716,3.584999999999946,Standing,0.8885549818595986,0.44645883791409646,1.5715470082664285,-2.09233055255491,0.004309818997433216,-0.4117824291595301,-1.4871887220679179,0.9579809315387361,0.023181849456576628,0.025829508189715016,0.016724920194573632,0.027779438179247495,-0.3509630524981218,0.011582784446032052,-0.02193842327780186,-0.395402872763846,-0.02411199039640017,-2.097597823445566,0.0044884841406817875,-0.4079911669630377,-1.2356213383820105,-0.6753468548220426,0.0321751013317991,0.02535189109243323,0.02017797684654805,0.028796943130424694,-0.32937059234598426,-0.014096332016524354,-0.02362581568240328,-0.3951744873772796,0.0236511517444503,-0.02402355358416125,-0.05696112566813759,0.07592717988820719,-0.024191560492570846,-0.0569178463442062,-0.07594485634916141,-9.563640689251861e-05,5.905532349218532e-05,-5.131615877181672e-05,0.00045390770836355935,-8.139489780327721e-07,-4.442742422557685e-06,-0.0004135581924096211,-7.807133094158282e-06,7.071520245403515e-06,-1.4661130031146612e-06,1.2197137387558516e-06,4.758975431047111e-08,-2.6358263946750314e-05,-3.1332061056125797e-06,2.905643955888181e-06,1.1977279446981552e-06,3.137630093655011e-07,0.0009704311471321792,-2.766900958474315e-07,-1.5798308190754377e-05,-0.0012861675428344856,-0.0002791930680216451,-7.051876334146678e-06,-1.578683519242998e-06,-3.6153841180814285e-05,8.203776127195314e-06,-9.33072728700509e-05,1.1658043316083304e-05,7.3544274600625054e-06,5.046943058733642e-06,-1.7425245448049622e-06,0.006275256294827444,-0.0026340785508299188,-0.00043630653049111807,-0.008127701379174703,-0.013415341937200616,-0.004212337721798569,0.6459399071019258,-5.498865262818824e-05,0.27130398257818394,nan,nan,nan,nan,nan,nan
717,3.5899999999999457,Standing,0.8885543619580895,0.4464592305711947,1.5715468287757672,-2.092327733791604,0.004309810375066632,-0.41178247232326465,-1.4871915628495362,0.9579806761212023,0.02318187427150198,0.025829498480074653,0.016724914672891632,0.027779437605609223,-0.35096326420115864,0.011582759415586131,-0.021938406705692342,-0.39540286308549194,-0.02411198789027534,-2.0975940429799667,0.004488487208411818,-0.40799123194151704,-1.235626329716974,-0.6753454291650889,0.032175066394230366,0.025351883788136204,0.02017781487040338,0.02879697787063475,-0.3293709878845388,-0.014096282542051803,-0.02362578793957551,-0.3951744702821743,0.023651147189377535,-0.023994949851305573,-0.05697778096657421,0.07592615916616278,-0.024193986406940156,-0.05697273611767268,-0.07595715890090472,-0.0001239803018167296,7.853141964757393e-05,-3.58981322315103e-05,0.0005637526611815918,-1.7244733167517404e-06,-8.632746907740136e-06,-0.0005681563236926842,-5.108350675443423e-05,4.962985069983053e-06,-1.941928072794217e-06,-1.1043364000635991e-06,-1.1472765417103526e-07,-4.2340607369469956e-05,-5.006089184103544e-06,3.3144219036525583e-06,1.9356708121083245e-06,5.012249659607911e-07,0.0007560931198479497,6.135460061740145e-07,-1.2995695863624513e-05,-0.000998266992713896,0.00028513139074459027,-6.9875137469526056e-06,-1.4608594052802327e-06,-3.239522893435582e-05,6.948042011162137e-06,-7.910771090014986e-05,9.894894510423227e-06,5.548565553903751e-06,3.41902106420039e-06,-9.110145527074761e-07,0.005720746571135226,-0.0033310596873242556,-0.00020414440887990694,-0.00048518287386215865,-0.010977954693296123,-0.00246051034866066,0.6459396928741177,-5.49880332427956e-05,0.2713041861575391,nan,nan,nan,nan,nan,nan
718,3.5949999999999456,Standing,0.8885545186287082,0.44645912514354047,1.5715469419382502,-2.0923293514027916,0.004309817310255415,-0.4117824443856099,-1.4871893176509843,0.9579831605796845,0.02318196382114491,0.025829492298951474,0.0167249417276269,0.027779438678307067,-0.35096309624794547,0.01158277940801954,-0.021938420092022196,-0.39540287142529973,-0.024111989887290942,-2.097595330940247,0.004488487657907014,-0.407991217370753,-1.2356248987967864,-0.675344571888034,0.0321750657177933,0.025351886379169804,0.020177772432059107,0.02879698910252243,-0.32937090104969047,-0.014096292071819035,-0.023625798034126587,-0.39517447384484733,0.023651148803348218,-0.023966745797803498,-0.056971680191704704,0.07592040614680176,-0.02416917270435835,-0.05696259855003305,-0.0759509806298551,3.133412374708351e-05,-2.1085530839730455e-05,2.2632496588144143e-05,-0.0003235222375750816,1.3870377564580354e-06,5.587530944442867e-06,0.0004490397103964353,0.0004968916964402542,1.7909928585798506e-05,-1.2362246360093772e-06,5.410947053401545e-06,2.145395687230441e-07,3.3590642634595225e-05,3.9984866815380245e-06,-2.6772659704370573e-06,-1.6679615554947883e-06,-3.994031203253568e-07,-0.00025759205600877385,8.989903910977069e-08,2.9141528050559836e-06,0.0002861840375404424,0.00017145541097846357,-1.3528741339371042e-07,5.182067198994481e-07,-8.487668854244155e-06,2.246377536275207e-06,1.7366969658081716e-05,-1.9059534462850918e-06,-2.018910215506428e-06,-7.125346076301529e-07,3.227941363780234e-07,0.005640810700414776,0.0012201549739013062,-0.001150603872204768,0.004962740516361783,0.0020275135279266988,0.001235654209925604,0.6459393297553985,-5.498771331466176e-05,0.27130447497281757,nan,nan,nan,nan,nan,nan
719,3.5999999999999455,Standing,0.8885548567317759,0.44645890019129175,1.571547057417522,-2.092330590706702,0.004309819072107369,-0.41178242917460783,-1.4871880774649937,0.9579841454967648,0.023182110551564283,0.025829477374015943,0.01672496356243022,0.027779440334816097,-0.35096299496996086,0.011582791468780173,-0.02193842713343001,-0.3954028765250695,-0.024111991090914515,-2.097598011448836,0.004488488192180762,-0.40799117516444694,-1.2356213026585692,-0.6753460372856062,0.03217508202198167,0.02535189303866715,0.020177868358497764,0.02879696642449055,-0.3293706290220862,-0.014096325999569528,-0.0236258193983662,-0.39517448374492836,0.023651151653517388,-0.02394283546259474,-0.056975480361229715,0.07591743548564026,-0.024131404673338405,-0.05692997347962636,-0.07593785282759317,6.76206135432731e-05,-4.499044973844847e-05,2.309585437924999e-05,-0.00024786078202635933,3.52370390920498e-07,3.0422004179770737e-06,0.00024803719811335363,0.0001969834160599259,2.934608387479994e-05,-2.984987106376283e-06,4.366960664178044e-06,3.3130180605153025e-07,2.0255596919052173e-05,2.412152126481737e-06,-1.4082815630641764e-06,-1.0199539530870616e-06,-2.4072471467570926e-07,-0.0005361017178618192,1.068547497784048e-07,8.441261214263616e-06,0.0007192276434582662,-0.00029307951444399675,3.260837672991383e-06,1.3318994693750907e-06,1.918528773151674e-05,-4.535606375665613e-06,5.4405520851343384e-05,-6.785550098399504e-06,-4.272847922841406e-06,-1.980016208536248e-06,5.700338340801902e-07,0.004782067041751372,-0.0007600339050016034,-0.0005941322323008295,0.00755360620398873,0.006525014081337141,0.00262556045238443,0.6459393811392293,-5.498771143893083e-05,0.2713044048912284,nan,nan,nan,nan,nan,nan
720,3.6049999999999454,Standing,0.8885549226572127,0.4464588449236775,1.5715470482920164,-2.0923303481552114,0.0043098167001868835,-0.4117824396101625,-1.4871886460358728,0.9579842331480487,0.023182252400301615,0.025829458437779337,0.016724971926878968,0.02777944132104484,-0.3509630313068861,0.01158278718357195,-0.021938423437859084,-0.39540287487894576,-0.02411199065946689,-2.0975984430336068,0.004488488962588762,-0.4079911731371263,-1.235620760232069,-0.6753485187002252,0.032175085135162707,0.025351895106624937,0.020178053299069684,0.028796914105492052,-0.3293705763396689,-0.014096335979234537,-0.023625821786285663,-0.39517448504451524,0.023651152030087618,-0.023922743423997316,-0.05698526788860797,0.07591631029897071,-0.024094019650773416,-0.056929697409268475,-0.0759318164276279,1.3185087354656403e-05,-1.1053522848851946e-05,-1.8251011157820414e-06,4.851029809176604e-05,-4.743840971780053e-07,-2.0871109320876795e-06,-0.00011371417581957104,1.7530256771822232e-05,2.8369747466763607e-05,-3.7872473212321255e-06,1.6728897494330745e-06,1.9724574823957666e-07,-7.267385051856492e-06,-8.570416445330758e-07,7.391141850922213e-07,3.292247500988955e-07,8.628952512905202e-08,-8.631695411923102e-05,1.540815998618434e-07,4.0546413164283637e-07,0.00010848530001756251,-0.0004962829238093556,6.226362085111304e-07,4.1359155724262033e-07,3.69881143838349e-05,-1.0463799699966669e-05,1.0536483465475948e-05,-1.995933001793435e-06,-4.775838922289842e-07,-2.599173717910054e-07,7.531404631182106e-08,0.004018407719484387,-0.0019575054756507215,-0.00022503733390890284,0.007477004512997885,5.5214071577285376e-05,0.001207279993053253,0.64593956878901,-5.498796627618877e-05,0.27130423885393196,nan,nan,nan,nan,nan,nan
721,3.6099999999999453,Standing,0.888554979742095,0.44645878867739947,1.571547037583465,-2.0923314823016312,0.004309824081712991,-0.4117824193527287,-1.4871871711481357,0.9579862976214666,0.023182402602851843,0.02582944290471993,0.01672499456297553,0.02777944259980436,-0.3509629145795552,0.011582801005118815,-0.021938431037737578,-0.3954028803171194,-0.024111992038808205,-2.097597464237679,0.004488488406653572,-0.4079912093106397,-1.2356230119949545,-0.6753498599579562,0.0321750725847968,0.02535189193336031,0.020178290266939593,0.028796841234314637,-0.3293707439310615,-0.014096321330419413,-0.023625807930334076,-0.3951744795036025,0.023651151146021735,-0.02390349726601555,-0.056977411253052376,0.07591161469626785,-0.0240610100729371,-0.05695777565678687,-0.07593262786886518,1.1416976444619832e-05,-1.1249255601401681e-05,-2.1417102713289006e-06,-0.00022682928396045878,1.4763052215345114e-06,4.051486761480109e-06,0.000294977547421549,0.0004128946835783307,3.0040510045547634e-05,-3.1066118814855195e-06,4.527219312473167e-06,2.5575190431423665e-07,2.3345466176953167e-05,2.76430937316015e-06,-1.5199756988846313e-06,-1.087634726582415e-06,-2.7586826292219705e-07,0.00019575918559442069,-1.1118703809224798e-07,-7.234702684914076e-06,-0.000450352577095387,-0.0002682515461913355,-2.5100731808905395e-06,-6.346529256041634e-07,4.7393573981866626e-05,-1.4574235482879012e-05,-3.3518278528945486e-05,2.929763024769493e-06,2.771190317675987e-06,1.1081825436400868e-06,-1.7681317638090128e-07,0.003849231596353288,0.0015713271111194296,-0.0009391205405714731,0.0066019155672626655,-0.005615649503679042,-0.0001622882474530973,0.6459396251561919,-5.4988097397175444e-05,0.2713041978843235,nan,nan,nan,nan,nan,nan
722,3.614999999999945,Standing,0.8885547090971916,0.4464589493962893,1.5715469489203109,-2.0923291343247055,0.004309811765382906,-0.4117824713474439,-1.487190424144333,0.9579846992425824,0.02318252540430554,0.0258294194055397,0.016724977815593758,0.027779442795072086,-0.35096316018921714,0.0115827719227317,-0.02193841259037771,-0.39540286858709955,-0.024111989127359502,-2.097596657910261,0.004488494028393169,-0.4079912390729749,-1.2356245922500428,-0.6753503059353911,0.032175061474271176,0.025351889310770093,0.020178567867387483,0.028796756858205163,-0.329370872412017,-0.01409631228379336,-0.02362579770254627,-0.39517447667393485,0.023651151527229467,-0.023891193137860468,-0.05699867273608434,0.07591414657823772,-0.0240271908404908,-0.0569703653248038,-0.07592994005759202,-5.412898067807741e-05,3.214377796245617e-05,-1.773263081704643e-05,0.0004695953851413282,-2.4632660169515765e-06,-1.0398943038685012e-05,-0.0006505992394658098,-0.0003196757768370974,2.4560290739489408e-05,-4.699836045994673e-06,-3.3494763548742492e-06,3.905354502193113e-08,-4.91219323888857e-05,-5.816477423067325e-06,3.6894719735094665e-06,2.3460039721033267e-06,5.822897405687584e-07,0.000161265483535799,1.1243479194283114e-06,-5.952467040145428e-06,-0.0003160510176602716,-8.919548699736672e-05,-2.222105124597435e-06,-5.245180433624102e-07,5.552008957814224e-05,-1.68752218949286e-05,-2.5696191099585608e-05,1.8093252106337727e-06,2.0455575608806277e-06,5.6593353648705e-07,7.624154627057392e-08,0.0024608256310163267,-0.004252296606392619,0.0005063763939750885,0.006763846489260344,-0.002517933603385353,0.0005375622546314279,0.6459396768537723,-5.498793554792587e-05,0.27130416949368114,nan,nan,nan,nan,nan,nan
723,3.619999999999945,Standing,0.8885555452627308,0.4464583871400608,1.5715471841759523,-2.0923357227087247,0.004309842789683279,-0.41178235029918525,-1.4871821935629237,0.9579909039554428,0.023182699776684846,0.02582941726347122,0.016725048703488704,0.027779446311868863,-0.3509625301348661,0.01158284656394678,-0.02193845856516162,-0.3954028983287774,-0.02411199658954478,-2.0975990852041524,0.004488489781020735,-0.40799123886394234,-1.2356238143120741,-0.6753504667544933,0.03217506467849594,0.025351889831914876,0.020178876627708377,0.028796667621438374,-0.32937082235119935,-0.014096325044148064,-0.0236258025590259,-0.39517448134958805,0.02365115387200756,-0.023876456699065445,-0.056953908250726694,0.07590237408689036,-0.023993384046379955,-0.05696138245572621,-0.07592257464909925,0.00016723310785955042,-0.0001124512456908091,4.705112828215935e-05,-0.0013176768038358853,6.204860074616939e-06,2.420965172842855e-05,0.0016461162818518095,0.0012409425720843108,3.4874475861457726e-05,-4.284136957276244e-07,1.4177578989423744e-05,7.03359355417075e-07,0.0001260108702019397,1.4928243016044937e-05,-9.194956781845731e-06,-5.948335573888756e-06,-1.4924370556447273e-06,-0.00048545877827870074,-8.494744866976325e-07,4.1806513333553507e-08,0.0001555875937449928,-3.2163820435914034e-05,6.408449534618102e-07,1.0422895655997073e-07,6.175206417897207e-05,-1.784735335774436e-05,1.001216353002746e-05,-2.552070940622807e-06,-9.712959254979095e-07,-9.351306376129333e-07,4.6895561901524964e-07,0.0029472877590041593,0.008952897071529175,-0.002354498269471989,0.006761358822168819,0.0017965738155174419,0.0014730816985532164,0.645939531068769,-5.49881101764549e-05,0.27130429949240564,nan,nan,nan,nan,nan,nan
724,3.624999999999945,Standing,0.8885537032370893,0.4464595829431819,1.5715466294085378,-2.09231888599722,0.004309756834787344,-0.4117826915627526,-1.4872045701401864,0.9579754253047549,0.023182699884669047,0.0258293624483026,0.01672487592703671,0.027779440980547795,-0.35096424041297786,0.011582643978135878,-0.021938333583605744,-0.3954028169787344,-0.024111976326510246,-2.0975953199675126,0.004488513336028014,-0.40799128520680245,-1.2356265299717222,-0.6753524077088596,0.03217504170415736,0.025351887698822486,0.020179110411990078,0.028796593558620943,-0.32937103531278583,-0.014096305540642132,-0.023625784753247375,-0.39517447091659674,0.02365115199544743,-0.023915251807199025,-0.0570808286632856,0.07593529276083336,-0.02396514237468442,-0.05696802485132504,-0.07591950399802294,-0.00036840512830861626,0.00023916062422010975,-0.0001109534828894246,0.003367342300892727,-1.7190979187124223e-05,-6.825271347115935e-05,-0.0044753154525419645,-0.0030957301375981764,2.1596840605168943e-08,-1.0963033723616339e-05,-3.455529039824165e-05,-1.0662642136788045e-06,-0.00034205562235258826,-4.0517162180457816e-05,2.4996311175271544e-05,1.6270008599023744e-05,4.052606907259598e-06,0.0007530473279739335,4.71100145570096e-06,-9.26857201981016e-06,-0.0005431319295922349,-0.0003881908732607663,-4.594867717401413e-06,-4.2661847819634804e-07,4.675685634029442e-05,-1.4812563486051998e-05,-4.259231729422994e-05,3.900701186361798e-06,3.5611557053574518e-06,2.0865982648911487e-06,-3.7531202583300437e-07,-0.007759021626715946,-0.025384082511781633,0.006583734788598768,0.0056483343391070095,-0.0013284791197656185,0.0006141302152633919,0.6459400229457939,-5.4987908720518674e-05,0.2713039185385878,nan,nan,nan,nan,nan,nan
725,3.629999999999945,Standing,0.8885563102788676,0.44645786817157157,1.5715474688963622,-2.092343939935487,0.004309887494231184,-0.4117822038631815,-1.4871716565633082,0.9580004609366042,0.023182866634978896,0.025829417602725044,0.01672511423862951,0.02777944867641548,-0.3509617582197809,0.011582937938662656,-0.021938519429540036,-0.39540293366011386,-0.02411200572603233,-2.097600243105468,0.0044884846849079585,-0.40799128966776704,-1.2356261067601066,-0.6753536651837082,0.03217503847521192,0.025351888645391403,0.020179258434126025,0.028796548821389305,-0.3293710144086371,-0.014096312088516793,-0.023625791032822238,-0.39517447417044504,0.023651154550365847,-0.024006703261897057,-0.056854440812200153,0.07590199730565354,-0.023941123877510167,-0.056980368856938926,-0.07591833139391524,0.0005214083556615275,-0.0003429543220593703,0.00016789756487538968,-0.005010787653301042,2.6131888767954778e-05,9.753991421886759e-05,0.006582715375634806,0.00500712636986314,3.3350061969976924e-05,1.1030884488330568e-05,4.766231856014757e-05,1.5391735372777583e-06,0.0004964386394006852,5.879210535545154e-05,-3.716918685825468e-05,-2.3336275894545238e-05,-5.879904416545551e-06,-0.0009846275910883702,-5.730224011080528e-06,-8.921929152682269e-07,8.464232310561291e-05,-0.0002514949697201719,-6.457890871360917e-07,1.8931378357066246e-07,2.96044271895177e-05,-8.9474463273334e-06,4.180829747775524e-06,-1.309574932311256e-06,-1.2559149724705986e-06,-6.507696620719932e-07,5.109836829895589e-07,-0.018290290939606504,0.045277570217089017,-0.006659091035961355,0.004803699434850902,-0.002468801122778088,0.00023452082154145465,0.6459389774213045,-5.4989104932238874e-05,0.27130478327340246,nan,nan,nan,nan,nan,nan
726,3.6349999999999447,Standing,0.8885557750784243,0.4464581995833821,1.5715471085278847,-2.0923352677577234,0.004309834533940187,-0.4117823691934402,-1.4871837383658109,0.9579901030456167,0.02318313795343552,0.025829360986940705,0.016725058903505736,0.027779451003094896,-0.3509626078169347,0.011582837161457245,-0.021938446397917054,-0.39540289341579504,-0.02411199564275822,-2.0975994339397515,0.004488500162347342,-0.40799131030194324,-1.2356274759252286,-0.6753540023532015,0.03217502714542136,0.02535188659344038,0.020179376342623047,0.028796509463149423,-0.3293711273145842,-0.014096302100842596,-0.02362578102729673,-0.3951744688320179,0.023651154599340356,-0.02411273276776189,-0.05691173338054778,0.07593086405097552,-0.02391792287858194,-0.056974215965726376,-0.07591328280119851,-0.00010704008866411205,6.628236211088991e-05,-7.207369551199581e-05,0.001734435552687725,-1.0592058199520388e-05,-3.3066051741420296e-05,-0.0024163605005339227,-0.0020715781974860884,5.4263691324836656e-05,-1.1323156867582554e-05,-1.1067024754964294e-05,4.6533588288186543e-07,-0.00016991943077114514,-2.0155441081967662e-05,1.4606324596310146e-05,8.048863766064979e-06,2.0166548221726934e-06,0.0001618331433191004,3.0954878766028714e-06,-4.126835234838101e-06,-0.00027383302437624627,-6.743389866863502e-05,-2.2659581123642874e-06,-4.103902044503568e-07,2.3581699404317237e-05,-7.87164797680844e-06,-2.2581189418224696e-05,1.9975348391900257e-06,2.001105101877817e-06,1.067685433541705e-06,9.794901394713993e-09,-0.021205901172966724,-0.01145851366952539,0.005773349064395298,0.0046401997856455116,0.0012305782425101408,0.0010097185433456464,0.6459404387434949,-5.4987956750543015e-05,0.27130360034870565,nan,nan,nan,nan,nan,nan
727,3.6399999999999446,Standing,0.8885544183248876,0.4464590840788685,1.5715466870579848,-2.0923234285842294,0.0043097776759550635,-0.4117825994350282,-1.4871990119247809,0.9579798491366006,0.02318285194217551,0.025829359749896193,0.0167249454244294,0.027779447034823417,-0.3509637897024362,0.011582697272586592,-0.0219383621112364,-0.3954028375661728,-0.02411198164807786,-2.097596135248728,0.004488516297123425,-0.4079913623299834,-1.235630714164402,-0.6753567775407695,0.03217499582967514,0.02535188470979617,0.020179388849060592,0.028796496295188857,-0.32937138661738047,-0.014096273139235154,-0.02362576193256697,-0.39517445660595774,0.023651152778434433,-0.024163242962548945,-0.056996727604889656,0.07595679064227505,-0.023901057179552213,-0.05698885080030574,-0.0759137617895831,-0.00027135070735060795,0.0001768990972696897,-8.429397996028554e-05,0.002367834698799617,-1.1371597024597234e-05,-4.6048317600831306e-05,-0.003054711794000067,-0.0020507818032293166,-5.720225200282315e-05,-2.474089020465011e-07,-2.2695815267548768e-05,-7.936542956609885e-07,-0.00023637710029745916,-2.797777413073107e-05,1.6857336130446656e-05,1.1169924452433972e-05,2.7989360716621643e-06,0.0006597382047034166,3.226955216773371e-06,-1.0405608025317872e-05,-0.0006476478347118761,-0.0005550375135940725,-6.263149243704439e-06,-3.767288416858041e-07,2.5012875088852114e-06,-2.6335921132752173e-06,-5.1860559256252814e-05,5.79232148836331e-06,3.818945951815585e-06,2.4452120345212397e-06,-3.641811841937063e-07,-0.010102038957410742,-0.016998844868375027,0.005185318259907893,0.003373139805945502,-0.002926966915873376,-9.579767691888109e-05,0.6459402549382769,-5.498896787642732e-05,0.2713038344728607,nan,nan,nan,nan,nan,nan
728,3.6449999999999445,Standing,0.8885544347256722,0.4464590867460965,1.5715468284026846,-2.0923247642887985,0.004309788244877933,-0.41178258379919147,-1.487197056022707,0.9579826742925843,0.023182599920256897,0.025829391288897753,0.016724929156013205,0.027779444767900514,-0.3509636983815288,0.011582708269826067,-0.021938377766620852,-0.39540284206566517,-0.024111982748533788,-2.097597341188534,0.00448851528240418,-0.40799135815104504,-1.235629807820578,-0.6753587206103482,0.032174992348065014,0.025351886902208402,0.020179404319080083,0.02879648895642514,-0.3293713344844893,-0.014096280790465087,-0.023625767923851078,-0.3951744617500396,0.023651156562967176,-0.024167971504086245,-0.05698483239392974,0.0759550183698072,-0.023882967347904967,-0.056972052865896856,-0.0759072076241425,3.2801569202680486e-06,5.334456067353384e-07,2.8268939956377796e-05,-0.0002671409138381418,2.113784573892821e-06,3.127167349545028e-06,0.00039118041476922643,0.0005650311967326819,-5.0404383722531716e-05,6.307800312122923e-06,-3.25368323912521e-06,-4.533845803944856e-07,1.8264181478432583e-05,2.199447895025712e-06,-3.1310768904457123e-06,-8.998984774621733e-07,-2.2009118557382408e-07,-0.0002411879611405103,-2.029438490328233e-07,8.357876760864866e-07,0.00018126876478468995,-0.00038861391573868643,-6.963220255657267e-07,4.38482445857048e-07,3.094003898285834e-06,-1.4677527436639122e-06,1.0426578229644211e-05,-1.5302459864415904e-06,-1.198256821875423e-06,-1.0288163780519508e-06,7.569065488187886e-07,-0.000945708307459851,0.0023790421919833785,-0.0003544544935707387,0.003617966329449149,0.00335958688177618,0.0013108330881186996,0.6459394798330818,-5.4989821884684806e-05,0.2713044836176687,nan,nan,nan,nan,nan,nan
729,3.6499999999999444,Standing,0.8885545923968221,0.44645898307280957,1.5715469598443461,-2.0923298414648275,0.004309821459083574,-0.4117824680365484,-1.4871894143835223,0.9579900915248181,0.023182458339457056,0.02582942573646502,0.0167249625644989,0.02777944518496564,-0.35096313439128274,0.01158277508176427,-0.021938421391691797,-0.39540286887419074,-0.024111989433641182,-2.0975952109130205,0.0044885097723925856,-0.4079914370767471,-1.2356350976315884,-0.6753600244634662,0.03217494973892489,0.025351880608514996,0.020179420981457325,0.028796468826662123,-0.3293717535801776,-0.014096233345350557,-0.02362573976612432,-0.39517444367962956,0.023651154085613843,-0.02414708911404456,-0.056933222919425305,0.07594082292644314,-0.0238816419054489,-0.05702380201718889,-0.07591826587632142,3.1534229993329394e-05,-2.0734657387291818e-05,2.6288332296410802e-05,-0.0010154352057521535,6.6428411282191734e-06,2.3152528618182516e-05,0.0015283278369393727,0.0014834464467456954,-2.8316159968260455e-05,6.889513453224565e-06,6.681697138724899e-06,8.341302496113971e-08,0.00011279804921112274,1.3362387640834534e-05,-8.725014188588376e-06,-5.361705117101637e-06,-1.3370214786596865e-06,0.0004260551026499036,-1.1020023189590195e-06,-1.578514041871609e-05,-0.0010579622020759761,-0.00026077062360470033,-8.521828025746114e-06,-1.2587386816054565e-06,3.332475448662766e-06,-4.025952603530629e-06,-8.381913766334129e-05,9.489022906022124e-06,5.631545351441864e-06,3.6140820120181238e-06,-4.95470666393144e-07,0.004176478008337023,0.010321894900887101,-0.0028390886728114034,0.00026508849121338607,-0.01034983025840569,-0.0022116504357812625,0.645939410878264,-5.498996464848576e-05,0.27130451517719484,nan,nan,nan,nan,nan,nan
730,3.6549999999999443,Standing,0.8885561809338022,0.4464579656483461,1.571547394584523,-2.0923362416982476,0.004309837859036938,-0.41178235055177964,-1.487182217963314,0.9579926306796102,0.023182390644942798,0.025829455763125262,0.016725015386646943,0.02777944983842272,-0.35096256158061573,0.011582842956886672,-0.02193846146270021,-0.3954028964356822,-0.024111996223607726,-2.0976056864483157,0.004488506264360977,-0.4079912652454233,-1.2356224207197508,-0.6753586671049688,0.032175032576237036,0.025351894926035876,0.020179536714463805,0.02879645515525315,-0.32937079563749977,-0.014096348604749984,-0.02362581068415792,-0.3951744897650352,0.02365116855716388,-0.02411845053339967,-0.056922784089806486,0.07593410222395096,-0.023891939906792965,-0.0568703180461198,-0.07588649030919474,0.00031770739601928163,-0.00020348489269169474,8.694803541031809e-05,-0.0012800466840536323,3.279990672889732e-06,2.3496953743880896e-05,0.0014392840416160653,0.000507830958407747,-1.3538902851657275e-05,6.0053320483434246e-06,1.0564429609052845e-05,9.306914164023593e-07,0.0001145621334025335,1.357502448032057e-05,-8.014201682657316e-06,-5.5122983001484585e-06,-1.3579933090815338e-06,-0.002095107059060276,-7.01606321582618e-07,3.436626476825096e-05,0.0025353823675343294,0.0002714716994854479,1.6567462429387872e-05,2.8635041760809493e-06,2.3146601295729572e-05,-2.7342817948233665e-06,0.0001915885355663015,-2.3051879885624163e-05,-1.418360672000188e-05,-9.217081137148546e-06,2.8943100073326933e-06,0.005727716128977639,0.00208776592376418,-0.001344140498435765,-0.0020596002688134584,0.0306967942138184,0.006355113425335823,0.6459394669601294,-5.498924087149697e-05,0.2713044775284906,nan,nan,nan,nan,nan,nan
731,3.659999999999944,Standing,0.8885542014695139,0.44645921958937496,1.5715467026410135,-2.0923274923310475,0.004309815659185988,-0.411782469375392,-1.4871912277994814,0.9579897840495194,0.023182278459516342,0.025829449556953675,0.016724960074280665,0.02777944692701894,-0.35096322298848437,0.01158276432361058,-0.021938406144249335,-0.3954028640448416,-0.024111988358771635,-2.0975906457663576,0.004488516747024314,-0.40799156707181733,-1.2356442632186795,-0.6753598918974655,0.032174888197960605,0.025351867969806558,0.020179601071821686,0.02879639189037302,-0.32937245650254576,-0.014096156559132095,-0.023625688204066485,-0.3951744060571615,0.023651146009715282,-0.02409083079368187,-0.05695508844399987,0.07593655544366175,-0.024055751191440437,-0.05705462398086354,-0.07595286925649797,-0.0003958928576568296,0.0002507882057694002,-0.00013838870192542342,0.001749873440035289,-4.439970190124309e-06,-2.3764722471802583e-05,-0.0018019672334892648,-0.0005693260181573957,-2.2437085291401006e-05,-1.2412343172810328e-06,-1.1062473255664812e-05,-5.822807560499792e-07,-0.0001322815737235718,-1.572665521839873e-05,1.1063690175259595e-05,6.478168124475426e-06,1.5729672184680275e-06,0.0030081363916171903,2.096532667307746e-06,-6.036527880791657e-05,-0.004368499785750309,-0.00024495849932858985,-2.887565528695409e-05,-5.391245863887139e-06,1.2871471576173426e-05,-1.2652976025713096e-05,-0.00033217300920103637,3.840912357784311e-05,2.4496018286772864e-05,1.6741574745107912e-05,-4.509489720164069e-06,0.005523947943560213,-0.006460870838676736,0.0004906439421590799,-0.0327622569294942,-0.036861186948748355,-0.013275789460646734,0.6459403991583624,-5.498980190685605e-05,0.2713037346983728,nan,nan,nan,nan,nan,nan
732,3.664999999999944,Standing,0.8885539938550273,0.44645935745931126,1.5715467917697759,-2.092326114890609,0.0043098066196807765,-0.4117824953102785,-1.4871926130910835,0.9579894246147462,0.02318213145411718,0.02582946426199573,0.016724944268597573,0.027779446256981734,-0.3509633439269529,0.01158275009359634,-0.02193840052369439,-0.39540285845214834,-0.02411198693547596,-2.0975923708554025,0.004488526499079573,-0.4079915651005077,-1.23564336550159,-0.6753536020676031,0.03217487442407706,0.02535186707199569,0.0201795918620965,0.028796384349395934,-0.3293724573235258,-0.014096157564964329,-0.02362569672764829,-0.39517440676806326,0.023651150195586484,-0.024059482995056697,-0.05697492085261978,0.07593576945194971,-0.024139365023382466,-0.05700014856316059,-0.0759544104456487,-4.152289732405637e-05,2.757398725465604e-05,1.7825752474972156e-05,0.00027548808775743235,-1.8079010422605387e-06,-5.186977305883465e-06,-0.00027705832041265317,-7.188695462310307e-05,-2.940107983284731e-05,2.9410084107685944e-06,-3.161136618425759e-06,-1.3400744129948364e-07,-2.4187693699999547e-05,-2.8460028478080163e-06,1.1241109890038437e-06,1.1185386485811544e-06,2.8465913519738207e-07,-0.00034501780900156494,1.950411051920228e-06,3.942619284911882e-07,0.00017954341791876285,0.001257965972478394,-2.754776709361088e-06,-1.7956217352090816e-07,-1.8419450373901704e-06,-1.5081954171594506e-06,-1.6419601450793622e-07,-2.0116644677445442e-07,-1.7047163611977605e-06,-1.4218036025846618e-07,8.37174240262398e-07,0.006269559725034669,-0.003966481723981827,-0.0001571983424072074,-0.016722766388405478,0.010895083540590815,-0.0003082378301457467,0.6459393363560979,-5.4988175445628175e-05,0.2713046727029329,nan,nan,nan,nan,nan,nan
733,3.669999999999944,Standing,0.888554859085737,0.4464587963216855,1.5715471358294186,-2.0923305942751744,0.00430982146814415,-0.4117824206616984,-1.4871872728861582,0.9579926115117323,0.023182152109399952,0.025829474474167672,0.01672498096973238,0.02777944798252717,-0.35096294333757855,0.011582797664889911,-0.021938432221521014,-0.39540287797962254,-0.024111991693699583,-2.0975987496672284,0.004488528358306444,-0.4079914924613565,-1.2356363930122183,-0.6753552337948812,0.032174894718139044,0.025351881426825262,0.020179782934868124,0.028796334409917832,-0.3293719487582139,-0.014096222519473714,-0.023625741490645426,-0.39517442035660333,0.02365115506393391,-0.02402561952250759,-0.056963751681673995,0.07592804531758858,-0.024162377627919025,-0.05690009855045572,-0.0759363125386684,0.0001730461419293403,-0.00011222752515046132,6.881192857104406e-05,-0.0008958769130861515,2.9696926747179693e-06,1.4929716021467854e-05,0.0010680409850891196,0.0006373793972152234,4.131056554184023e-06,2.0424343885936874e-06,7.340226961520015e-06,3.451090873442648e-07,8.011787486798186e-05,9.51425871410686e-06,-6.339565324871841e-06,-3.90549483654037e-06,-9.516447245789635e-07,-0.0012757623651907532,3.718453740845822e-07,1.4527830241951882e-05,0.0013944978743393498,-0.00032634545561366054,4.058812397155065e-06,2.870965914185136e-06,3.8214554325368265e-05,-9.98789562048181e-06,0.00010171306238721727,-1.2990901876979074e-05,-8.952599427101338e-06,-2.7177080096818653e-06,9.736694855152637e-07,0.0067726945098209,0.0022338341891560845,-0.0015448268722271937,-0.004602520907312021,0.020010002540973716,0.0036195813960612274,0.6459391342929528,-5.498813537278224e-05,0.27130480267345425,nan,nan,nan,nan,nan,nan
734,3.674999999999944,Standing,0.8885552328895354,0.4464585660908395,1.57154717059393,-2.0923323604078345,0.0043098292157476206,-0.41178238260278316,-1.4871849709234102,0.957994153883718,0.02318222991820265,0.02582947171721041,0.016725008715524133,0.027779449510312467,-0.35096275164135504,0.011582820398345973,-0.02193844403238979,-0.39540288758010184,-0.024111993966801314,-2.0975999375020953,0.00448851771009732,-0.40799143662331444,-1.2356333557968677,-0.6753675034341179,0.032174889752026745,0.02535189626709658,0.020178768706261816,0.028796628559667144,-0.32937169142619804,-0.01409623254451992,-0.02362575973639581,-0.3951744243753247,0.023651156495127796,-0.023994799657786673,-0.05696161896851402,0.07592273139939058,-0.02416199753166406,-0.05688832400707886,-0.07593368386705095,7.476075968367135e-05,-4.6046169197695215e-05,6.9529022493426045e-06,-0.00035322653206384935,1.5495206940375977e-06,7.611783048983518e-06,0.0004603925495854337,0.0003084743971406527,1.5561760539574178e-05,-5.513914523802571e-07,5.549158349872059e-06,3.0555705972253177e-07,3.833924470009136e-05,4.546691212505007e-06,-2.362173755554393e-06,-1.920095861749074e-06,-4.5462034644765433e-07,-0.00023756697337718575,-2.1296418247348964e-06,1.1167608417056179e-05,0.0006074430701256013,-0.002453927847354156,-9.932224593096197e-07,2.968054263369611e-06,-0.0002028457212614624,5.88299498621995e-05,5.14664031740625e-05,-2.0050092411004067e-06,-3.64915007636679e-06,-8.037442735848614e-07,2.8623877720845805e-07,0.0061639729441835805,0.00042654263199535473,-0.0010627836395992857,7.601925099260873e-05,0.0023549086753717544,0.0005257343234899548,0.6459395881721846,-5.498835102447707e-05,0.27130441351367685,nan,nan,nan,nan,nan,nan
735,3.6799999999999438,Standing,0.8885548402287943,0.44645883375323886,1.571546966675746,-2.0923299911055318,0.004309821596515665,-0.4117824177010865,-1.487187530825113,0.9579932297181891,0.02318228103047302,0.025829460085087755,0.016725003698857113,0.027779449351889588,-0.3509629332438938,0.01158279888793889,-0.02193842824022109,-0.39540287927120193,-0.024111991813798375,-2.0975968819367754,0.0044885063745889065,-0.4079914115960955,-1.2356347384052393,-0.6753742486705092,0.032174880539106714,0.02535189576444047,0.020177475603460757,0.02879699447920159,-0.3293717746547149,-0.014096195823796337,-0.02362574615098091,-0.3951744282179552,0.023651160794570684,-0.023969530356615733,-0.05697880675122228,0.0759223592701377,-0.024151884017492672,-0.05693780184095401,-0.0759428348739045,-7.853214822975846e-05,5.353247987491131e-05,-4.078363679926963e-05,0.00047386046051578565,-1.5238463911423112e-06,-7.019660663115288e-06,-0.0005119803405600106,-0.00018483310577774737,1.0222454073190176e-05,-2.326424530885406e-06,-1.003333404189825e-06,-3.168457598867613e-08,-3.632050775948857e-05,-4.3020814168725915e-06,3.1584337404588277e-06,1.6617799764892502e-06,4.3060058759363835e-07,0.0006111130640150866,-2.267101682728978e-06,5.005443795299545e-06,-0.00027652167433432466,-0.001349047278266564,-1.8425840058441334e-06,-1.0053122233863202e-07,-0.0002586205602117752,7.318390688977148e-05,-1.664570336826491e-05,7.344144716505729e-06,2.7170829795887963e-06,-7.685260937380981e-07,8.598885780334925e-07,0.005053860234187971,-0.003437556541651727,-7.442585057763668e-05,0.002022702834277841,-0.009895566775029372,-0.001830201370710997,0.645939828076548,-5.498823677973852e-05,0.27130422632738627,nan,nan,nan,nan,nan,nan
736,3.6849999999999437,Standing,0.8885547238394723,0.4464589280774005,1.5715469167175717,-2.0923301287225295,0.004309824965815423,-0.41178241057691045,-1.4871869261728137,0.9579946148585835,0.023182339622609637,0.02582945404986787,0.016725018153394236,0.027779449716826467,-0.3509628863378596,0.011582804486915628,-0.021938431550647407,-0.3954028817146929,-0.024111992371864347,-2.0975956346645126,0.004488492752831911,-0.4079913483800648,-1.2356334784073857,-0.675376579261863,0.03217489640279214,0.02535189438946419,0.02017628550107241,0.02879733559965535,-0.3293716683903351,-0.014096182505559596,-0.023625746755504263,-0.39517444590853334,0.023651169101070544,-0.023944992931326337,-0.05697737092986591,0.07591816238229661,-0.024126424181158707,-0.056969127794211566,-0.07594557850338655,-2.3277864400424856e-05,1.8864832325442178e-05,-9.991634868816643e-06,-2.7523399597442592e-05,6.738599514848003e-07,1.4248352037088025e-06,0.00012093045985566429,0.0002770280788713706,1.1718427323584255e-05,-1.20704397722736e-06,2.8909074245223343e-06,7.298737580225876e-08,9.381206843399116e-06,1.119795347848622e-06,-6.620852634144054e-07,-4.886981981297427e-07,-1.1161319411604904e-07,0.0002494544525760923,-2.724351399200516e-06,1.264320613365976e-05,0.0002519995707028729,-0.0004661182707632053,3.1727370858994875e-06,-2.7499525577791724e-07,-0.00023802047766952525,6.822409075206025e-05,2.1252875955350476e-05,2.663647348104996e-06,-1.209046704332694e-07,-3.538115637497564e-06,1.6612999716811713e-06,0.004907485057879053,0.0002871642712732,-0.0008393775682167051,0.005091967266793299,-0.006265190651510906,-0.0005487258964109634,0.6459396263066928,-5.498799942241263e-05,0.27130438934739803,nan,nan,nan,nan,nan,nan
737,3.6899999999999435,Standing,0.8885549400806595,0.4464587941900015,1.5715469758632723,-2.092331151000548,0.0043098277529560365,-0.411782395499485,-1.4871857468128762,0.95799561327058,0.023182443325881888,0.02582944415886871,0.016725036987954457,0.027779450912318548,-0.35096279244291945,0.01158281564905025,-0.021938438226178546,-0.3954028863144157,-0.02411199348620481,-2.0975972787893973,0.004488483424751491,-0.40799122944996824,-1.2356295203223542,-0.6753591211724164,0.032174966283153715,0.025351881698699025,0.02017553041683295,0.028797556056038554,-0.32937136401633865,-0.014096199855648087,-0.02362576310449558,-0.39517446965257674,0.02365117703287537,-0.023923597091889896,-0.05697801824323073,0.07591492787908909,-0.024090519769261694,-0.056956352078080565,-0.0759370402982422,4.3248237436051794e-05,-2.677747979889106e-05,1.18291400957664e-05,-0.00020445560362494515,5.574281226841783e-07,3.0154850977620753e-06,0.0002358719874890728,0.00019968239930902908,2.0740654450173302e-05,-1.978199831376292e-06,3.7669120440852737e-06,2.3909841591620784e-07,1.877898803317039e-05,2.232426924688983e-06,-1.3351062273848625e-06,-9.199445678268048e-07,-2.2286809266544232e-07,-0.00032882497690109124,-1.865616083983619e-06,2.3786019309251544e-05,0.0007916170063149931,0.0034916178893316806,1.3976072314403251e-05,-2.5381530325478177e-06,-0.00015101684789227524,4.409127664050223e-05,6.087479928794872e-05,-3.470017698191733e-06,-3.2697982633354134e-06,-4.748808680689876e-06,1.5863609653284312e-06,0.0042791678872884775,-0.00012946267296415072,-0.0006469006415032402,0.007180882379402509,0.002555143226199704,0.0017076410288689302,0.6459395421283664,-5.498780929795277e-05,0.27130442248541137,nan,nan,nan,nan,nan,nan
738,3.6949999999999434,Standing,0.8885550911703346,0.4464587016593517,1.5715469953213028,-2.0923310859352835,0.004309824870032274,-0.411782403730042,-1.4871861664299022,0.9579952899132971,0.02318255193272563,0.025829429859037002,0.016725043838834004,0.027779451835088134,-0.35096281900239706,0.011582812523550307,-0.021938435686926536,-0.395402885100363,-0.024111993171397835,-2.0975987132054654,0.004488480252533993,-0.40799114372739315,-1.235625426032986,-0.6753444741391572,0.03217502072090374,0.025351878976570003,0.02017522836914043,0.028797651637299557,-0.3293710277695242,-0.014096230117864037,-0.023625788785874634,-0.3951744712290651,0.023651170828989706,-0.023906322860492123,-0.056988328056221914,0.07591435375600984,-0.024052878109486114,-0.056941955908493,-0.07592787703243893,3.0217935016413743e-05,-1.850612995688789e-05,3.8916060976827565e-06,1.3013052864996945e-05,-5.765847525552863e-07,-1.6461114059220377e-06,-8.39234052137236e-05,-6.467145658561866e-05,2.172136874785685e-05,-2.8599663414213615e-06,1.370175909851907e-06,1.8455391735310373e-07,-5.311895522447867e-06,-6.250999886599718e-07,5.078504020878474e-07,2.428105444571739e-07,6.296139544586571e-08,-0.00028688321359764265,-6.344434995465471e-07,1.714451502040713e-05,0.0008188578736573399,0.0029294066518302493,1.0887550004420801e-05,-5.444258041667992e-07,-6.04095385044305e-05,1.911625220042348e-05,6.724936288809584e-05,-6.052443189900971e-06,-5.136275810661337e-06,-3.152976727295929e-07,-1.240777132782953e-06,0.003454846279554461,-0.002061962598236644,-0.00011482461584994257,0.007528331955116191,0.002879233917513721,0.0018326531606548085,0.6459396618250992,-5.4987931931199725e-05,0.27130428298723136,nan,nan,nan,nan,nan,nan
739,3.6999999999999433,Standing,0.8885553119683142,0.44645855392129674,1.5715470265087552,-2.0923330022670874,0.004309835213863394,-0.41178236863790557,-1.487183766807126,0.9579974762605418,0.02318268078924354,0.025829419497129212,0.016725072738079036,0.02777945330649476,-0.3509626308666049,0.011582834794873357,-0.021938448470211227,-0.3954028938939024,-0.024111995396347004,-2.0975986534914433,0.004488477993811185,-0.4079911212891793,-1.23562428825859,-0.6753313844229241,0.03217504795042713,0.025351877218190627,0.020175342302212733,0.028797625322356444,-0.32937090984577555,-0.014096243419976659,-0.023625802347206137,-0.3951744524814846,0.023651155287490375,-0.023889200006367187,-0.05697649643405624,0.0759091688471842,-0.02402128302332348,-0.05695794291471864,-0.07592629986337804,4.415959591613229e-05,-2.9547610985835188e-05,6.237490486807155e-06,-0.0003832663608230669,2.0687662239129753e-06,7.018427287594652e-06,0.00047992455524674356,0.00043726944893481457,2.577130358210152e-05,-2.072381557696019e-06,5.7798490065345144e-06,2.9428132479187786e-07,3.762715843195892e-05,4.454264609993525e-06,-2.5566569382950875e-06,-1.7587078834828953e-06,-4.44989833886602e-07,1.1942804423341932e-05,-4.5174456173121974e-07,4.487642765799019e-06,0.00022755487920058618,0.0026179432466270245,5.445904677913755e-06,-3.5167587557165153e-07,2.278661446073954e-05,-5.262988622806471e-06,2.3584749730130175e-05,-2.6604225242891092e-06,-2.7122663006113816e-06,3.749516107526377e-06,-3.1082998658173963e-06,0.0034245708249869763,0.0023663244331354532,-0.001036981765129355,0.006319017232526744,-0.003197401245128117,0.0003154338121783423,0.6459397628495253,-5.498815104718732e-05,0.27130416345331304,nan,nan,nan,nan,nan,nan
740,3.7049999999999432,Standing,0.8885547917907776,0.44645889204628875,1.571546860974138,-2.0923285156767526,0.0043098128919613655,-0.4117824610789201,-1.4871897615814904,0.9579936929893718,0.023182762620824342,0.025829394535896586,0.016725033930443098,0.027779452460282992,-0.35096308586131664,0.011582780896160279,-0.021938414584268706,-0.39540287218587006,-0.024111990003454053,-2.097597065841786,0.004488486492050857,-0.40799113371298634,-1.235624038217295,-0.6753235526900446,0.03217505412429298,0.025351880320952338,0.02017576406196308,0.02879751072699375,-0.3293708639915308,-0.014096255027051526,-0.023625811610944434,-0.39517442805386777,0.02365113758927345,-0.023882525354847296,-0.05701265347849933,0.07591569714436273,-0.02399207616678149,-0.05697480730853708,-0.07592529042216185,-0.00010403550731818284,6.762499839748543e-05,-3.310692342097316e-05,0.0008973180669889004,-4.464380405639162e-06,-1.8488202898620573e-05,-0.0011989548728730014,-0.0007566542339925589,1.6366316160888037e-05,-4.992246525286917e-06,-7.76152718732242e-06,-1.6924235373896516e-07,-9.099894234286936e-05,-1.077974261550492e-05,6.777188504161734e-06,4.3416064595528846e-06,1.0785785901540814e-06,0.0003175299314548555,1.6996479345214341e-06,-2.484761406308792e-06,5.000825900278776e-05,0.0015663465758948734,1.2347731693221326e-06,6.205523422121989e-07,8.435195006947218e-05,-2.291907253880327e-05,9.17084895228714e-06,-2.3214149733567422e-06,-1.8527476594176845e-06,4.885523363316996e-06,-3.5396433854968247e-06,0.0013349303039783878,-0.007231408888618388,0.0013056594357087428,0.005841371308398315,-0.0033728787636882174,0.0002018882432372355,0.6459399152781873,-5.4988017460530014e-05,0.2713040131675425,nan,nan,nan,nan,nan,nan
741,3.709999999999943,Standing,0.888556412776861,0.44645782764993025,1.5715473231455872,-2.0923421747203705,0.0043098801386916305,-0.41178219747566436,-1.4871722014689697,0.9580062818322743,0.023182974107038436,0.02582941068360317,0.016725180033326976,0.02777945854372519,-0.35096174003077163,0.011582940290466656,-0.021938512308335413,-0.39540293573599317,-0.02411200594198194,-2.0976008678085294,0.004488474274403171,-0.40799111265334526,-1.2356204663542674,-0.6753201745850558,0.03217507595733119,0.025351889916218503,0.020176405442361826,0.028797340396357066,-0.3293705668548482,-0.014096301183335687,-0.023625840071281035,-0.39517442210703196,0.023651126913850913,-0.023878139960094472,-0.05690833898496227,0.07589312466639311,-0.023962806299332014,-0.05696818821191253,-0.07591915410634788,0.00032419721669322594,-0.00021287927169451066,9.243428982569897e-05,-0.0027318087235955494,1.344934605306024e-05,5.2720651140048317e-05,0.003512022504156712,0.0025177685805106917,4.229724281853495e-05,3.2295413170954496e-06,2.9220576775801858e-05,1.2166884393959612e-06,0.00026916610900436103,3.1878861275445896e-05,-1.9544813341701045e-05,-1.2710024620067168e-05,-3.1877055774135424e-06,-0.0007603933486589191,-2.4435295371331543e-06,4.2119282162866285e-06,0.0007143726055251745,0.0006756209977775767,4.36660764242703e-06,1.9190532331999765e-06,0.00012827607974938584,-3.406612733670726e-05,5.942733651609056e-05,-9.231256832110284e-06,-5.692067320110787e-06,1.1893671636937598e-06,-2.135084507e-06,0.0008770789505645441,0.020862898707412494,-0.004514495593925217,0.005853973489895211,0.0013238193249089174,0.0012272631627953568,0.645939631527061,-5.498827093480569e-05,0.27130421475058036,nan,nan,nan,nan,nan,nan
742,3.714999999999943,Standing,0.8885533977093152,0.4464598027901223,1.5715463948241368,-2.0923141574390343,0.004309736482856711,-0.41178275669023184,-1.4872092949925906,0.9579796303291865,0.02318291904514557,0.025829328609135945,0.016724902069179464,0.027779449960677546,-0.3509645603547683,0.011582606152524393,-0.021938303958493065,-0.395402801424836,-0.024111972521361574,-2.0975946827029075,0.004488512246300624,-0.40799115984598167,-1.235621944787664,-0.6753223985675235,0.03217506166923519,0.02535189496762521,0.02017710844388914,0.028797144033595547,-0.3293706526324918,-0.014096304039854061,-0.02362582981871222,-0.39517440534674003,0.023651116591060825,-0.024008101508209905,-0.05710553668113262,0.07595502522105657,-0.023938512505100235,-0.056974164023937436,-0.07591657292328534,-0.0006030135091737291,0.00039502803841617623,-0.00018566429006477717,0.005603456267278098,-2.8731166983828284e-05,-0.00011184291350077203,-0.0074187047241743185,-0.005330300617563399,-1.1012378573126368e-05,-1.6414893445068094e-05,-5.559282950258721e-05,-1.7166095288676763e-06,-0.0005640647993356839,-6.682758845266599e-05,4.166996846978255e-05,2.68622314255606e-05,6.684124073104717e-06,0.0012370211243824564,7.594379490537724e-06,-9.438527278250095e-06,-0.00029568667932312,-0.0004447964935498422,-2.8576191997874766e-06,1.010281341078729e-06,0.00014060030546297016,-3.927255230393495e-05,-1.7155528714574435e-05,-5.713036749221126e-07,2.0505137631207024e-06,3.352058385415631e-06,-2.0645580176544394e-06,-0.025992309623086855,-0.03943953923407135,0.012380110932690576,0.004858758846355635,-0.0011951624049804576,0.0005162366125072454,0.6459405783965106,-5.498764533555593e-05,0.2713034288611491,nan,nan,nan,nan,nan,nan
743,3.719999999999943,Standing,0.888554402820266,0.4464591645146028,1.5715469426552824,-2.0923272975218823,0.004309812230193734,-0.4117825153434184,-1.4871916679699564,0.9579950450582297,0.023182773475495935,0.025829380292000013,0.016724984698620177,0.027779449254243645,-0.3509633060233306,0.01158275481954356,-0.021938409175838683,-0.3954028599823106,-0.024111987393255607,-2.0975967596891447,0.004488494563235742,-0.40799115658415125,-1.235619677815364,-0.6753281551699947,0.03217506898949462,0.025351904009380172,0.02017764973751235,0.02879700014432852,-0.3293704634688073,-0.014096336770836116,-0.023625843594016763,-0.3951744172007398,0.023651118248236534,-0.0241144077863025,-0.05696423666747787,0.07594219048713968,-0.023917733020726365,-0.05698310319734247,-0.07591517874291624,0.00020102219015183896,-0.0001276551038934422,0.00010956622909258013,-0.002628016569635052,1.5149467404617963e-05,4.826936268337398e-05,0.003525404526855627,0.0030829458086360177,-2.9113929927645444e-05,1.0336572813803278e-05,1.6525888142776596e-05,-1.4128677998611833e-07,0.0002508662875459574,2.973340383337304e-05,-2.1043469123161353e-05,-1.171149491990818e-05,-2.974378806493894e-06,-0.00041539724745283174,-3.5366129765179257e-06,6.523660860597208e-07,0.0004533944599780334,-0.0011513204942233163,1.4640518847764442e-06,1.8083509927296134e-06,0.00010825872464185232,-2.8777853405025723e-05,3.783273690914745e-05,-6.546196410811877e-06,-2.755060908654759e-06,-2.3707999515791814e-06,3.3143514191963406e-07,-0.021261255618519215,0.028260002730949578,-0.002566946783378595,0.004155896874774196,-0.0017878346810067183,0.00027883607381946863,0.6459388752209702,-5.498975095835095e-05,0.2713047961040451,nan,nan,nan,nan,nan,nan
744,3.724999999999943,Standing,0.8885556457625944,0.446458358641059,1.5715473153892434,-2.0923377127820433,0.004309860858693835,-0.41178231071689375,-1.4871783019103697,0.958004456022134,0.023183029864593772,0.02582938121706597,0.016725075492707252,0.02777945394229978,-0.35096226656969315,0.01158287788451614,-0.02193848255194959,-0.39540290948891854,-0.02411199970467873,-2.097599775397436,0.004488479888552487,-0.407991119310671,-1.235616410101352,-0.6753334331212075,0.03217509455960422,0.025351910033740634,0.02017797128338581,0.028796921426376163,-0.3293701947148771,-0.014096374472432567,-0.023625857095277238,-0.395174442955205,0.02365112642509095,-0.02415396317626846,-0.05687158003549208,0.07592900554081601,-0.02389780402779487,-0.056976551295202016,-0.07591057127229223,0.00024858846568548307,-0.0001611747087734737,7.454679219863898e-05,-0.0020830520321941195,9.72570002014416e-06,4.092530493323205e-05,0.0026732119173287355,0.0018821927808619732,5.127781956742619e-05,1.8501319190527495e-07,1.815881741514949e-05,9.376112268137566e-07,0.00020789072748832974,2.4612994515648193e-05,-1.4675222181468496e-05,-9.901321585905462e-06,-2.4622846246809233e-06,-0.0006031416581857669,-2.9349366510864377e-06,7.4546960464949605e-06,0.0006535428024164081,-0.0010555902425632775,5.114021919863587e-06,1.204872092383072e-06,6.430917469232741e-05,-1.574359047191823e-05,5.375078603767274e-05,-7.540319290114322e-06,-2.7002520945014938e-06,-5.150893038078443e-06,1.635370882826506e-06,-0.007911077993191573,0.01853132639715836,-0.002636989264734943,0.003985798586299488,0.0013103804280903812,0.0009214941248035047,0.6459393103445492,-5.4989336965434476e-05,0.2713043485319286,nan,nan,nan,nan,nan,nan
745,3.7299999999999427,Standing,0.8885552744422137,0.4464586126397086,1.5715470728692842,-2.092333206107602,0.004309836067456177,-0.41178237088337377,-1.4871837972265172,0.9579998146737448,0.023182874314885367,0.02582939360056041,0.016725050413321813,0.027779455551424137,-0.3509626375840254,0.011582833867432654,-0.02193844792097568,-0.39540289240653037,-0.024111995301921957,-2.0975979825519744,0.004488478116596227,-0.4079911014479451,-1.2356160660309947,-0.6753420685503919,0.03217510105923812,0.025351912931686326,0.020177679660731414,0.028797014235702308,-0.3293701431645032,-0.014096374148060337,-0.02362584972595822,-0.3951744628560987,0.023651134122333713,-0.02417400940843043,-0.05690470620865654,0.07593912454699424,-0.023885467931076848,-0.05699875535556568,-0.07591341057157591,-7.426407612394671e-05,5.0799729920870544e-05,-4.850399184978468e-05,0.000901334888272497,-4.958247531659584e-06,-1.203329600282081e-05,-0.0010990632295053999,-0.0009282696778459888,-3.110994168128902e-05,2.4766988876630475e-06,-5.015877087723127e-06,3.2182487186920355e-07,-7.420286645484471e-05,-8.80341669697886e-06,6.926194781423061e-06,3.41647762999898e-06,8.805513545796857e-07,0.0003585690923285158,-3.5439125188036674e-07,3.572545178865308e-06,6.881407144118006e-05,-0.0017270858368743512,1.2999267804212636e-06,5.79589138461281e-07,-5.832453087941921e-05,1.8561865228850108e-05,1.0310074777853724e-05,6.487444616166964e-08,1.4738638034702037e-06,-3.980178737693079e-06,1.5394485528345038e-06,-0.0040092464323945205,-0.006625234632893221,0.0020238012356447363,0.002467219343603803,-0.004440812072732997,-0.0005678598567369609,0.645940031569778,-5.498897419432416e-05,0.2713037551548607,nan,nan,nan,nan,nan,nan
746,3.7349999999999426,Standing,0.8885549832645122,0.446458831019063,1.5715469400383626,-2.092327486447545,0.004309803457210664,-0.41178247586898364,-1.4871912944208443,0.9579935406435786,0.023182510998580704,0.025829423794136306,0.016724998042940906,0.027779454513726966,-0.3509632080066199,0.011582766394113974,-0.021938406499034228,-0.39540286585218004,-0.024111988552229107,-2.0976001415590595,0.004488475912926222,-0.4079909737628763,-1.2356092308971105,-0.6753432663821444,0.03217517004804487,0.02535191564076494,0.020177257784653964,0.028797156126664395,-0.3293696016544355,-0.014096428013966678,-0.023625876500126923,-0.395174512048966,0.02365115095208017,-0.02417115549701454,-0.0569665487961138,0.07595164631294388,-0.02386960107212772,-0.05694741190834611,-0.07589972619896977,-5.823554029490424e-05,4.367587088017827e-05,-2.6566184319504635e-05,0.0011439320114636753,-6.522049102489415e-06,-2.099712197802733e-05,-0.0014994388654434182,-0.0012548060332466414,-7.266326093235837e-05,6.038715179004718e-06,-1.0474076181539943e-05,-2.0753943443916152e-07,-0.00011408451889773743,-1.3494663736049337e-05,8.28438829068926e-06,5.3108700698845955e-06,1.3499385697309048e-06,-0.00043180141699169356,-4.407340010465781e-07,2.553701376397829e-05,0.0013670267768557155,-0.00023956635048491591,1.3797761350438276e-05,5.418157226003541e-07,-8.437521549018715e-05,2.8378192417762278e-05,0.00010830201352997356,-1.077318126826146e-05,-5.3548337401633875e-06,-9.838573460675005e-06,3.3659492914921266e-06,0.0005707822831785237,-0.012368517491450504,0.0025043531899289584,0.0031733717898253687,0.010268689443914004,0.002736874521229106,0.6459398786001856,-5.498920892708373e-05,0.2713038943259905,nan,nan,nan,nan,nan,nan
747,3.7399999999999425,Standing,0.8885533577073763,0.4464598952626467,1.571546531573232,-2.0923220395498743,0.004309797267763525,-0.4117825452564226,-1.4871959811731208,0.9579940865665291,0.0231821636810918,0.025829453303664658,0.016724949341771676,0.02777944991515777,-0.3509635957148479,0.011582720422678248,-0.021938380706990904,-0.39540284699919076,-0.024111983955217464,-2.0975890929522234,0.004488471473201406,-0.4079911164132329,-1.2356218304313336,-0.6753427601643628,0.03217510854404982,0.025351894031363183,0.020176792458779222,0.028797272718864952,-0.32937054919950975,-0.014096306909770142,-0.02362579908659072,-0.39517448410909106,0.023651145029732437,-0.024146621673283093,-0.05697653561943178,0.07594985922928273,-0.02392972451420291,-0.05709717246218184,-0.07594186819891054,-0.000325111427176314,0.0002128487167452886,-8.169302610547369e-05,0.0010893795341126449,-1.2378894280142621e-06,-1.3877487796647197e-05,-0.0009373504552771125,0.00010918459011136604,-6.946349778120239e-05,5.901905670448707e-06,-9.74023384558616e-06,-9.19713838932964e-07,-7.754164560958487e-05,-9.194287145080737e-06,5.158408665057879e-06,3.7705978524235074e-06,9.194023288148094e-07,0.002209721367184295,-8.879449632193952e-07,-2.853007131459833e-05,-0.002519906844604772,0.00010124355631252306,-1.2300799010538606e-05,-4.321880351634515e-06,-9.306517494855382e-05,2.3318440111547002e-05,-0.00018950901484476843,2.4220839307243858e-05,1.548270724053915e-05,5.587974983203345e-06,-1.1844695466807448e-06,0.004906764746289907,-0.001997364663595529,-0.0003574167322287548,-0.012024688415037628,-0.029952110767146888,-0.008428399988152362,0.6459397082757782,-5.4989973646161625e-05,0.27130399881706824,nan,nan,nan,nan,nan,nan
748,3.7449999999999424,Standing,0.8885552511093263,0.44645870836063045,1.571547229438763,-2.0923313498631293,0.004309827299838391,-0.4117823854364232,-1.4871849885462018,0.9579996119139662,0.023182006587156013,0.025829500125630043,0.01672501587842965,0.027779453308474138,-0.3509627748092387,0.011582817755425353,-0.021938445978749718,-0.3954028857880865,-0.024111993692006492,-2.09760325002137,0.004488458438848509,-0.40799080435001867,-1.2356011998387233,-0.6753319326331738,0.032175270646192584,0.025351909046246686,0.02017657802177203,0.028797377972853973,-0.3293689849159822,-0.014096484281660202,-0.023625911940363536,-0.3951745696452827,0.02365116909561763,-0.024111002059354642,-0.05694803609269059,0.07593824490912207,-0.02403783646400121,-0.056867617776488716,-0.0759093421409357,0.0003786803900018717,-0.00023738040324502554,0.00013957310619563856,-0.001862062651043178,6.006414973257775e-06,3.196399988427452e-05,0.0021985253837775195,0.0011050694874299013,-3.1418787157703375e-05,9.364393076730479e-06,1.330733159497772e-05,6.786632737881374e-07,0.00016418112184434481,1.9466549421198668e-05,-1.3054351762592467e-05,-7.757779156272281e-06,-1.9473578057481193e-06,-0.002831413829394508,-2.6068705795146704e-06,6.24126428382095e-05,0.00412611852205344,0.002165506237801195,3.242042855298858e-05,3.0029767007224273e-06,-4.2887401438515016e-05,2.105079780408246e-05,0.00031285670550618996,-3.547437801171415e-05,-2.2570754563099905e-05,-1.710723833045314e-05,4.8131770389541986e-06,0.007123922785689974,0.0056999053482366694,-0.002322864032130883,-0.021622389959660294,0.045910937138625985,0.0065052115949665625,0.6459387231767816,-5.498887928823489e-05,0.27130475712681545,nan,nan,nan,nan,nan,nan
749,3.7499999999999423,Standing,0.8885554873549489,0.446458555208943,1.5715471807852597,-2.0923331084678134,0.004309839551136503,-0.41178233320846086,-1.487182271750908,0.9580017957551633,0.023182028540456277,0.025829506430836195,0.016725048011377936,0.027779454808118942,-0.35096253933669486,0.01158284553038275,-0.021938458219890187,-0.3954028969155186,-0.024111996470392506,-2.0976019861354493,0.0044884505776641645,-0.40799079743115785,-1.2356016120754292,-0.6753303320366315,0.03217529719963492,0.025351906501058424,0.020176683915099743,0.02879736034431234,-0.3293689525218193,-0.014096489049589616,-0.02362591003724635,-0.39517456301195897,0.023651160066734456,-0.02407478144973377,-0.05693978465920877,0.07593080033714818,-0.024126464702105496,-0.05687639330708516,-0.07592543387508957,4.724912451707576e-05,-3.0630337485681053e-05,-9.730700646347449e-06,-0.00035172093679892644,2.45025962250859e-06,1.0445592469303041e-05,0.0005433590587698369,0.00043676823941622776,4.39066005290358e-06,1.2610412306789326e-06,6.426589657051985e-06,2.9992896062991373e-07,4.70945087710555e-05,5.554991479314853e-06,-2.4482280937122436e-06,-2.225486418155832e-06,-5.55677202702038e-07,0.0002527771841664794,-1.5722368687906005e-06,1.3837721591772388e-06,-8.24473411607388e-05,0.00032011930846119496,5.310688466515234e-06,-5.090376522956119e-07,2.117866554284421e-05,-3.5257083268945726e-06,6.478832580190149e-06,-9.535858829120596e-07,3.806234373491762e-07,1.3266647501040264e-06,-1.8057766350420804e-06,0.0072441219241743335,0.0016502866963637652,-0.001488914394779757,-0.01772564762085764,-0.001755106119288516,-0.003218346830774493,0.6459397170730403,-5.4989287437474e-05,0.27130384650856193,nan,nan,nan,nan,nan,nan
750,3.754999999999942,Standing,0.8885545852551183,0.4464591308805787,1.5715468493526232,-2.09232867907334,0.004309826381242996,-0.41178239513194165,-1.4871868975100426,0.9580001999103024,0.023182011847392135,0.025829498866327537,0.01672503016875777,0.02777945376286191,-0.350962872618988,0.011582805995861773,-0.021938429762351788,-0.395402881290226,-0.024111992515010883,-2.097595450197275,0.004488453342898398,-0.40799089418387535,-1.2356093142114086,-0.6753237548564007,0.03217527162277062,0.025351891675853798,0.02017682005424513,0.028797317129401076,-0.32936951893773925,-0.014096424479549114,-0.02362586818979734,-0.3951745325302142,0.023651145561398315,-0.024043597310644066,-0.05696335982648232,0.07593082160005547,-0.024175217464717673,-0.056962126882635536,-0.07595185215500658,-0.00018041996613303238,0.00011513432714007105,-6.628652728741486e-05,0.0008858788946718736,-2.6339787014830195e-06,-1.2384696162763076e-05,-0.0009251518269074877,-0.0003191689721839234,-3.338612828887472e-06,-1.5129017313683094e-06,-3.5685240335107474e-06,-2.09051405830045e-07,-6.665645863227294e-05,-7.906904195414045e-06,5.691507679602456e-06,3.1250585268909563e-06,7.91076324324903e-07,0.0013071876348147856,5.530468467262176e-07,-1.935054350155753e-05,-0.001540427195904472,0.001315436046157661,-5.115372860125366e-06,-2.9650409250647024e-06,2.722782907779233e-05,-8.64298225309125e-06,-0.00011328318398717323,1.2914008100338346e-05,8.369489801638154e-06,6.096348955262122e-06,-2.9010672283242952e-06,0.006236827817941045,-0.004715033454709518,4.252581458268198e-06,-0.009750552522435642,-0.017146715110075497,-0.005283655983401614,0.6459399201407467,-5.498858501477805e-05,0.2713036867123989,nan,nan,nan,nan,nan,nan
751,3.759999999999942,Standing,0.8885541514767182,0.44645941106183196,1.5715468020805148,-2.09232689322048,0.004309819977619402,-0.41178242562951606,-1.4871886403162575,0.958000218574407,0.023182008434192027,0.025829494548581723,0.016725023601317526,0.027779452960251576,-0.3509630111389547,0.011582789669947174,-0.02193842062751145,-0.39540287511320027,-0.02411199088077707,-2.0975938270850896,0.004488459467483608,-0.40799092988409696,-1.2356108700570496,-0.6753188323436784,0.03217526225432307,0.02535188931615675,0.020177145595495063,0.02879722748391458,-0.32936965238395377,-0.01409641516795651,-0.02362586505199678,-0.39517452010063386,0.023651137161383617,-0.024012740215248095,-0.05697638007003209,0.07592866750134564,-0.024177710384366193,-0.05698230199028703,-0.07595662877015197,-8.675568000876481e-05,5.6036250652390184e-05,-9.454421683554517e-06,0.00035717057200335145,-1.280724718701498e-06,-6.099514883288658e-06,-0.0003485612429986576,3.7328209258941547e-06,-6.826400213162044e-07,-8.635491625011905e-07,-1.3134880488192923e-06,-1.6052206746787312e-07,-2.7703993332228994e-05,-3.2651829197907773e-06,1.8269680680511593e-06,1.2354051492965323e-06,3.2684676316285453e-07,0.0003246224370872196,1.2249170419818677e-06,-7.140044321664763e-06,-0.000311169128180025,0.0009845025444590225,-1.8736895093666538e-06,-4.719394095850251e-07,6.510824998674279e-05,-1.7929097299307606e-05,-2.668924290296074e-05,1.862318520539932e-06,6.27560111497728e-07,2.485916061735856e-06,-1.680002939457439e-06,0.0061714190791941695,-0.002604048709954591,-0.0004308197419661833,-0.0004985839297037328,-0.004035021530299467,-0.0009553230290793536,0.6459394387100976,-5.498791354735148e-05,0.27130407846392496,nan,nan,nan,nan,nan,nan
752,3.764999999999942,Standing,0.8885545569081686,0.44645914685879207,1.571547010175961,-2.092329597491771,0.004309829726086384,-0.4117823817685816,-1.487185302425547,0.9580027851357645,0.023182100237921426,0.025829490615580358,0.016725052821420668,0.02777945411229115,-0.3509627611230966,0.011582819380507262,-0.02193844044835834,-0.39540288736416773,-0.024111993851232808,-2.0975969222738104,0.0044884617096932365,-0.40799089712177633,-1.235606725421495,-0.6753184420836922,0.03217528145855328,0.025351898086477417,0.020177616897716376,0.02879710648874331,-0.3293693432398643,-0.01409646107651305,-0.02362589451649466,-0.3951745264483674,0.023651134916121055,-0.023982193534529964,-0.05696716231697187,0.0759219021085335,-0.024153611050306664,-0.05694350892837406,-0.07594434318710952,8.108629008487096e-05,-5.2840607974012696e-05,4.161908924462735e-05,-0.0005408542581455038,1.9496933963582504e-06,8.772186893150119e-06,0.0006675781420819098,0.0005133122715068727,1.8360745879903624e-05,-7.866002732376905e-07,5.84402062873608e-06,2.3040791479057676e-07,5.000317161940164e-05,5.942112017625511e-06,-3.964169377851685e-06,-2.4501934886046582e-06,-5.94091147527647e-07,-0.0006190377442135851,4.4844192573371207e-07,6.5524641239760114e-06,0.00082892711092431,7.805199725072827e-05,3.840846041868629e-06,1.7540641337317595e-06,9.426044426260862e-05,-2.419903425401191e-05,6.182881789470873e-05,-9.181711308058923e-06,-5.892899575918943e-06,-1.2695467171779644e-06,-4.4905251277313247e-07,0.006109336143626013,0.0018435506120452957,-0.0013530785624265222,0.004819866811905847,0.007758612382594293,0.00245711660848859,0.6459391460474151,-5.498775574340743e-05,0.2713042745951675,nan,nan,nan,nan,nan,nan
753,3.769999999999942,Standing,0.8885548175280256,0.4464589726285382,1.571547088611963,-2.0923303360650127,0.00430982983870387,-0.41178237440784654,-1.4871847029040524,0.9580031084859,0.023182232433329883,0.025829476018563405,0.016725066683680085,0.027779455225060035,-0.3509627067174055,0.011582825859207502,-0.021938443523281365,-0.39540289021570857,-0.024111994497852632,-2.09759891218625,0.004488462878016404,-0.407990872854084,-1.2356036093785285,-0.6753233665040153,0.03217529602373568,0.02535190733681361,0.02017798429150342,0.0287970150273129,-0.32936909007570797,-0.014096498441094847,-0.023625914700948065,-0.39517453337379477,0.023651134130318635,-0.023956724904467323,-0.056973570996258674,0.07591923259750333,-0.024119415924123838,-0.056919186824034976,-0.07593359602528173,5.21239713859388e-05,-3.484605078040788e-05,1.5687200381032894e-05,-0.00014771464831609099,2.2523497102400565e-08,1.4721470104947925e-06,0.00011990429891491961,6.467002708761233e-05,2.643908169144094e-05,-2.9194033905298587e-06,2.7724518835796405e-06,2.2255377671004205e-07,1.088113822599969e-05,1.2957400478500647e-06,-6.149846047879351e-07,-5.703081692254714e-07,-1.2932396503255532e-07,-0.0003979824878996401,2.3366463347088768e-07,4.85353846856436e-06,0.0006232085933237002,-0.0009848840646164633,2.913036480058056e-06,1.8500672389568667e-06,7.34787574090297e-05,-1.8292286081623967e-05,5.063283125806233e-05,-7.472916359435159e-06,-4.036890680563001e-06,-1.385085470608668e-06,-1.5716048379477728e-07,0.005093726012528564,-0.0012817358573617328,-0.0005339022060353445,0.006839025236565185,0.0048644208678169775,0.002149432365558067,0.6459393351969279,-5.498787260115562e-05,0.27130407954818464,nan,nan,nan,nan,nan,nan
754,3.7749999999999417,Standing,0.8885546828990958,0.4464590476876172,1.5715470236768077,-2.092329414520336,0.0043098262822469716,-0.4117823941232481,-1.4871859388649902,0.9580028670231725,0.023182345434545514,0.025829458789001065,0.016725066316573226,0.027779455376620573,-0.3509627955762134,0.011582815329460778,-0.02193843595042119,-0.3954028860294861,-0.0241119934430786,-2.097597879246084,0.004488463566984309,-0.40799089841933844,-1.235604818803967,-0.6753286589103674,0.03217529007298776,0.025351908120196283,0.020178269846057587,0.02879693842714488,-0.3293691665454961,-0.014096495643933272,-0.02362590650114644,-0.3951745340149562,0.02365113418307041,-0.023934829523696396,-0.056983730323203,0.07591789521882952,-0.024087880511860234,-0.056939779018110225,-0.0759330241978764,-2.6925785948464327e-05,1.5011815801202595e-05,-1.2987031028874758e-05,0.00018430893533425736,-7.112913795934691e-07,-3.943080306820591e-06,-0.0002471921875456335,-4.829254549578776e-05,2.2600243126245746e-05,-3.445912467920148e-06,-7.342137174588718e-08,3.031210740800627e-08,-1.77717615872924e-05,-2.1059493446129083e-06,1.5145720349948718e-06,8.372444952193707e-07,2.1095480621794082e-07,0.0002065880332557829,1.3779358100520225e-07,-5.11305088877158e-06,-0.00024188508767420162,-0.0010584812704402585,-1.1901495849826248e-06,1.5667653428813766e-07,5.7110910833227154e-05,-1.5320033603968995e-05,-1.5293957620148764e-05,5.594323151721219e-07,1.639960325299025e-06,-1.2823229043264593e-07,1.0550354824594818e-08,0.004379076154185224,-0.0020318653888662342,-0.0002674757347599958,0.006307082452721225,-0.0041184388150494675,0.00011436548106600556,0.6459394871046348,-5.4988074156759485e-05,0.2713039443314947,nan,nan,nan,nan,nan,nan
755,3.7799999999999416,Standing,0.8885546771058007,0.44645903614500315,1.5715470178492463,-2.0923303358202707,0.004309832582294341,-0.4117823778266283,-1.487184684977096,0.9580046349955864,0.02318246923504358,0.02582944573545455,0.016725082492046822,0.02777945604526892,-0.35096269900377497,0.011582826764550271,-0.02193844264445683,-0.3954028905322269,-0.024111994585058364,-2.097596861085397,0.004488462472096642,-0.4079909323762458,-1.2356069138631833,-0.6753324685716777,0.03217527955463301,0.025351905178830354,0.020178493233568472,0.028796875718917807,-0.32936932666071433,-0.014096482004632581,-0.023625891890366152,-0.3951745375220376,0.023651137259771082,-0.02391393298848135,-0.056976418518710596,0.0759130587941151,-0.024056226082398068,-0.05696750729558104,-0.07593397237485662,-1.1586590132950604e-06,-2.3085228045909454e-06,-1.1655122599863536e-06,-0.00018425998693073184,1.2600094739216216e-06,3.25932395303512e-06,0.0002507775788370954,0.00035359448278261075,2.476009961282322e-05,-2.6107093027832094e-06,3.2350947189551625e-06,1.3372966987964995e-07,1.9314487685228767e-05,2.2870178988156184e-06,-1.3388071281450809e-06,-9.005481587963117e-07,-2.2839595291695047e-07,0.0002036321373439253,-2.189775334776616e-07,-6.7913814638986055e-06,-0.0004190118432567314,-0.0007619322620632302,-2.103670949670719e-06,-5.882731855443364e-07,4.467750217681229e-05,-1.2541645414816537e-05,-3.202304365403529e-05,2.7278601379630535e-06,2.9221560577343732e-06,-7.014162796455946e-07,6.153401342341138e-07,0.0041793070430088865,0.0014623608984817823,-0.0009672849428840381,0.006330885892433295,-0.005545655494162971,-0.0001896353960442946,0.6459394238088916,-5.498806358547473e-05,0.27130400039212466,nan,nan,nan,nan,nan,nan
756,3.7849999999999415,Standing,0.8885545515274784,0.44645910431870633,1.571546984372206,-2.092328813561936,0.004309823008081325,-0.41178241564043916,-1.487186974225081,0.9580032997793635,0.023182581983562323,0.025829425769766223,0.01672506937210306,0.027779456148676586,-0.35096287231656637,0.011582806246414477,-0.02193842986752201,-0.3954028822648048,-0.02411199253143907,-2.0975971050742257,0.004488466289593753,-0.40799093702366274,-1.2356072766784407,-0.6753321213838827,0.03217528458021893,0.025351901074172345,0.02017870748972042,0.028796816506293614,-0.329369366658025,-0.01409648230215016,-0.02362588641078299,-0.39517454783002,0.023651143164206127,-0.023899332164947103,-0.05699371020246304,0.07591438586432608,-0.02402185591240962,-0.05696564775488998,-0.07592805806417958,-2.511566445870714e-05,1.3634740631466426e-05,-6.695408071997116e-06,0.0003044516669802665,-1.914842603147721e-06,-7.562762169907714e-06,-0.00045784959697601607,-0.00026704324457743205,2.2549703748673232e-05,-3.993137666001715e-06,-2.6239887525252587e-06,2.0681532736310583e-08,-3.46625582824417e-05,-4.103627158977474e-06,2.5553869635185785e-06,1.6534844154163159e-06,4.107238590045257e-07,-4.87977657078865e-05,7.634994222468165e-07,-9.294833892660022e-07,-7.256305146337451e-05,6.943755901487074e-05,1.0051171841860084e-06,-8.209316017842784e-07,4.285123038945166e-05,-1.184252483882126e-05,-7.999462142668473e-06,-5.9503515489630534e-08,1.0959166325860743e-06,-2.0615964754786396e-06,1.1808870089165361e-06,0.002920164706849692,-0.0034583367504898805,0.0002654140421959165,0.006874033997689646,0.000371908138212659,0.0011828621354058148,0.6459394219513211,-5.4987901284682744e-05,0.27130400848204944,nan,nan,nan,nan,nan,nan
757,3.7899999999999414,Standing,0.8885551123123722,0.44645872176346524,1.5715471402642978,-2.0923330922498464,0.004309842663799154,-0.411782340098092,-1.4871817590099727,0.9580071943837518,0.023182726782983602,0.025829419812046957,0.016725113115809133,0.027779458273978926,-0.3509624739691248,0.011582853432585515,-0.021938459068558507,-0.39540290103157094,-0.02411199724912775,-2.0975988946993067,0.004488464010710073,-0.40799093669189124,-1.2356071044309418,-0.6753308226833078,0.03217529159632478,0.0253518982373995,0.020178916462005033,0.0287967590313018,-0.3293693640309106,-0.01409648771368213,-0.02362588668422429,-0.39517455506422255,0.023651147096995482,-0.02388302499521311,-0.05696675076162657,0.07590612826085438,-0.0239891220628186,-0.05695853544513115,-0.07592127835274086,0.0001121569787514661,-7.651104822253285e-05,3.117841834297938e-05,-0.0008557375821406298,3.931143565945835e-06,1.5108469433171514e-05,0.0010430430216299437,0.0007789208776620559,2.895988425593782e-05,-1.191543853499367e-06,8.748741214721434e-06,4.2506046806657216e-07,7.966948831754451e-05,9.43723420777894e-06,-5.840207299162361e-06,-3.7533532322380833e-06,-9.43537736342151e-07,-0.00035792501622551446,-4.557767360496601e-07,6.635429830285931e-08,3.444949980148191e-05,0.00025974011497000753,1.4032211717003889e-06,-5.673545685402679e-07,4.1794456922340086e-05,-1.1494998363081534e-05,5.25422880868607e-07,-1.0823063942585129e-06,-5.46882599602433e-08,-1.4468405175892073e-06,7.865578706155854e-07,0.0032614339467990517,0.005391888167293955,-0.0016515206943392992,0.006546769918203653,0.0014224619517650573,0.0013559422877438328,0.645939349979458,-5.498812069170149e-05,0.2713040751357267,nan,nan,nan,nan,nan,nan
758,3.7949999999999413,Standing,0.8885539820945446,0.4464594456986647,1.5715467922007462,-2.0923231300594765,0.004309792311879501,-0.4117825431762941,-1.4871950331600325,0.9579981676129261,0.02318277197950058,0.025829381362069134,0.01672501043473537,0.02777945504066671,-0.35096348795181725,0.011582733312610491,-0.021938384748224078,-0.3954028527695378,-0.024111985234629863,-2.09759612306386,0.004488479646450666,-0.40799098858373983,-1.2356105089364164,-0.6753302189201155,0.032175269617027547,0.025351892873856394,0.020179091928856134,0.028796703539866537,-0.3293696350863141,-0.014096460558371892,-0.023625866826498348,-0.3951745438129315,0.023651145104922323,-0.02389192183943368,-0.057043206913410575,0.07592364880800845,-0.023963054004367663,-0.056973775653310035,-0.0759204175153539,-0.00022604356551257954,0.00014478703989055875,-6.961271030097035e-05,0.00199243807401211,-1.0070383930594653e-05,-4.061564041384797e-05,-0.0026548300119687727,-0.0018053541651481605,9.039303395042196e-06,-7.689995564533074e-06,-2.0536214752308975e-05,-6.46662443222164e-07,-0.00020279653849384648,-2.4023995004780287e-05,1.4864066885527731e-05,9.652406631723754e-06,2.4028995774574977e-06,0.0005543270894101389,3.127148118623649e-06,-1.0378369715277891e-05,-0.00068090109490847,0.00012075263846143464,-4.395859446604594e-06,-1.0727086212034035e-06,3.509337022038525e-05,-1.1098287052902174e-05,-5.421108069934455e-05,5.431062047655881e-06,3.971545188687751e-06,2.250258209107143e-06,-3.9841463176947755e-07,-0.001779368844114144,-0.015291230356800703,0.0035041094308131747,0.005213611690187442,-0.0030480416357764164,0.00017216747739255255,0.645939681490302,-5.498802902004766e-05,0.27130382590187524,nan,nan,nan,nan,nan,nan
759,3.799999999999941,Standing,0.8885565288588404,0.4464577610698479,1.5715475391853284,-2.0923460931250975,0.0043099086861405,-0.411782094427274,-1.4871651272579427,0.958019970122199,0.023183010947248665,0.025829422842491137,0.016725242317349245,0.027779463525389857,-0.35096120866474545,0.01158300322811007,-0.021938551926301546,-0.3954029602033718,-0.024112012228318064,-2.0976012471473844,0.0044884563513156285,-0.40799099784071086,-1.235610359239617,-0.6753293168590192,0.032175266107915095,0.025351892580577382,0.020179259644691114,0.028796655133975436,-0.32936964186119,-0.014096464582233974,-0.023625873170560727,-0.3951745437362703,0.023651146134930443,-0.023932350310864495,-0.0568503516508458,0.07588939989881366,-0.02393847961111146,-0.056977887824375774,-0.07591736691019092,0.0005093528591508211,-0.0003369257633544162,0.0001493969164540009,-0.00459261312418715,2.3274852199717496e-05,8.974980401862971e-05,0.005981180417948089,0.004360501854565469,4.7793549617372686e-05,8.296084400579568e-06,4.637652277516732e-05,1.696944629520951e-06,0.00045585741436247884,5.3983099916048154e-05,-3.343561549378198e-05,-2.1486766798161e-05,-5.3987376401690185e-06,-0.0010248167049114962,-4.659027007419227e-06,-1.8513942083682458e-06,2.993935985944095e-05,0.0001804122192575981,-7.018224901943808e-07,-5.8655802257574185e-08,3.354316699612607e-05,-9.681178220101956e-06,-1.3549751786794332e-06,-8.047724164172859e-07,-1.2688124759281957e-06,1.5332232690939296e-08,2.0600162420905745e-07,-0.008085694286163372,0.038571052512955,-0.0068497818389591375,0.004914878651240736,-0.0008224342131470407,0.0006101210325951774,0.6459390471699078,-5.498866019170794e-05,0.27130436664681346,nan,nan,nan,nan,nan,nan
760,3.804999999999941,Standing,0.8885545399178952,0.4464590426890207,1.5715467718863285,-2.092324894555913,0.004309794107197721,-0.41178251110612213,-1.4871936106527042,0.9579980040608744,0.02318313834598286,0.025829343291937985,0.01672505673014148,0.027779460296033516,-0.35096332527401675,0.011582752370053493,-0.02193838826799812,-0.3954028595030978,-0.024111987134962945,-2.0975973623996773,0.004488489288422045,-0.4079910555795782,-1.2356139277461153,-0.6753299724492784,0.03217523492815132,0.02535188944408161,0.02017942156590659,0.028796600854487712,-0.32936992934242504,-0.014096435386318293,-0.023625851833208335,-0.3951745255975678,0.023651142217821282,-0.024078581356678546,-0.05699770260666164,0.0759435881953121,-0.023916089074519586,-0.0569754229451495,-0.0759132567287073,-0.00039778818904212857,0.00025632383456189933,-0.00015345979998087272,0.0042397138368807765,-2.2915788555870656e-05,-8.333576963163749e-05,-0.005696678952297978,-0.004393212264912286,2.547974683902689e-05,-1.591011063054663e-05,-3.711744155326864e-05,-6.458712682052738e-07,-0.0004233218542632433,-5.0171611315618255e-05,3.2731660685007336e-05,2.0140054806161417e-05,5.0186710237717024e-06,0.0007769495414225085,6.587421283302573e-06,-1.1547773472822127e-05,-0.0007137012996812435,-0.00013111805183629963,-6.235952754912273e-06,-6.272991545035919e-07,3.238424309476618e-05,-1.0855897544859182e-05,-5.74962470047875e-05,5.839183136420373e-06,4.267470478090991e-06,3.6277404967825788e-06,-7.834218325845444e-07,-0.029246209162810004,-0.02947019116316755,0.010837659299690751,0.0044781073183744035,0.0004929758452553005,0.0008220362967231098,0.6459405171917191,-5.498754283322854e-05,0.2713032086886169,nan,nan,nan,nan,nan,nan
761,3.809999999999941,Standing,0.8885536570317998,0.4464596201682886,1.5715466421021085,-2.092319644337657,0.004309774930160456,-0.4117826263331989,-1.4872001663596255,0.9579951986745313,0.023182836480450227,0.025829359384754,0.016724977912352897,0.027779454929420164,-0.35096389307345566,0.011582685276345267,-0.021938356632365465,-0.3954028324017215,-0.02411198042426052,-2.0975952282918175,0.004488498916151128,-0.407991122081894,-1.2356173368433525,-0.6753333601261438,0.03217519506080873,0.02535188880157402,0.020179542823536664,0.02879655646037945,-0.32937021389631405,-0.01409640628416494,-0.023625835583720053,-0.395174510651939,0.02365114011591529,-0.024140906767363843,-0.057019959903429965,0.07595812950643764,-0.02389927515757776,-0.05698934803391237,-0.07591357466787167,-0.00017657721909892848,0.00011549585358541835,-2.5956844011513396e-05,0.0010500436511942436,-3.835407452876424e-06,-2.3045415356697374e-05,-0.0013111413842851454,-0.0005610772686302366,-6.0373106526432586e-05,3.2185632030297304e-06,-1.576355771706697e-05,-1.073322670015299e-06,-0.00011355988778072432,-1.3418741645189915e-05,6.327126531147294e-06,5.420275250723151e-06,1.3421404848649766e-06,0.0004268215719464538,1.9255458165345292e-06,-1.3300463158497645e-05,-0.000681819447422852,-0.0006775353730826305,-7.973468516777102e-06,-1.28501518522152e-07,2.4251526015007134e-05,-8.878821652081631e-06,-5.691077780001361e-05,5.820430670466475e-06,3.2498976567313773e-06,2.989125773831898e-06,-4.2038119873834355e-07,-0.012465082137059096,-0.004451459353664224,0.002908262225106541,0.003362783388364839,-0.002785017752574527,-6.358783287490808e-05,0.6459394839286708,-5.4989384856660576e-05,0.2713041302599421,nan,nan,nan,nan,nan,nan
762,3.814999999999941,Standing,0.8885544981528133,0.4464590751079425,1.5715470412115131,-2.0923283656631964,0.0043098206735134375,-0.41178246856565287,-1.4871887869778186,0.9580044924898715,0.02318279438489519,0.025829387170952425,0.016725024942795035,0.027779455075762544,-0.3509630726089745,0.011582782570257804,-0.021938424228021915,-0.3954028714134806,-0.024111990158928537,-2.097598157715275,0.004488491870126029,-0.40799113101375173,-1.235616721039986,-0.6753358438961337,0.03217518444814532,0.025351891432188772,0.020179686352301253,0.028796511528446454,-0.3293701932633422,-0.014096413420922202,-0.02362584244346955,-0.395174513449468,0.02365114414738932,-0.02415494169180257,-0.05694471714305525,0.0759445004197935,-0.023881211058867653,-0.05697091235890717,-0.07590670014412784,0.0001682242027021408,-0.00010901206921408891,7.982188094933614e-05,-0.001744265107923527,9.148670596204437e-06,3.155350920945662e-05,0.002275876361383452,0.001858763068037107,-8.419111007041228e-06,5.557239684960474e-06,9.406088427673198e-06,2.9268475537118385e-08,0.00016409289623000234,1.9458782507505586e-05,-1.3519131290335304e-05,-7.802351821713151e-06,-1.9469336031546813e-06,-0.0005858846915599317,-1.4092050196206847e-06,-1.7863715488861973e-06,0.00012316067331885117,-0.0004967539979874041,-2.1225326821872106e-06,5.261229508357317e-07,2.8705752917477964e-05,-8.98638659966491e-06,4.126594368680888e-06,-1.4273514523790538e-06,-1.371949899663803e-06,-5.59505806075521e-07,8.062948061649271e-07,-0.0028069848877454243,0.01504855207494337,-0.002725817328828866,0.003612819742021441,0.003687135001038555,0.0013749047487649298,0.6459388998882202,-5.4989883090742864e-05,0.2713045926888694,nan,nan,nan,nan,nan,nan
763,3.8199999999999408,Standing,0.8885545826180743,0.4464590053997188,1.5715470676047358,-2.0923317757017337,0.0043098425834647534,-0.4117823739098198,-1.4871833929034681,0.9580093637353636,0.02318266154292101,0.02582941873166344,0.01672505345260666,0.027779456586616184,-0.3509626458750911,0.011582833040343406,-0.021938452569801262,-0.395402891862718,-0.0241119952102743,-2.0975954193620554,0.004488491586614881,-0.4079912430178601,-1.235623978735241,-0.6753383371007955,0.032175122857776614,0.025351883776694523,0.020179758915701822,0.028796470746630002,-0.32937077190345637,-0.01409634896656612,-0.023625803707416505,-0.3951744873273343,0.02365114070346839,-0.024143071861593153,-0.05690636426300619,0.07593454772693001,-0.023882383480826577,-0.0570291581671803,-0.0759194857095475,1.6893052211922234e-05,-1.3941644745078948e-05,5.2786445403272376e-06,-0.0006820077074819939,4.381990263181943e-06,1.8931166616203167e-05,0.0010788148700818401,0.0009742490984092516,-2.6568394836268685e-05,6.3121422030691916e-06,5.701962325012681e-06,3.02170727676003e-07,8.534677669351815e-05,1.0094017120589265e-05,-5.668355869337153e-06,-4.089847466389751e-06,-1.010269152329433e-06,0.0005476706439414052,-5.670222966762476e-08,-2.2400821670581234e-05,-0.0014515390509954643,-0.0004986409323628166,-1.2318073740928246e-05,-1.5310988498143332e-06,1.4512680113935636e-05,-8.156363290379404e-06,-0.00011572802283404458,1.289087121621755e-05,7.74721060929125e-06,5.224426750325223e-06,-6.887841856249741e-07,0.00237396604188326,0.007670576009812606,-0.0019905385727001334,-0.00023448439178454326,-0.011649161654625598,-0.002557113083931798,0.6459393097279515,-5.4989624288174126e-05,0.27130425450378653,nan,nan,nan,nan,nan,nan
764,3.8249999999999407,Standing,0.8885558096388634,0.44645821868746577,1.5715473590446278,-2.0923337054380977,0.004309834515056507,-0.41178234196730906,-1.4871821754482986,0.9580068822820647,0.023182456984996564,0.0258294529905208,0.016725067051962354,0.027779460011562673,-0.35096252344831125,0.011582847571959393,-0.021938458926567827,-0.39540289813324103,-0.024111996664691906,-2.097605895168712,0.004488495922828454,-0.40799107926379574,-1.2356113692680681,-0.6753396246601103,0.032175196098958185,0.025351900037634077,0.020179882817077794,0.028796453047764976,-0.3293698302759756,-0.014096463049461204,-0.023625873962699828,-0.39517453347762965,0.02365115701292546,-0.024125916589914535,-0.05693531181340089,0.07593793179139378,-0.02390152326891935,-0.056857814239215626,-0.0758854893278624,0.0002454041578257697,-0.00015734245060610705,5.8287978396624954e-05,-0.00038594727283434456,-1.6136816492591185e-06,6.388502146573617e-06,0.00024349103389613067,-0.0004962906597887403,-4.091158488919604e-05,6.851771471769143e-06,2.719871139055335e-06,6.849892977157615e-07,2.4485355969356924e-05,2.9063231973680796e-06,-1.2713533131110763e-06,-1.254104610591938e-06,-2.9088352176911003e-07,-0.002095161331335548,8.672427146707426e-07,3.2750812875858344e-05,0.0025218934345771853,-0.0002575118629716451,1.464823631414917e-05,3.252187910531284e-06,2.478027519442991e-05,-3.53977300554659e-06,0.00018832549614969805,-2.281657901664803e-05,-1.4051056664662788e-05,-9.230059077130315e-06,3.2618914137402904e-06,0.003431054335723981,-0.005789510078940791,0.0006768128927542535,-0.0038279576185543977,0.0342687855929346,0.0067992763370200845,0.6459393746426999,-5.4988979406266086e-05,0.27130425235598726,nan,nan,nan,nan,nan,nan
765,3.8299999999999406,Standing,0.8885538011507593,0.4464594896389935,1.5715466734418617,-2.092324626913728,0.004309811812933645,-0.4117824695450847,-1.4871916036873243,0.9580037000149768,0.023182204300575358,0.025829462395226772,0.01672500277664415,0.027779455781378953,-0.35096323335715685,0.011582763238537847,-0.02193840259326979,-0.3954028634633301,-0.024111988230207212,-2.0975912464937365,0.004488507410185161,-0.4079913878228523,-1.2356333339309389,-0.6753440012251379,0.03217504429692216,0.025351874363315655,0.020179930153584685,0.028796392667678868,-0.3293715075793899,-0.01409626930006381,-0.023625750297704227,-0.39517445201530077,0.02365113730858594,-0.024100969488316956,-0.05697184064762575,0.07594168047979347,-0.024068610946545554,-0.057032385672669834,-0.07594996818867876,-0.00040169762081596934,0.0002541903055481638,-0.00013712055321649607,0.0018157048739080976,-4.540424572360998e-06,-2.5515555126620557e-05,-0.0018856478051416865,-0.0006364534175729603,-5.053688424117221e-05,1.8809411941222821e-06,-1.285506364076456e-05,-8.460367441512931e-07,-0.00014198176912278264,-1.686668430934704e-05,1.1266659607473564e-05,6.933982185232911e-06,1.686896938510085e-06,0.002929734995153701,2.297471341456344e-06,-6.171181131900012e-05,-0.0043929325741655,-0.0008753130055238389,-3.036040720552337e-05,-5.134863684552732e-06,9.467301378531956e-06,-1.2076017221761022e-05,-0.0003354606828560871,3.874987947868242e-05,2.4732999120426854e-05,1.6292465775882032e-05,-3.940867903440821e-06,0.004989420319515702,-0.007305766844971143,0.0007497376799376154,-0.03341753552524099,-0.03491428669084225,-0.012895772163271334,0.6459401128635704,-5.4989925995975134e-05,0.2713036856293693,nan,nan,nan,nan,nan,nan
766,3.8349999999999405,Standing,0.8885536356165779,0.4464595963763544,1.571546783639762,-2.092325267550578,0.004309816877915162,-0.41178244932354824,-1.487189940179465,0.9580060296033153,0.023181992618666786,0.025829491884744708,0.016725005183660116,0.02777945482412709,-0.35096312917502165,0.011582775675937691,-0.02193841428432932,-0.39540286858527307,-0.024111989475144733,-2.097591630342112,0.00448851320768123,-0.4079914240534373,-1.2356353848099035,-0.6753409710303402,0.03217500481113546,0.025351870711469677,0.020179687460121363,0.02879644409710958,-0.3293717416990822,-0.01409623868981411,-0.02362574164745725,-0.3951744463559831,0.02365114237841788,-0.024068235356467738,-0.05696881276625352,0.07593585678426235,-0.024146133581346672,-0.05700926863783704,-0.07595737515869355,-3.310683629097601e-05,2.134747218339496e-05,2.2039580059182907e-05,-0.0001281273699202726,1.012996303398713e-06,4.04430728580354e-06,0.00033270157183401517,0.0004659176677021563,-4.2336381714337665e-05,5.897903587065487e-06,4.814031928580265e-07,-1.9145037224560764e-07,2.0836427041763213e-05,2.48747996888757e-06,-2.338211906383815e-06,-1.024388598347232e-06,-2.4898750449960084e-07,-7.676967505316655e-05,1.1594992138574253e-06,-7.2461170001473615e-06,-0.0004101757929408697,0.0006060389595534718,-7.897157340823471e-06,-7.30369195720554e-07,-4.853869266457757e-05,1.0285886142644805e-05,-4.6823938457415384e-05,6.122049939845072e-06,1.7300493953318752e-06,1.1318635360417604e-06,1.0139663876153467e-06,0.006546826369844052,0.000605576274444998,-0.001164739106225076,-0.015504526960223843,0.004623406966557893,-0.001481394002958436,0.6459390185568659,-5.49883967813529e-05,0.27130465441922547,nan,nan,nan,nan,nan,nan
767,3.8399999999999403,Standing,0.8885545214183241,0.4464590212675295,1.5715471322160657,-2.0923301558027787,0.0043098336219065106,-0.4117823608731021,-1.4871838933740824,0.9580095430053369,0.02318198013805489,0.025829508832891583,0.016725048642756327,0.027779456801693747,-0.35096266820657385,0.011582830387821062,-0.021938449507518203,-0.39540289106734405,-0.024111994948261963,-2.097597857331078,0.0044885140559793365,-0.4079913573514499,-1.2356293342772409,-0.6753436171170065,0.03217501400194068,0.025351883122386152,0.02017959077720376,0.028796471001285177,-0.32937132035226696,-0.014096287788984859,-0.02362578010579713,-0.3951744612011443,0.023651150777409258,-0.024033716610555585,-0.056953223544578796,0.07592711426142461,-0.02416588042067521,-0.05691543246427989,-0.07594024301121288,0.00017716034926736404,-0.00011502176497716813,6.971526070132945e-05,-0.0009776504401480676,3.3487982698345697e-06,1.7690089228148282e-05,0.001209361076541733,0.0007026804043235719,-2.496122379646955e-06,3.38962937527141e-06,8.691819242116723e-06,3.955133310947916e-07,9.219368956016226e-05,1.0942376674032798e-05,-7.044637776694062e-06,-4.496414198734287e-06,-1.0946234458451723e-06,-0.0012453977932784255,1.6965962128714142e-07,1.3340397473310996e-05,0.0012101065325321307,-0.0005292173332745093,1.838161044766891e-06,2.482183294876579e-06,-1.933658352039819e-05,5.380835118876733e-06,8.426936304303459e-05,-9.819834149589193e-06,-7.691667975929386e-06,-2.9690322429021406e-06,1.6797982756394313e-06,0.006903749182430504,0.003117844334944372,-0.0017485045675475885,-0.003949367865707995,0.018767234711431522,0.0034264294961330486,0.6459388328863326,-5.49880477835038e-05,0.2713047841171227,nan,nan,nan,nan,nan,nan
768,3.8449999999999402,Standing,0.8885548300322299,0.446458829944351,1.5715471490290522,-2.092330619096195,0.0043098329296318,-0.4117823491602666,-1.4871834020894745,0.9580093383009578,0.023182036123310743,0.025829505050256232,0.016725064700333896,0.027779457964141042,-0.35096261070086854,0.011582837231498595,-0.021938451133602682,-0.3954028943900769,-0.02411199563248365,-2.09759968016179,0.004488506486826024,-0.40799129242471494,-1.235626066484455,-0.6753533475907094,0.03217501169998804,0.025351895218386766,0.020178490022337348,0.0287967858473761,-0.3293710610668824,-0.01409629631140459,-0.023625798911032652,-0.3951744678112624,0.023651155374456667,-0.024004426624073427,-0.05696463902384588,0.0759248941712229,-0.024159766050813675,-0.05688970042604057,-0.07593369737992793,6.172278114826798e-05,-3.826463570925565e-05,3.3625973022420494e-06,-9.265868327712403e-05,-1.384549421394617e-07,2.342567096438106e-06,9.825692156386072e-05,-4.094087581679945e-05,1.1197051170926067e-05,-7.56527070474646e-07,3.2115155136682255e-06,2.3248945903427927e-07,1.1501141064932058e-05,1.3687355064653107e-06,-3.252168956929736e-07,-6.64546577364275e-07,-1.3684433692015794e-07,-0.0003645661424549068,-1.5138306624773108e-06,1.2985346995593461e-05,0.0006535585571880186,-0.0019460947405883118,-4.6039052704278947e-07,2.4192001229325687e-06,-0.00022015097328270428,6.296921818475584e-05,5.185707691476443e-05,-1.7044839464578801e-06,-3.761047104628268e-06,-1.3220236218060398e-06,9.19409482114215e-07,0.0058579972964316615,-0.002283095853416579,-0.00044401804033974155,0.0012228739723069886,0.0051464076478633485,0.0013091262569905832,0.6459392973239644,-5.498820829253072e-05,0.27130439800782274,nan,nan,nan,nan,nan,nan
769,3.84999999999994,Standing,0.8885545362378591,0.44645902730923215,1.5715469787993055,-2.0923287918358002,0.004309827576719382,-0.41178237648646643,-1.487185360965705,0.958008653433738,0.023182087947342552,0.025829494508615245,0.016725064118756752,0.02777945761180674,-0.35096274899778546,0.011582820856933759,-0.021938438984527037,-0.39540288813645424,-0.024111993993466457,-2.097597244335801,0.0044884964232181045,-0.4079912706463122,-1.235627587396908,-0.6753584222324784,0.032174999682065,0.025351893712205753,0.020177203894860708,0.028797145714291785,-0.3293711627621018,-0.014096257633709293,-0.023625786021709724,-0.39517446763588154,0.02365115917117162,-0.02397799432388814,-0.05697977663195532,0.07592389762157589,-0.02414642520033543,-0.05693070648550857,-0.0759404284441304,-5.87588741631455e-05,3.947297623679155e-05,-3.404594933414614e-05,0.0003654520789865356,-1.0705824836849147e-06,-5.4652399610229785e-06,-0.0003917752461088269,-0.0001369734439605597,1.0364806361642407e-05,-2.108328197098652e-06,-1.1631542869766431e-07,-7.046686015721523e-08,-2.7659383382200532e-05,-3.274912967304516e-06,2.4298151291382567e-06,1.2507245389562346e-06,3.2780343886604957e-07,0.0004871651978458995,-2.0127215838405483e-06,4.3556805458215835e-06,-0.0003041824906384979,-0.0010149283538026938,-2.4035846088351163e-06,-3.0123620234743174e-07,-0.0002572254953276996,7.197338313668618e-05,-2.0339043883450845e-05,7.735539059771528e-06,2.5778645855347515e-06,3.507617560732407e-08,7.593429906572697e-07,0.005286460037057168,-0.0030275216218872423,-0.0001993099294020462,0.002668170095648607,-0.008201211893598823,-0.0013462128404944755,0.6459395009713013,-5.4988301177619664e-05,0.2713042489801767,nan,nan,nan,nan,nan,nan
770,3.85499999999994,Standing,0.8885544873279849,0.44645906817206876,1.5715469395290456,-2.092329621558052,0.004309834754913465,-0.4117823566038907,-1.4871838983423016,0.9580105998826436,0.02318218013557888,0.02582948624610759,0.016725086865268267,0.027779458018293884,-0.3509626350242006,0.011582834386215783,-0.021938446883335305,-0.39540289372891074,-0.02411199534488423,-2.0975958539659514,0.004488484412286169,-0.4079912317879781,-1.2356277236290076,-0.6753595194916835,0.03217500251339005,0.025351890782561306,0.020176077227937222,0.028797462407267282,-0.32937116952807666,-0.014096232482290165,-0.023625781087900765,-0.3951744746614496,0.023651164376283767,-0.023951931543262844,-0.056972611904841694,0.07591825897897136,-0.024120919697085488,-0.05696671852342167,-0.07594413714886002,-9.781974824612755e-06,8.172567326160689e-06,-7.854051987083712e-06,-0.00016594445034810186,1.4356388167404153e-06,3.9765151502754925e-06,0.0002925246807155888,0.0003892897811309902,1.8437647265734777e-05,-1.6525015310991401e-06,4.549302302773748e-06,8.129742862585036e-08,2.279471697494198e-05,2.705856405066122e-06,-1.5797616532201725e-06,-1.1184912956768651e-06,-2.702835547492215e-07,0.0002780739699019298,-2.4021863871055737e-06,7.771666816451598e-06,-2.7246419902388986e-05,-0.00021945184100734597,5.662650102132434e-07,-5.859288892313973e-07,-0.00022533338469742998,6.333859509950801e-05,-1.3531949618081472e-06,5.030283825722151e-06,9.86761791735119e-07,-1.405113616572873e-06,1.0410224292537747e-06,0.005212556125059352,0.0014329454227250838,-0.0011277285209048051,0.005101100649988756,-0.007202407582619099,-0.0007417409459215081,0.645939356765452,-5.498810740281018e-05,0.2713043740999732,nan,nan,nan,nan,nan,nan
771,3.85999999999994,Standing,0.8885545803092958,0.44645901075106464,1.571546955975153,-2.0923296988222795,0.0043098328894284315,-0.4117823607353909,-1.4871839897605506,0.9580106351527778,0.02318230636086481,0.0258294704796872,0.01672509806977395,0.027779458800982024,-0.350962636020864,0.011582834301389337,-0.021938446258490812,-0.3954028938297349,-0.024111995334423708,-2.0975969022683265,0.0044884783347605315,-0.40799114748328225,-1.2356249499430438,-0.6753478233065561,0.03217504649067024,0.0253518826863008,0.020175394623228544,0.028797656974581348,-0.32937095993472093,-0.014096240633146413,-0.023625793272780603,-0.39517448828099305,0.023651169333199624,-0.02393063214117404,-0.05697985334431059,0.07591642727822548,-0.024085540578669438,-0.05696030458085414,-0.07593708792342212,1.8596262166759584e-05,-1.1484200819348903e-05,3.289221464695151e-06,-1.5452845490539696e-05,-3.7309700678081405e-07,-8.263000438520265e-07,-1.828364979166076e-05,7.0540268598769974e-06,2.5245057185995475e-05,-3.153284078310346e-06,2.2409011370755314e-06,1.5653762787204355e-07,-1.993326802358774e-07,-1.6965289343012116e-08,1.2496889867034856e-07,-2.0164836606872593e-08,2.092104534642587e-09,-0.00020966047506332605,-1.2155051274211796e-06,1.6860939163039456e-05,0.0005547371927593979,0.0023392370254785924,8.795456038934857e-06,-1.6192521013699672e-06,-0.0001365209417356836,3.891346281343047e-05,4.191867114251212e-05,-1.63017124967716e-06,-2.4369759673335636e-06,-2.72390868816697e-06,9.913831716088236e-07,0.004259880417760615,-0.001448287893780053,-0.0003663401491778809,0.00707582368321026,0.0012827885135052305,0.0014098450875812555,0.6459393217928545,-5.498784442368784e-05,0.27130438380680955,nan,nan,nan,nan,nan,nan
772,3.86499999999994,Standing,0.8885548179852976,0.44645885746860986,1.5715470063617691,-2.0923304199569035,0.004309833655766941,-0.41178235602096636,-1.4871834740935588,0.9580109029615492,0.023182437816333553,0.025829455310018724,0.016725112406269903,0.027779459803704904,-0.3509625927583142,0.01158283945067115,-0.021938449114050018,-0.3954028959196503,-0.024111995847260148,-2.0975985580921983,0.00448847534437428,-0.4079910790984273,-1.235621307251628,-0.6753382753686757,0.03217508645928089,0.02535188242702252,0.020175175613909427,0.02879772421830697,-0.32937066581787233,-0.014096267995189494,-0.023625816160093537,-0.3951744898150076,0.023651165129581722,-0.02391174213060317,-0.05698443115295716,0.07591439033786375,-0.024047960238568686,-0.05694479326477177,-0.07592772384197738,4.753520035137072e-05,-3.0656490958754716e-05,1.0077323234097052e-05,-0.00014422692477624493,1.5326770186875005e-07,9.428849016058321e-07,0.00010313339836669136,5.35617542845591e-05,2.629109374858863e-05,-3.0339336952306973e-06,2.867299190196341e-06,2.0054457574048406e-07,8.652509959243547e-06,1.0298563625228867e-06,-5.711118414206031e-07,-4.1798307235090655e-07,-1.0256728791687762e-07,-0.0003311647743762024,-5.980772502646024e-07,1.3676970986137505e-05,0.0007285382831611375,0.001909587576061881,7.993722129967761e-06,-5.185565622008643e-08,-4.3801863823394294e-05,1.3448745124544467e-05,5.8823369719364176e-05,-5.472408616051027e-06,-4.577462586978304e-06,-3.068029052204861e-07,-8.407235802118612e-07,0.003778002114174064,-0.0009155617293148128,-0.00040738807234671484,0.007516068020150171,0.003102263216473746,0.0018728162889480673,0.6459393749249116,-5.4987978441353804e-05,0.27130431280630496,nan,nan,nan,nan,nan,nan
773,3.8699999999999397,Standing,0.8885549543527259,0.44645876104453647,1.5715470110784566,-2.0923313593269555,0.004309838256585223,-0.4117823432140743,-1.4871825058106434,0.9580118852445655,0.023182584601850364,0.025829439140681865,0.01672513047990384,0.027779460855512084,-0.3509625136953488,0.011582848804428777,-0.021938453941831863,-0.39540289955268715,-0.024111996780390856,-2.0975984785820776,0.0044884746704324475,-0.40799106851631006,-1.235620582740606,-0.6753300338094853,0.032175103715447496,0.025351881599172642,0.02017535658865361,0.02879767406537739,-0.3293705862458774,-0.01409627845913407,-0.023625825143751566,-0.39517447494660796,0.023651153646213764,-0.02389454348589536,-0.056981414600154996,0.07591105057167258,-0.024016162944946653,-0.05695741072434974,-0.0759253705850917,2.7273485678533027e-05,-1.928481468299375e-05,9.433375081707161e-07,-0.0001878740103887838,9.201636564826919e-07,2.561378411291041e-06,0.0001936565830890446,0.00019645660325462216,2.9357103361900626e-05,-3.2338673717170028e-06,3.614726787518606e-06,2.1036143597679263e-07,1.5812593079959462e-05,1.8707515251153563e-06,-9.655563691172367e-07,-7.266073774162978e-07,-1.8662614150534663e-07,1.5902024184006615e-05,-1.347883665737535e-07,2.116423442361163e-06,0.00014490220441702847,0.0016483118380913055,3.4512333219507193e-06,-1.6556997567388754e-07,3.6194948836941755e-05,-1.0030585916006885e-05,1.5914398991360042e-05,-2.0927889150547067e-06,-1.7967316055875693e-06,2.973679927012323e-06,-2.2966735917734635e-06,0.003439728941562307,0.0006033105604338282,-0.0006679532382346153,0.0063594587244068775,-0.002523491915594897,0.00047065137713509105,0.6459395225553055,-5.498815649405442e-05,0.2713041663673044,nan,nan,nan,nan,nan,nan
774,3.8749999999999396,Standing,0.8885547469570029,0.4464588880385002,1.5715469311219759,-2.0923296516643077,0.004309829767201271,-0.4117823825570232,-1.4871849638541275,0.9580105220009653,0.023182703804795757,0.025829417942255597,0.01672511963715905,0.027779460935959364,-0.3509626985299031,0.011582826902331474,-0.021938439778446648,-0.3954028906408698,-0.024111994587555623,-2.097597445403533,0.004488479783418908,-0.40799108963818265,-1.2356209228233352,-0.675325072420007,0.032175104276662536,0.025351883118613274,0.020175818025951232,0.028797542830638827,-0.32937059297502574,-0.014096284965560514,-0.023625828631042064,-0.39517445570090864,0.02365114066251933,-0.0238823764383767,-0.056996797305866126,0.07591233414390507,-0.02398757024574133,-0.05697510366397817,-0.07592462109534107,-4.147914461645969e-05,2.5398792749065946e-05,-1.599129613609599e-05,0.0003415325295836952,-1.6978767905933391e-06,-7.868589776398908e-06,-0.0004916086968010421,-0.00027264872005266773,2.3840589078750774e-05,-4.239685253675498e-06,-2.1685489578772243e-06,1.608945635635991e-08,-3.696691085798638e-05,-4.380419460408053e-06,2.832677043106388e-06,1.7823634662433213e-06,4.385670465040061e-07,0.00020663570892654235,1.0225972921544244e-06,-4.22437451397358e-06,-6.801654587793637e-05,0.000992277895651512,1.1224300756569414e-07,3.0388812680150507e-07,9.228745952418173e-05,-2.624694771272652e-05,-1.3458296708496496e-06,-1.3012852887752517e-06,-6.974580995866076e-07,3.849139860600506e-06,-2.5967388872573585e-06,0.0024334095037318497,-0.003076541142225525,0.00025671444649900423,0.0057185398410647915,-0.00353858792568566,0.00014989795012639208,0.6459396274480248,-5.498810787087689e-05,0.2713040674359235,nan,nan,nan,nan,nan,nan
775,3.8799999999999395,Standing,0.888555472211351,0.44645840588250074,1.5715471317255643,-2.0923353052300904,0.004309856186907043,-0.4117822801147845,-1.487178006811045,0.9580154531415473,0.02318286880189304,0.02582941394885099,0.01672518100026341,0.027779463903813202,-0.35096216467540153,0.011582890137454454,-0.021938478479843326,-0.39540291580340037,-0.024112000909357712,-2.0975993961657196,0.004488477467413503,-0.4079910884002884,-1.235618940343198,-0.675323269184387,0.03217511481445388,0.025351889360660212,0.020176462854471527,0.028797364183477767,-0.32937042644226555,-0.014096316089843337,-0.023625844770968702,-0.39517444955143227,0.023651132751459684,-0.02386814829391423,-0.05695873964381823,0.07590215142264742,-0.02395895897164207,-0.05696958471469873,-0.07591884566006114,0.0001450508696278568,-9.643119989133632e-05,4.012071767846091e-05,-0.0011307131565471461,5.283941154397221e-06,2.048844773401448e-05,0.0013914086164930652,0.0009862281164225376,3.299941945680472e-05,-7.98680921603991e-07,1.227262087197604e-05,5.935707674354507e-07,0.00010677090031047543,1.2647024595827104e-05,-7.740279335464648e-06,-5.032506112196391e-06,-1.2643604178117218e-06,-0.00039015243724757333,-4.6320108104383996e-07,2.4757884244027256e-07,0.0003964960274521692,0.000360647124016565,2.107558268274303e-06,1.248409387546148e-06,0.0001289657040592431,-3.5729432212160006e-05,3.330655203730529e-05,-6.224856564708897e-06,-3.2279853276324533e-06,1.2298952734941984e-06,-1.5822119285613795e-06,0.0028456288924945173,0.007611532409579173,-0.0020365442515289296,0.0057222548198518205,0.0011037898558883025,0.0011550870559855749,0.6459395277823781,-5.498817861292866e-05,0.2713041360183683,nan,nan,nan,nan,nan,nan
776,3.8849999999999394,Standing,0.8885535505058686,0.4464596614144131,1.5715465732970695,-2.092317882714155,0.00430976737811214,-0.41178263490032585,-1.487201210758187,0.9579991054543894,0.023182843883097538,0.0258293598231952,0.01672499874205384,0.02777945784119588,-0.3509639426976753,0.011582679529913164,-0.021938349215189633,-0.3954028312143796,-0.024111979844668004,-2.0975955024815285,0.004488502458026252,-0.40799113173266144,-1.235620147838317,-0.6753256488935611,0.03217510133159765,0.025351893096161954,0.020177149735045162,0.02879716835106084,-0.32937050255595024,-0.014096320136241049,-0.023625836912955216,-0.39517443773700783,0.02365112568882405,-0.023908090959240933,-0.05708973353036969,0.07593578592727526,-0.02393497886139954,-0.056974474344584976,-0.07591607673434128,-0.00038434109649158573,0.00025110638248121593,-0.00011168569894011001,0.003484503187083051,-1.7761758980549475e-05,-7.095710826751135e-05,-0.004640789428387329,-0.0032695374315829936,-4.9837591002407445e-06,-1.0825131158336672e-05,-3.645164191379199e-05,-1.2125234641392059e-06,-0.00035560445474373754,-4.2121508258231074e-05,2.585293073863606e-05,1.6917804158859928e-05,4.212937941686815e-06,0.000778736838228853,4.998122549660105e-06,-8.66647460686501e-06,-0.00024149902379249895,-0.00047594183479941115,-2.69657124564949e-06,7.471003485188544e-07,0.00013737611472693228,-3.916648338519272e-05,-1.5222736942737625e-05,-8.092795423945985e-07,1.571602697237577e-06,2.3628848918394768e-06,-1.4125271274951406e-06,-0.007988533065340581,-0.02619877731029184,0.006726900925567615,0.004796022048506079,-0.0009779259772497808,0.0005537851439735025,0.6459399604740258,-5.498798074346185e-05,0.27130377814117307,nan,nan,nan,nan,nan,nan
777,3.8899999999999393,Standing,0.888556428005824,0.44645777990551466,1.5715475029703867,-2.09234531577866,0.004309909807405547,-0.41178210170670737,-1.4871652599742495,0.9580259409013396,0.023183027597180356,0.025829419966763488,0.016725258381145393,0.027779466059810985,-0.3509612299341608,0.011583000779801827,-0.021938552108308636,-0.395402958683929,-0.024112011974135962,-2.0976010710643096,0.0044884694220014235,-0.4079911174387952,-1.2356175446125546,-0.6753302265909741,0.03217511237665558,0.025351900686627602,0.020177592266375742,0.02879704947051895,-0.3293702924021824,-0.014096353453855617,-0.02362585407275228,-0.3951744501693517,0.02365112829351732,-0.024020536359650093,-0.05683932338773523,0.07590129435134707,-0.023914718195565454,-0.056983740681099314,-0.07591482893788606,0.0005754999910760358,-0.0003763017796952473,0.0001859346634284544,-0.005486612900955717,2.848585868138278e-05,0.00010663872369486645,0.007190156787457551,0.005367089390047228,3.674281656368178e-05,1.2028713657997062e-05,5.192781831053374e-05,1.64372302102471e-06,0.0005425527028976188,6.424997773253452e-05,-4.057862380102604e-05,-2.5493909878377216e-05,-6.425893591602493e-06,-0.001113716556193281,-6.607204965644999e-06,2.85877325406296e-06,0.0005206451525116298,-0.0009155394825937493,2.2090115861449128e-06,1.5180931299227525e-06,8.850626611600756e-05,-2.3776108378909828e-05,4.203075356180178e-05,-6.663522913596973e-06,-3.4319594131495703e-06,-2.4864687722242296e-06,5.20938654193643e-07,-0.02248908008183225,0.050082028526891975,-0.006898315185637166,0.004052133166817679,-0.0018532673028671032,0.00024955929104276015,0.6459388608665539,-5.49891908091544e-05,0.2713046580300334,nan,nan,nan,nan,nan,nan
778,3.894999999999939,Standing,0.8885560197004824,0.4464580404440143,1.571547149730705,-2.0923372510472644,0.004309858730745491,-0.4117822540368124,-1.4871766580470376,0.9580154002217328,0.02318333695495733,0.025829361153533723,0.016725213640103202,0.027779469059214527,-0.35096201723590287,0.011582907358854413,-0.021938482119577378,-0.3954029214250935,-0.024112002626473526,-2.0976004964795743,0.0044884797457497615,-0.40799110513730863,-1.235616670119979,-0.6753351160304787,0.032175120447235556,0.025351903690646434,0.020177744570419025,0.028797011488757625,-0.3293702094687275,-0.014096365822375235,-0.023625851772122213,-0.3951744621788297,0.023651132656535206,-0.024141251491577226,-0.056889707327740534,0.07593086635714319,-0.02389518078770497,-0.05697673253110657,-0.07591020155458043,-8.166106832347276e-05,5.210769993473015e-05,-7.0647936324774e-05,0.0016129462790960376,-1.0215332011214643e-05,-3.0466021008996967e-05,-0.0022796145575965368,-0.0021081359213597755,6.187155539496203e-05,-1.176264595287397e-05,-8.948208438144935e-06,5.99880707963727e-07,-0.00015746034841259966,-1.8684189482748054e-05,1.3997746251495435e-05,7.451767107722122e-06,1.8695324869485032e-06,0.00011491694709043327,2.06474966757285e-06,2.460297308004254e-06,0.0001748985150778081,-0.0009778879009217998,1.6141159955234463e-06,6.008037667919684e-07,3.0460808656766267e-05,-7.59635226454886e-06,1.6586690974809996e-05,-2.4737039237931816e-06,4.6012601381703387e-07,-2.4018955907944776e-06,8.726035774286761e-07,-0.024143026385426456,-0.010076788001061439,0.005914401159224045,0.003907481572096676,0.0014016299985480346,0.0009254766611270005,0.6459404705878066,-5.4987980926959736e-05,0.2713033291644814,nan,nan,nan,nan,nan,nan
779,3.899999999999939,Standing,0.8885544423869748,0.44645908896954006,1.5715466329586942,-2.0923234710233203,0.0043097923789119095,-0.4117825202537472,-1.4871944263201722,0.9580029248593149,0.023183042024424724,0.025829355553539445,0.016725086469412714,0.0277794646436366,-0.3509633844674143,0.011582745516234682,-0.02193838344118751,-0.3954028568627397,-0.024111986435497744,-2.097596297703716,0.004488489601275739,-0.4079911134430162,-1.2356179379241765,-0.6753437872126585,0.032175109462466885,0.025351905538747742,0.020177409259406323,0.028797109650876875,-0.329370292153899,-0.014096349105977159,-0.023625836458154865,-0.3951744719930193,0.023651137728015068,-0.024202399171333842,-0.0569869467794363,0.07596080765222761,-0.023883592384973926,-0.057000436306332954,-0.07591344870840556,-0.00031546270151553985,0.0002097051051513713,-0.00010335440214922481,0.0027560047887942862,-1.3270366716264104e-05,-5.324338695209571e-05,-0.003553654626908322,-0.0024950724835877914,-5.8986106521156134e-05,-1.1199988554754117e-06,-2.543413809742229e-05,-8.831155856289965e-07,-0.000273446302289005,-3.236852394629701e-05,1.9735677973733286e-05,1.291247075617076e-05,3.2381951567118698e-06,0.0008397551716496974,1.971105195623791e-06,-1.6611415165375787e-06,-0.0002535608394728777,-0.001734236435979366,-2.196953734702859e-06,3.6962026119467024e-07,-6.70622025401255e-05,1.9632423849623345e-05,-1.653703430216348e-05,3.343279615321395e-06,3.06279346943537e-06,-1.96283792758009e-06,1.0142959723277507e-06,-0.012229535951323473,-0.019447890339152934,0.005988259016883182,0.0023176805462085765,-0.004740755045276148,-0.0006494307650262731,0.6459403702128138,-5.4988982834871664e-05,0.2713034799031655,nan,nan,nan,nan,nan,nan
780,3.904999999999939,Standing,0.8885545565177283,0.4464590582120508,1.5715468000264274,-2.0923237336158276,0.004309794030738518,-0.41178253546306953,-1.4871943160694072,0.9580034281172705,0.023182750398809533,0.0258293872580106,0.016725053784949307,0.027779461744031585,-0.3509634415652061,0.01158273898878126,-0.021938389847222326,-0.39540285445828444,-0.024111985783100795,-2.097599800227937,0.004488480029943777,-0.4079909856329334,-1.2356103016870703,-0.6753467611630601,0.032175173266562225,0.025351911629229604,0.020177022059722768,0.028797239013819195,-0.3293696986508522,-0.014096410170383588,-0.023625871202927293,-0.3951745205422305,0.023651154668334184,-0.024210684142648146,-0.05699182925323172,0.07596312333254884,-0.023868444336754228,-0.05694180650762907,-0.075898417520207,2.2826150708000158e-05,-6.1514978586273464e-06,3.341354665025486e-05,-5.2518501493302276e-05,3.3036532176928224e-07,-3.0418644725144128e-06,2.2050153002663078e-05,0.0001006515911133269,-5.832512303839772e-05,6.3408942312233165e-06,-6.536892681592674e-06,-5.799210025591613e-07,-1.1419558358571435e-05,-1.3054906844760377e-06,-1.2812069634032907e-06,4.808910527144681e-07,1.304793899017906e-07,-0.0007005048441937537,-1.91426639240076e-06,2.5562016561749327e-05,0.0015272474212453687,-0.000594790080311914,1.276081906829227e-05,1.2180963723153497e-06,-7.743993671106503e-05,2.587258846416244e-05,0.00011870060936063497,-1.2212881285672555e-05,-6.948954485286031e-06,-9.70984223591785e-06,3.3880638229089833e-06,-0.0016569942628609311,-0.0009764947590845431,0.00046313606424642963,0.0030296096439394356,0.01172595974077672,0.0030062376397133814,0.6459394700667542,-5.4989887511537737e-05,0.2713042070661202,nan,nan,nan,nan,nan,nan
781,3.909999999999939,Standing,0.8885535075467961,0.44645974960041074,1.571546616514436,-2.092324863067614,0.004309821607405016,-0.41178247780704524,-1.4871904420878985,0.9580104301929493,0.02318254817417832,0.025829417590518343,0.01672504850210038,0.027779458800504427,-0.35096318087555284,0.011582769781101308,-0.021938412090137673,-0.39540286628823207,-0.024111988867003074,-2.097589046343069,0.004488468542179442,-0.40799115459112006,-1.2356244816256767,-0.6753462861356165,0.03217509734165507,0.025351888181845018,0.02017662846906319,0.028797327871067473,-0.32937077301823336,-0.014096275952538609,-0.023625786836727603,-0.39517448483870493,0.023651147387091453,-0.024189370410461812,-0.05694049168587368,0.07594904268013551,-0.023943697733415842,-0.057106108447261925,-0.07594577753128498,-0.00020979418643896495,0.00013827767198841453,-3.670239827319986e-05,-0.00022589035727847205,5.515333299546682e-06,1.1531204862665511e-05,0.0007747963017341911,0.001400415135758136,-4.0444926243162994e-05,6.066501548051882e-06,-1.0565697854793988e-06,-5.887054318602121e-07,5.213793065274841e-05,6.158464009478356e-06,-4.448583069166244e-06,-2.3659895282038508e-06,-6.167804560587076e-07,0.002150776973622708,-2.2975528669944406e-06,-3.379163732989592e-05,-0.002835987721277518,9.500548872817187e-05,-1.518498143080545e-05,-4.6894769174991554e-06,-7.871813191565131e-05,1.777144965553985e-05,-0.00021487347623591716,2.684356899585543e-05,1.6873239937644374e-05,7.140705120945081e-06,-1.4562485459533203e-06,0.004262746437266923,0.010267513471608116,-0.002816130482666483,-0.015050679332322986,-0.032860387926571595,-0.009472002215595545,0.6459394411702055,-5.499037123006237e-05,0.2713041637937875,nan,nan,nan,nan,nan,nan
782,3.9149999999999388,Standing,0.8885553547815969,0.4464585908953515,1.5715472734832956,-2.092333605180306,0.004309846332407544,-0.4117823199257866,-1.4871802127843656,0.9580147955427939,0.023182418675833632,0.025829461416416993,0.016725106510320574,0.02777946337755576,-0.35096239397631046,0.011582863025729709,-0.02193847118461022,-0.39540290368262154,-0.02411199819680391,-2.0976025335798067,0.0044884588153916724,-0.407990869939465,-1.2356056629124907,-0.6753340485231212,0.03217524327614498,0.025351900483294894,0.020176471381013462,0.028797408472700372,-0.3293693589080066,-0.014096437147305475,-0.023625890284660656,-0.3951745611662685,0.023651169845466363,-0.024155881214863763,-0.05691424564492078,0.07593829092388762,-0.024057641121761918,-0.05688597137301454,-0.07591663830445679,0.0003694469601525079,-0.00023174101185054538,0.00013139377191916362,-0.0017484225383970634,4.945000505607646e-06,3.157625172906048e-05,0.0020458607065887598,0.0008730699689243697,-2.5899668937047875e-05,8.765179729884941e-06,1.1601644038596799e-05,9.154102670796282e-07,0.0001573798484719114,1.8648925680122007e-05,-1.1818894509606503e-05,-7.478877891040489e-06,-1.8659601672501284e-06,-0.0026974473475525683,-1.945357553928035e-06,5.693033101119e-05,0.003763742637189082,0.002447522499072835,2.9186897981800614e-05,2.4602899754648827e-06,-3.141760994538758e-05,1.6120326579533088e-05,0.0002828220453502663,-3.223895337317974e-05,-2.06895866107215e-05,-1.5265512710211293e-05,4.491674982301421e-06,0.00669783911960993,0.0052492081905799,-0.002150351249577824,-0.022788677669215364,0.0440274148494764,0.005827845365638596,0.6459387776986587,-5.498873030428549e-05,0.27130467547491743,nan,nan,nan,nan,nan,nan
783,3.9199999999999386,Standing,0.8885554511153502,0.4464585338002095,1.5715471729021913,-2.0923323213820564,0.004309838980922617,-0.4117823283010991,-1.487181791365739,0.9580128573075682,0.02318234707267317,0.02582947048820504,0.016725102591621285,0.02777946448753534,-0.35096247941542974,0.011582852813839849,-0.02193845930480244,-0.39540289990136623,-0.02411199717686784,-2.0976025255265687,0.0044884574026506155,-0.4079908420282114,-1.235604187752134,-0.6753318746298149,0.032175275428903395,0.02535190125683139,0.020176638356506585,0.02879737258553227,-0.3293691914848764,-0.014096459238795338,-0.023625899744491304,-0.3951745572720089,0.023651162055519204,-0.024123351817990194,-0.056937625291463116,0.0759380445642793,-0.02413228592361258,-0.05686545868521973,-0.07592414859377625,1.9266750650634467e-05,-1.1419028402896172e-05,-2.0116220870145695e-05,0.000256759649908447,-1.4702969853164334e-06,-1.6750625044158345e-06,-0.00031571627467063277,-0.0003876470451215214,-1.4320632092644636e-05,1.8143576091674887e-06,-7.837398577482789e-07,2.219959156014519e-07,-1.7087823855986383e-05,-2.0423779719546705e-06,2.3759615561958523e-06,7.562510569131491e-07,2.039872136320803e-07,1.6106476038815244e-06,-2.825482113510667e-07,5.582250712482508e-06,0.00029503207135662957,0.00043477866124862034,6.430551683153815e-06,1.54707298892043e-07,3.3395098624489565e-05,-7.177433620267215e-06,3.348462603873064e-05,-4.418297972702411e-06,-1.8919661294579968e-06,7.788519126704142e-07,-1.5579894319482827e-06,0.006505879374713753,-0.004675929308467484,-4.927192166507416e-05,-0.014928960370132334,0.004102537558962345,-0.0015020578638930866,0.6459397748537681,-5.4989072646667326e-05,0.2713037931511706,nan,nan,nan,nan,nan,nan
784,3.9249999999999385,Standing,0.8885544998163647,0.44645914470696346,1.5715468351594035,-2.0923272534003767,0.00430982321831492,-0.4117824039307078,-1.4871872770836818,0.9580104238487405,0.023182221939401462,0.025829473757383842,0.016725068302220564,0.02777946241825675,-0.3509628891541098,0.011582804244048015,-0.021938426863493603,-0.395402880699998,-0.024111992319211874,-2.0975962169416347,0.004488461595662408,-0.4079909397553089,-1.2356116622322426,-0.6753261046046801,0.03217524671651116,0.02535188830427489,0.020176822392924443,0.02879731313904157,-0.32936973789802854,-0.014096398281469783,-0.02362585990660603,-0.39517452389373464,0.023651146760466,-0.024089684725534494,-0.05696868421684645,0.07593920588680256,-0.024176218248896878,-0.056944330817648235,-0.0759481280190456,-0.00019025979710260508,0.00012218135079074315,-6.754855755924545e-05,0.0010135963359148344,-3.1525215394367346e-06,-1.5125921736036565e-05,-0.0010971435885621982,-0.00048669176555396986,-2.5026654341222266e-05,6.538357604020233e-07,-6.8578801445076455e-06,-4.138557177646262e-07,-8.194773600673984e-05,-9.713958366746017e-06,6.488261767739463e-06,3.840273640957454e-06,9.715311929414665e-07,0.0012617169868318573,8.386023586014156e-07,-1.954541950928764e-05,-0.0014948960217397967,0.0011540050269622363,-5.742478447609236e-06,-2.5905113000839655e-06,3.680728357147387e-05,-1.1889298139819779e-05,-0.00010928263042332017,1.2191465110986003e-05,7.967577054867349e-06,6.675654850733167e-06,-3.059010640492682e-06,0.0067334184911401595,-0.006211785076666672,0.00023226450465099323,-0.008786465056859566,-0.015774426485700738,-0.004795885053871258,0.645939906250422,-5.4988832123111115e-05,0.2713037021145791,nan,nan,nan,nan,nan,nan
785,3.9299999999999384,Standing,0.8885541096148171,0.4464593961271369,1.5715468085380706,-2.0923267634445253,0.004309825886298611,-0.41178240502883023,-1.4871870905045446,0.9580119803001483,0.023182157101321876,0.02582948115372178,0.016725067516802968,0.027779461200884738,-0.3509628871850799,0.0115828045448401,-0.02193842878760932,-0.395402881147838,-0.024111992349736946,-2.0975938975832396,0.004488466150410622,-0.40799099806311895,-1.2356147829198552,-0.6753212642993301,0.032175224641713504,0.0253518844717016,0.020177151476382608,0.028797216630394945,-0.3293699904203135,-0.014096375385246053,-0.02362584830987873,-0.395174504245733,0.023651136711460522,-0.02405318766344575,-0.05696869931661147,0.0759334346387318,-0.024177735945039015,-0.056980297770157035,-0.07595610555768932,-7.80403095207984e-05,5.028403469441711e-05,-5.324266601691426e-06,9.79911703329066e-05,5.335967381926594e-07,-2.1962448184321426e-07,3.731582746928385e-05,0.00031129028157324897,-1.2967615917306157e-05,1.479267587623809e-06,-1.570835189428513e-07,-2.434744022634413e-07,3.938059767959721e-07,6.015841706411034e-08,-3.8482314338164075e-07,-8.956799529633533e-08,-6.1050145423458906e-09,0.00046387167904755433,9.109496427901718e-07,-1.1661562004145775e-05,-0.0006241375225252136,0.0009680610699926271,-4.414959530968959e-06,-7.665146577389605e-07,6.5816691632665e-05,-1.930172932550826e-05,-5.050445699404918e-05,4.579244745873924e-06,2.3193454592251988e-06,3.929600323381771e-06,-2.009801096007311e-06,0.0072994124177490766,-3.0199530040211225e-06,-0.0011542496141525374,-0.0003035392284269755,-0.007193390501760174,-0.0015955077287427787,0.6459393917859794,-5.4988268351693103e-05,0.27130412403020854,nan,nan,nan,nan,nan,nan
786,3.9349999999999383,Standing,0.8885544563355624,0.4464591700056847,1.5715470017745852,-2.0923294777888923,0.00430983662376936,-0.41178235537362345,-1.4871835279192402,0.9580146222898354,0.023182208302147723,0.025829483175886094,0.01672509471833005,0.02777946207326784,-0.3509626173653369,0.011582836574866865,-0.021938449566334582,-0.3954028943442213,-0.024111995553813294,-2.0975963598033647,0.004488469178427594,-0.40799098335439477,-1.2356118937004528,-0.6753202636290754,0.03217523181511026,0.02535189186285505,0.02017760166929937,0.028797095923156223,-0.3293697834160682,-0.014096409196359627,-0.0236258708330146,-0.3951745049296373,0.023651133554445467,-0.024017701760506355,-0.05695776006668009,0.07592555297429569,-0.024153120333328015,-0.05695246597553257,-0.07594618126157641,6.934414906535112e-05,-4.522429044966288e-05,3.8647302900972985e-05,-0.0005428688734010152,2.147494149835136e-06,9.931041358996513e-06,0.0007125170608488036,0.0005283979374067731,1.024016516925259e-05,4.044328631306836e-07,5.440305416588167e-06,1.744766204474489e-07,5.396394860167906e-05,6.406005352799969e-06,-4.1557450524087606e-06,-2.6392766684749385e-06,-6.408152698033574e-07,-0.000492444025061103,6.056033943913377e-07,2.9417448353761693e-06,0.0005778438804971664,0.00020013405096185922,1.4346793516341144e-06,1.4782306897347068e-06,9.00385833525244e-05,-2.4141447744631157e-05,4.140084905965404e-05,-6.762222714668646e-06,-4.5046271730475815e-06,-1.367808549688959e-07,-6.314030114507111e-07,0.0070971805878792165,0.0021878499862760686,-0.0015763328872213248,0.00492312234220031,0.005566358924892748,0.001984859222581883,0.6459391210871004,-5.4987914801444334e-05,0.2713043085403174,nan,nan,nan,nan,nan,nan
787,3.939999999999938,Standing,0.8885546806810632,0.44645902284374345,1.57154707712513,-2.0923297729428385,0.00430983400995897,-0.41178235445052114,-1.487183436293953,0.9580142763621832,0.02318230551932592,0.02582947207426599,0.01672510280832416,0.027779462801602473,-0.3509625998066662,0.011582838678712667,-0.02193844977042098,-0.3954028954776858,-0.02411199576417502,-2.09759853170962,0.004488471345917482,-0.4079909549834934,-1.2356084529930726,-0.675325281287525,0.03217524239224073,0.02535190261099815,0.02017787989250231,0.028797027413083563,-0.3293695113872222,-0.01409644720767624,-0.023625893029572007,-0.39517451130743914,0.023651133217693354,-0.02398837478397428,-0.056969107345704324,0.075923300756517,-0.02411750850538699,-0.05692383687389384,-0.07593433909836626,4.486910017063689e-05,-2.9432388252547972e-05,1.5070108970154653e-05,-5.903078926812618e-05,-5.227620780990454e-07,1.8462046477151955e-07,1.832505741310663e-05,-6.918553044692232e-05,1.9443435639237534e-05,-2.220324021053354e-06,1.6179988215501287e-06,1.4566692626039614e-07,3.5117341410076502e-06,4.207691605437081e-07,-4.0817279546690516e-08,-2.2669290154977972e-07,-4.207234495661533e-08,-0.00043438125104347454,4.3349797768977845e-07,5.674180265761155e-06,0.0006881414760344966,-0.0010035316899147423,2.115426093547555e-06,2.1496286204468672e-06,5.564464058850281e-05,-1.3702014532313941e-05,5.440576919932918e-05,-7.602263322556103e-06,-4.439311481747139e-06,-1.2755603637524857e-06,-6.735042255833016e-08,0.005865395306414639,-0.002269455804846877,-0.00045044355573723035,0.007122365588205176,0.005725820327746553,0.0023684326420305526,0.6459392766415948,-5.498793979181489e-05,0.2713041467796031,nan,nan,nan,nan,nan,nan
788,3.944999999999938,Standing,0.8885545929571554,0.4464590711048695,1.5715470312993782,-2.092328990783471,0.0043098306890814835,-0.4117823711255084,-1.487184480216822,0.9580138676752622,0.02318239857010023,0.02582945787725252,0.01672510263071371,0.02777946263550401,-0.3509626740596417,0.011582829873573989,-0.02193844338813112,-0.39540289199567774,-0.024111994882961632,-2.097597986590303,0.0044884714251637505,-0.40799096702094956,-1.2356087799901605,-0.675331019621896,0.032175238154367396,0.025351905502265657,0.020178064865583153,0.02879697877689514,-0.3293695207892276,-0.014096450361398845,-0.023625889606252837,-0.3951745138570246,0.023651134281091873,-0.023962326134082657,-0.05698042120803176,0.07592154199567484,-0.024084230009503587,-0.0569368957679709,-0.07593183932262525,-1.7544781557918325e-05,9.652225202443003e-06,-9.165150370390016e-06,0.00015643187352225847,-6.641754972940476e-07,-3.334997458384976e-06,-0.0002087845737730319,-8.17373841856223e-05,1.8610154862009094e-05,-2.839402693675129e-06,-3.552209044632834e-08,-3.321969263907942e-08,-1.4850595101171983e-05,-1.761027735786023e-06,1.2764579718572673e-06,6.964016104390261e-07,1.7624267753731113e-07,0.00010902386337804942,1.5849253693932923e-08,-2.407491233727106e-06,-6.539941757553876e-05,-0.0011476668741949537,-8.475746669979454e-07,5.782535015998552e-07,3.699461616856287e-05,-9.727237684535621e-06,-1.8804010792764013e-06,-6.307445208544092e-07,6.846638336414716e-07,-5.099170937161965e-07,2.1267970369312405e-07,0.005209729978324655,-0.0022627724654880788,-0.00035175216843263886,0.006655699176680463,-0.0026117788154131523,0.0004999551482038082,0.6459394021254251,-5.498818828462213e-05,0.2713040311667819,nan,nan,nan,nan,nan,nan
789,3.949999999999938,Standing,0.8885545798960232,0.4464590665886218,1.5715470208067033,-2.0923298779297936,0.00430983715450779,-0.4117823543496197,-1.4871832155427698,0.9580154804928722,0.023182515784443775,0.025829445687552417,0.016725118869838008,0.027779462908326356,-0.35096257592532176,0.011582841479710223,-0.02193845007149389,-0.3954028965530498,-0.024111996042932404,-2.0975969032775286,0.004488469176585125,-0.4079909943969774,-1.2356106163932825,-0.675335290165252,0.032175227936544884,0.025351903423217456,0.020178191465848976,0.028796942479099027,-0.3293696574375131,-0.014096437517985085,-0.023625875753668292,-0.39517451789419716,0.023651137840290794,-0.023937593651635957,-0.05697390823287265,0.07591627454509724,-0.02405273458963095,-0.05696549696687541,-0.07593295807791765,-2.6122264602088766e-06,-9.032495421936949e-07,-2.09853499589867e-06,-0.00017742926456619737,1.293085261195563e-06,3.355177743633979e-06,0.0002529348104187197,0.0003225635220134622,2.344286870909399e-05,-2.437940020894213e-06,3.24782486002321e-06,5.456446982007482e-08,1.9626863985894376e-05,2.3212272467661987e-06,-1.3366725536120102e-06,-9.114744065993108e-07,-2.3199415437370547e-07,0.00021666255495303587,-4.4971572502894924e-07,-5.47520556783804e-06,-0.00036728062440348643,-0.0008541086711838659,-2.043564501996766e-06,-4.158096400735226e-07,2.5320053164307464e-05,-7.259559222777338e-06,-2.7329657101056136e-05,2.5686827517961113e-06,2.7705169089264795e-06,-8.074345066393462e-07,7.118397841214384e-07,0.004946496489339976,0.0013025950318222186,-0.001053490115520647,0.006299083974527471,-0.0057202397809009,-0.00022375105848192927,0.6459393603842131,-5.498821591409038e-05,0.27130406462751855,nan,nan,nan,nan,nan,nan
790,3.954999999999938,Standing,0.8885545194219636,0.4464590926539246,1.571547001917563,-2.0923291180103276,0.004309831919884798,-0.41178237533703554,-1.4871844312711875,0.9580148055450426,0.02318263562853077,0.025829427546637466,0.016725115687507577,0.027779463019324806,-0.3509626652513215,0.01158283089351739,-0.021938443089825163,-0.3954028922438135,-0.024111994983208693,-2.0975970571627216,0.004488470918870414,-0.4079909945910226,-1.2356109476081278,-0.6753345715624155,0.03217523411724606,0.025351899010639667,0.020178332058472213,0.02879690291486708,-0.32936969192300686,-0.01409643687064318,-0.023625869655383075,-0.39517452868179204,0.023651144112352557,-0.02391840786041882,-0.05698508510840502,0.07591558939653967,-0.024019030654918644,-0.05696805240779598,-0.07592811583653303,-1.2094811912727332e-05,5.2130605618221764e-06,-3.7778280534867183e-06,0.0001519838932289225,-1.0469245983783395e-06,-4.197483167712724e-06,-0.00024314568352087944,-0.00013498956592067313,2.3968817398891382e-05,-3.6281829901869645e-06,-6.364660858003397e-07,2.2199690286081904e-08,-1.7865199947920396e-05,-2.1172385665687963e-06,1.3963337452455252e-06,8.618472566404234e-07,2.1194474239257587e-07,-3.0777038586538675e-05,3.48457057825495e-07,-3.88090398983206e-08,-6.624296904678221e-05,0.00014372056728228437,1.2361402350449426e-06,-8.825155575759695e-07,2.811852464778079e-05,-7.912846389367973e-06,-6.897098744187555e-06,1.2946838113423075e-07,1.2196570431649631e-06,-2.1575189712897467e-06,1.2544123527433423e-06,0.0038371582434278168,-0.002235375106473457,-0.00013702971151378788,0.006740786942461537,-0.0005110881841140771,0.0009684482769251293,0.6459393532925509,-5.4988036454592304e-05,0.2713040726024045,nan,nan,nan,nan,nan,nan
791,3.959999999999938,Standing,0.8885547775396235,0.44645890966540697,1.5715470721779756,-2.092330670912757,0.004309837678489388,-0.41178235378649175,-1.4871827829964832,0.9580160019758565,0.023182759429245848,0.02582941559473084,0.016725132445144272,0.027779463874251877,-0.3509625391132958,0.011582845833802913,-0.021938452392141292,-0.3954028981094655,-0.024111996476413357,-2.0975983175217108,0.004488471227942043,-0.4079909874267977,-1.2356105540150795,-0.6753321816225161,0.03217524447073122,0.025351895753231535,0.02017850303691142,0.028796855525313653,-0.32936967017147883,-0.01409644355619464,-0.02362587009318667,-0.3951745365564242,0.02365114814734235,-0.023900124333708524,-0.05698035425603546,0.07591169542780844,-0.023986399511131604,-0.05695974405474753,-0.07592111864406735,5.1623531974112476e-05,-3.6597703526161e-05,1.4052082531855865e-05,-0.0003105804859061495,1.1517209181317928e-06,4.3101087638323515e-06,0.0003296549408700002,0.00023928616278032618,2.4760143015420483e-05,-2.3903813256049636e-06,3.3515273386946296e-06,1.7098541420380477e-07,2.522760515185264e-05,2.988057104386948e-06,-1.860463226090871e-06,-1.1731304015945128e-06,-2.986409330839843e-07,-0.0002520717978148802,6.181432566253373e-08,1.4328449815713437e-06,7.871860965564468e-05,0.00047798797988746254,2.070697031469626e-06,-6.514816263156109e-07,3.419568784089174e-05,-9.47791068525899e-06,4.350305603329468e-06,-1.33711029232953e-06,-8.75607192092681e-08,-1.5749264295737052e-06,8.069979586311817e-07,0.0036567053420587248,0.0009461704739114735,-0.0007787937462439334,0.006526228757408125,0.0016616706096903252,0.0013994384931361795,0.645939319251739,-5.498816115595375e-05,0.27130410403819016,nan,nan,nan,nan,nan,nan
792,3.9649999999999377,Standing,0.8885546063404043,0.4464590042284121,1.5715469986302761,-2.092329176559328,0.0043098299296189125,-0.4117823888919474,-1.4871849757957183,0.9580146912876498,0.023182872283854853,0.025829395748265892,0.016725119583654746,0.02777946366499343,-0.3509627039554,0.01158282628640519,-0.021938439761883793,-0.39540289012922475,-0.024111994520384046,-2.097597550313923,0.00448847609961038,-0.40799102052681213,-1.2356126946790036,-0.675330339480356,0.032175233069807234,0.025351891410419266,0.020178680762768724,0.02879680112546544,-0.32936984065424013,-0.014096428080497913,-0.0236258583440077,-0.3951745292054504,0.023651146550337666,-0.023887015874369505,-0.056994713456895406,0.07591266393446505,-0.02396030017869581,-0.05697297017270256,-0.07591979955613727,-3.4239843853068085e-05,1.891260103495254e-05,-1.4709539900610152e-05,0.0002988706858113103,-1.5497740950980982e-06,-7.021091131751404e-06,-0.0004385598470378643,-0.0002621376413376374,2.2570921800948e-05,-3.969292989708076e-06,-2.5722979054328663e-06,-4.1851689698145235e-08,-3.296842084488313e-05,-3.9094795446515775e-06,2.5260514999699906e-06,1.5960481533011572e-06,3.9120586181681636e-07,0.00015344155761133296,9.743336673239765e-07,-6.620002893204127e-06,-0.00042813278483732194,0.00036842843201475,-2.2801847958640005e-06,-8.685624539065066e-07,3.554517146090058e-05,-1.0879969642386192e-05,-3.409655225641603e-05,3.0951393456386134e-06,2.3498357941516307e-06,1.4701947604492425e-06,-3.1940093717204507e-07,0.0026216918678036855,-0.0028718401719895026,0.00019370133132277142,0.005219866487159372,-0.00264522359100547,0.0002638175860154065,0.6459394734234744,-5.4988226425286225e-05,0.2713039891193534,nan,nan,nan,nan,nan,nan
793,3.9699999999999376,Standing,0.8885550966630995,0.4464586669981476,1.5715471252147268,-2.0923334104155544,0.0043098505655241376,-0.41178231132958426,-1.4871796991485975,0.9580185939439878,0.02318300697726434,0.025829391258267324,0.01672516400879211,0.027779465582406362,-0.3509622997773428,0.01158287414628812,-0.02193846906037758,-0.39540290912617465,-0.024111999305759826,-2.097598444696558,0.004488475243258567,-0.40799104798824515,-1.2356139789561809,-0.6753290617788644,0.03217522096193631,0.025351889740219843,0.020178865160514488,0.02879674527618985,-0.32936995179058454,-0.01409641994990306,-0.02362585391787339,-0.39517452187620483,0.023651144607990754,-0.023872200832341893,-0.056965051418950904,0.07590401642921504,-0.023936289665989558,-0.05697913777313168,-0.07591728310239908,9.806453903925304e-05,-6.744605289906464e-05,2.5316890158031764e-05,-0.0008467712452614834,4.1271810450309885e-06,1.5512472623142733e-05,0.0010553294241446088,0.0007805312675935058,2.6938681897968906e-05,-8.979997131744852e-07,8.885027472985955e-06,3.8348258665044407e-07,8.08356114525582e-05,9.571976585888736e-06,-5.859698757686106e-06,-3.7993899841810153e-06,-9.570751557423815e-07,-0.0001788765270311626,-1.7127036244859904e-07,-5.492286601376146e-06,-0.000256855435434662,0.0002555402983178069,-2.421574184129241e-06,-3.3403988444891015e-07,3.6879549153051006e-05,-1.1169855117969926e-05,-2.2227268878740886e-05,1.6261189706921165e-06,8.852268621546988e-07,1.4658491073395742e-06,-3.8846938204444394e-07,0.0029630084055224165,0.0059324075889005,-0.001729501050001272,0.004802102541250385,-0.0012335200858249505,0.0005032907476374535,0.6459393935157166,-5.49883094146381e-05,0.2713040772893972,nan,nan,nan,nan,nan,nan
794,3.9749999999999375,Standing,0.8885537086977606,0.4464595670807293,1.57154671658179,-2.092320426759319,0.004309783258665607,-0.41178257801601414,-1.4871971055646065,0.9580061576747314,0.023182999512893068,0.02582934919711302,0.016725025514727883,0.027779460921849266,-0.3509636337256865,0.011582716144148193,-0.021938372251313787,-0.39540284570490386,-0.024111983503190767,-2.097596080307009,0.004488495753736194,-0.40799108883738383,-1.2356159545616887,-0.6753300352623438,0.03217519809919875,0.025351889494122176,0.020179059318895458,0.028796684641160867,-0.3293701163482509,-0.014096405842695859,-0.023625843630569892,-0.3951745097235939,0.02365114160075849,-0.023893645873217743,-0.057066432467739264,0.07592895552401478,-0.023913994845090297,-0.056975100611017224,-0.0759128577535305,-0.0002775930677735469,0.00018001651634061219,-8.172658735867817e-05,0.002596731247106972,-1.3461371705972361e-05,-5.333728597533209e-05,-0.003481283201786871,-0.00248725385127907,-1.4928742550185704e-06,-8.412230861123038e-06,-2.7698812845185913e-05,-9.321114193176463e-07,-0.0002667896687477128,-3.160042798535644e-05,1.9361812758779464e-05,1.2684254156846931e-05,3.1605138115757248e-06,0.00047287790976371225,4.102095525222381e-06,-8.169827739726448e-06,-0.00039512110157187267,-0.0001946966958742436,-4.572547513001116e-06,-4.921953299230514e-08,3.883167619381797e-05,-1.2127005797049978e-05,-3.2911533271861894e-05,2.8214414402858043e-06,2.0574606996206304e-06,2.4305221812730213e-06,-6.014464529608113e-07,-0.004289008175170129,-0.020276209757671713,0.004987818959947772,0.0044589641798521915,0.0008074324228922848,0.0008850697737142657,0.645939690484471,-5.498809285378528e-05,0.2713038642680033,nan,nan,nan,nan,nan,nan
795,3.9799999999999374,Standing,0.888556622870844,0.44645764433881124,1.5715475935455419,-2.092347668390086,0.004309923643414853,-0.4117820430471349,-1.487161412043857,0.9580323387505797,0.023183228172233693,0.02582940500452568,0.016725295459961025,0.027779470033039134,-0.3509609209690494,0.011583037366927357,-0.021938572164689137,-0.39540297336190877,-0.024112015629355863,-2.0976012921155496,0.004488466825283771,-0.4079911120584182,-1.2356164370232374,-0.6753312940292415,0.03217518461929001,0.025351890611895966,0.020179257118292094,0.02879662443008239,-0.32937016835150795,-0.014096405346542242,-0.02362584724878071,-0.3951745054753828,0.02365114168312982,-0.02397803380022034,-0.05682535907586642,0.07589110917590887,-0.023897802538663287,-0.056990589750661666,-0.07591359836801942,0.0005828346166702481,-0.000384548383616476,0.00017539275036650753,-0.005448326153424905,2.8076949849080906e-05,0.00010699377585144586,0.007138704149919969,0.005236215169647995,4.573186812523844e-05,1.1161482532988752e-05,5.3989046628243924e-05,1.822237973866273e-06,0.0005425513274214214,6.424455583279722e-05,-3.9982675069915534e-05,-2.553140098132094e-05,-6.42523301943884e-06,-0.0010423617081867151,-5.785690484579053e-06,-4.644206875201531e-06,-9.649230972120734e-05,-0.00025175337955304553,-2.6959817475792478e-06,2.2355475819502252e-07,3.9559879327067335e-05,-1.2042215695488801e-05,-1.0400651409790972e-05,9.923072343615674e-08,-7.236421638683798e-07,8.496422223604739e-07,1.6474266241988847e-08,-0.016877585400519778,0.04821467837456762,-0.007569269621182621,0.0032384612854017866,-0.0030978279288886405,-0.00014812289778441744,0.6459388982662377,-5.498906024364668e-05,0.27130452701519964,nan,nan,nan,nan,nan,nan
796,3.9849999999999373,Standing,0.8885555699056391,0.4464583125270377,1.5715470362535313,-2.092332971334374,0.004309837794743206,-0.411782329024711,-1.487181672737504,0.9580150902043634,0.023183462052760215,0.025829334541804184,0.016725186903272782,0.027779470643783014,-0.35096238514586864,0.011582863766219979,-0.02193845279515944,-0.3954029038459859,-0.02411199826194555,-2.097600084708451,0.004488492231746468,-0.4079911392937855,-1.2356177840410423,-0.675332562691029,0.03217516812617143,0.02535189020064134,0.020179453231298328,0.02879656277928907,-0.3293702843616895,-0.014096396948207152,-0.023625837659142543,-0.39517449732189475,0.02365114126462569,-0.024124692798863687,-0.056927725484765504,0.07593609730598261,-0.023879873840267674,-0.05696870042413728,-0.07590603026623136,-0.00021059304097455146,0.00013363764529607637,-0.0001114584021249538,0.002939411142373902,-1.716973432939342e-05,-5.719551522749821e-05,-0.0040521387294100335,-0.0034497092432681587,4.6776105304417625e-05,-1.4092544299901991e-05,-2.1711337648383505e-05,1.2214877584365887e-07,-0.0002928353638477002,-3.47201414756835e-05,2.387390593951189e-05,1.3903184566071823e-05,3.4734820624653788e-06,0.00024148141971590633,5.08129253926272e-06,-5.447073461633892e-06,-0.0002694035609805953,-0.00025373235750840054,-3.2986237155602426e-06,-8.225092531893745e-08,3.922260124691255e-05,-1.2330158664342284e-05,-2.3202036314801344e-05,1.6796670180009629e-06,1.917927633066704e-06,1.6306976144361702e-06,-8.370082643179081e-08,-0.029331799728669464,-0.020473281779815854,0.00899762601474754,0.003585739679122759,0.004377865304877736,0.0015136203576121415,0.6459405676619736,-5.4987700157558024e-05,0.2713032033235208,nan,nan,nan,nan,nan,nan
797,3.989999999999937,Standing,0.8885535125445981,0.446459645395876,1.571546468553359,-2.092318582550953,0.004309775836838412,-0.411782607546869,-1.4871997021064478,0.9580040565046463,0.023183116687856938,0.025829331087650294,0.016725042738241755,0.02777946356819344,-0.3509638020897124,0.011582696041889372,-0.021938354361996776,-0.39540283659584163,-0.024111981484063284,-2.0975926006446106,0.004488512970285908,-0.40799128840347104,-1.235627363623904,-0.6753365519959678,0.032175087410441595,0.025351881739121472,0.020179571657861176,0.028796505650038585,-0.3293710400990968,-0.014096312660116688,-0.023625784113398347,-0.395174461586928,0.02365113436451441,-0.024191915213624255,-0.05701440139547103,0.07596516678831398,-0.023885190439599684,-0.05703646987886438,-0.07592144831257815,-0.00041147220820052796,0.00026657376766161156,-0.00011354003444455772,0.002877756684282976,-1.2391580958794693e-05,-5.570443160424733e-05,-0.0036058737887784634,-0.002206739943430567,-6.907298065559647e-05,-6.908307779746465e-07,-2.883300620537011e-05,-1.4151179143821438e-06,-0.0002833887687568431,-3.354486612125369e-05,1.9686632532490172e-05,1.34500288614215e-05,3.3555764537850413e-06,0.0014968127680290615,4.1477078880528e-06,-2.982193710917754e-05,-0.0019159165723118842,-0.0007978609877479928,-1.6143145967255187e-05,-1.6923039730501941e-06,2.3685312569451287e-05,-1.1425850096529653e-05,-0.00015114748145649538,1.685761809261463e-05,1.0709148839204804e-05,7.14699335756191e-06,-1.3800222562942541e-06,-0.013444482952113361,-0.017335182141105906,0.005813896466274911,-0.0010633198664017768,-0.013553890945420442,-0.003083609269358324,0.6459401091786899,-5.498928957243748e-05,0.27130368008208805,nan,nan,nan,nan,nan,nan
798,3.994999999999937,Standing,0.8885550055640148,0.4464587071568858,1.571547098431112,-2.0923261697802205,0.004309802794918473,-0.41178250391443927,-1.4871913146527143,0.9580087260525797,0.0231829121192234,0.025829371405471157,0.016725061315425914,0.027779463023199544,-0.3509632349253332,0.011582763483851939,-0.021938408909256597,-0.39540286364427263,-0.024111988231737273,-2.0976047028048015,0.004488508156055675,-0.4079911010414991,-1.2356123891903161,-0.6753397289490934,0.032175171145859285,0.02535190257563103,0.020179769159550685,0.02879647165101068,-0.32936992218676714,-0.014096449125611839,-0.023625869087926788,-0.3951745188981895,0.023651154072249964,-0.02420509898988463,-0.05698369699551689,0.07596073352740267,-0.023916373365965565,-0.05684637906265982,-0.07588556638000214,0.00029860388332387253,-0.00018764779804657548,0.00012597555056432903,-0.001517445853510358,5.3916160122310115e-06,2.072648595369439e-05,0.0016774907467130762,0.0009339095866906463,-4.091372670821623e-05,8.063564172909557e-06,3.715436831624988e-06,-1.0899877950162588e-07,0.00011343287583515056,1.3488392513324974e-05,-1.0909451964215667e-05,-5.4096861997153935e-06,-1.349534797905468e-06,-0.002420432038154098,-9.62846046626274e-07,3.7472394392722876e-05,0.0029948867175708777,-0.0006353906251469292,1.6747083538509383e-05,4.1673019118756505e-06,3.9500337901691685e-05,-6.799805581245273e-06,0.0002235824659340461,-2.7293099030039317e-05,-1.6994905688549098e-05,-1.146225230445497e-05,3.941547111122684e-06,-0.002636755252075228,0.006140879990827949,-0.000886652182262508,-0.0062365852731764765,0.038018163240912936,0.007176386515199908,0.6459389019973582,-5.4989880218839716e-05,0.2713046818879066,nan,nan,nan,nan,nan,nan
799,3.999999999999937,Standing,0.8885542872330942,0.44645915103677547,1.5715468849436667,-2.0923289719457716,0.004309838581918287,-0.411782407051048,-1.4871855101265266,0.958016548707126,0.023182764156794575,0.025829401798572817,0.01672508009153226,0.027779461514646386,-0.35096280165432053,0.01158281458696462,-0.021938439391723092,-0.3954028833511784,-0.024111993347407858,-2.097593539837122,0.004488503451641266,-0.4079913700460407,-1.2356313304800814,-0.6753454326879609,0.03217504246958742,0.025351880516153946,0.020179910743652184,0.028796391393436867,-0.32937136057095506,-0.014096285387350837,-0.02362576269363961,-0.3951744524852117,0.023651138712815014,-0.024186828617421663,-0.05692145643627578,0.07594460779136768,-0.02407991568807461,-0.05700469436247465,-0.07594571793599776,-0.00014366618412898385,8.877597793063722e-05,-4.269748906029583e-05,-0.0005604331102741067,7.157399962871731e-06,1.937267825045459e-05,0.0011609052375239984,0.0015645309092597556,-2.9592485764328675e-05,6.0786203318288004e-06,3.7552212695686416e-06,-3.017106313475026e-07,8.665420253907102e-05,1.0220622536300854e-05,-6.096493299357221e-06,-3.941381156159988e-06,-1.0231341169274173e-06,0.0022325935358985622,-9.408828818166499e-07,-5.380090831822918e-05,-0.0037882579530627175,-0.0011407477734945754,-2.5735254372725795e-05,-4.411895417313536e-06,2.8316820300012227e-05,-1.605151476223363e-05,-0.00028767683758523647,3.274765220037326e-05,2.1278857435783994e-05,1.3282595552309565e-05,-3.0718869898357313e-06,0.0036540744925933457,0.01244811184822185,-0.003225147206996559,-0.03270846442180924,-0.03166305996296696,-0.012030311199125135,0.645939648510832,-5.499064173288688e-05,0.27130403176753115,nan,nan,nan,nan,nan,nan
800,4.004999999999937,Standing,0.8885541718553778,0.446459228101799,1.5715469197949865,-2.0923300011418644,0.004309844231404019,-0.4117823595539448,-1.4871831647665243,0.9580186942215365,0.023182560973070483,0.02582943577383379,0.016725088450708966,0.027779462713258943,-0.3509626062772441,0.011582837729334704,-0.021938451515096987,-0.39540289318280347,-0.024111995665287614,-2.097592344260078,0.00448850592470408,-0.407991422360074,-1.23563548937945,-0.67534233320366,0.03217499730730627,0.025351872545889397,0.02017948318787413,0.02879649389617561,-0.3293717444009117,-0.014096233273693389,-0.023625739987969387,-0.3951744432254709,0.023651142741501433,-0.024158122985109085,-0.056910019188115585,0.07593763156282061,-0.024150627093783985,-0.05701536170224559,-0.07595931071780726,-2.3075543278647403e-05,1.5413004708853177e-05,6.97026397706217e-06,-0.00020583921853921714,1.129897146523543e-06,9.499420641616249e-06,0.00046907200042842114,0.00042910288208518116,-4.0636744818157476e-05,6.795052194228199e-06,1.6718353410986027e-06,2.397225113553964e-07,3.90754152859242e-05,4.628474016861928e-06,-2.4246747786838762e-06,-1.966325019165744e-06,-4.635759515106159e-07,0.00023911540879697005,4.946125628799164e-07,-1.0462806662227936e-05,-0.0008317798736682805,0.0006198968601762861,-9.03245623077257e-06,-1.5940529097157237e-06,-8.551115561040618e-05,2.050054774841009e-05,-7.676599133011054e-05,1.042273148956589e-05,4.541134044833585e-06,1.8519481642079532e-06,8.057372838091261e-07,0.00574112646251548,0.002287449632039253,-0.00139524570941146,-0.014142281141874664,-0.00213346795418852,-0.002718556361900694,0.6459392609439718,-5.4988553132490876e-05,0.27130441415328266,nan,nan,nan,nan,nan,nan
801,4.009999999999937,Standing,0.8885543431298379,0.44645912988678027,1.5715470158884317,-2.092328317446409,0.004309827206659738,-0.4117823870350266,-1.4871854692883926,0.9580156802356676,0.023182365130976997,0.025829458085841302,0.01672506974719964,0.027779463428633012,-0.35096276717138575,0.011582818770036129,-0.021938438844267733,-0.3954028864595655,-0.024111993770808377,-2.0975966542178845,0.004488512495115298,-0.40799135211387716,-1.2356301439902222,-0.675343594238932,0.032175006170325496,0.025351882382351903,0.020179108497260977,0.028796600254567314,-0.3293713782015449,-0.014096269933126926,-0.023625772413702645,-0.39517445825304864,0.023651151275234424,-0.02412893381168184,-0.05694562057482256,0.07594057509785389,-0.02416681603073576,-0.05693302985286572,-0.0759442014974093,3.425489202846508e-05,-1.9643003745798988e-05,1.92186890472143e-05,0.0003367390911250035,-3.404948856148017e-06,-5.496216357907323e-06,-0.0004609043736306264,-0.0006027971737764283,-3.9168418697592705e-05,4.46240150222487e-06,-3.7407018647510667e-06,1.4307481356615503e-07,-3.217882832436905e-05,-3.791859715091748e-06,2.5341658510659374e-06,1.3446475937115343e-06,3.788958470830598e-07,-0.000861991561290849,1.314082243566302e-06,1.404923937703149e-05,0.0010690778455405639,-0.0002522070543858264,1.7726038454024534e-06,1.967292501021284e-06,-7.493812263102036e-05,2.1271678340879497e-05,7.323987336312003e-05,-7.331886707490641e-06,-6.485146651942468e-06,-3.0055155467850485e-06,1.7067465979780559e-06,0.005837834685448624,-0.0071202773413945476,0.0005887070066555012,-0.0032377873903550007,0.01646636987597364,0.003021844079592736,0.6459391636444799,-5.4987988949262475e-05,0.27130450907577214,nan,nan,nan,nan,nan,nan
802,4.014999999999937,Standing,0.8885544349511093,0.4464590925287798,1.5715470294224905,-2.092327133199999,0.004309819171555815,-0.41178240752397705,-1.4871869486925249,0.958014076406289,0.02318221469755014,0.025829474345203926,0.016725056814451814,0.027779462818449115,-0.35096288033622286,0.011582805457278685,-0.021938431222345782,-0.3954028817866082,-0.024111992440610207,-2.0975988507471572,0.004488506384020295,-0.40799126163203187,-1.235625386498272,-0.6753500180659768,0.0321750193227728,0.025351893927571808,0.020177989283068694,0.02879692383817877,-0.3293710082859111,-0.014096290775107318,-0.02362579961707646,-0.3951744705885846,0.023651157037152818,-0.02409515618891869,-0.05697215010117491,0.07594085972579595,-0.024155378629731758,-0.056894121155644385,-0.07593400856431345,1.8364254281912864e-05,-7.471600089740574e-06,2.706811737660678e-06,0.00023684928195214004,-1.6070207847092758e-06,-4.097790085190504e-06,-0.00029588082645642954,-0.0003207658757243047,-3.008668537128303e-05,3.25187252484786e-06,-2.586549565618469e-06,-1.2203677910648699e-07,-2.263296741912099e-05,-2.6625514886536358e-06,1.5243843899381578e-06,9.345914594693528e-07,2.6603963380078596e-07,-0.00043930585450672273,-1.222219000571177e-06,1.8096369055840475e-05,0.0009514983900381683,-0.0012847654089753763,2.6304894606587197e-06,2.3090439812191838e-06,-0.00022384283845672273,6.471672229156104e-05,7.398312676071255e-05,-4.1683960784194526e-06,-5.4406747625818845e-06,-2.4671072017475598e-06,1.1523836784834236e-06,0.006755524552630213,-0.005305905270469036,5.6925588412643034e-05,0.002287480200800004,0.007781739444266838,0.002038586619168615,0.6459392348643522,-5.498848900657529e-05,0.27130444666034104,nan,nan,nan,nan,nan,nan
803,4.0199999999999365,Standing,0.8885544711575658,0.4464590828343559,1.5715470077565215,-2.0923285079811107,0.004309830839566295,-0.4117823707544135,-1.487184558248639,0.9580164968111077,0.02318217059849268,0.02582948541403721,0.0167250755717924,0.02777946245108627,-0.35096269960313503,0.011582826884265875,-0.021938444468706027,-0.39540289067027445,-0.02411199458477991,-2.0975976636442693,0.004488492469015963,-0.4079912194951716,-1.2356253033003053,-0.6753531020222864,0.03217502152247906,0.02535189391076627,0.020176803647267726,0.0287972596230451,-0.32937098175837687,-0.014096268971314864,-0.023625797609200402,-0.39517447295990976,0.023651159844290632,-0.024057909735848277,-0.056963963339749575,0.07593321058388079,-0.024138488934935365,-0.056924485566666745,-0.07593783475606918,7.241291299278284e-06,-1.9388847785370975e-06,-4.333193798016319e-06,-0.000274956222297675,2.3336020959253154e-06,7.353912717482755e-06,0.0004780887771883276,0.0004840809637280237,-8.819811491800983e-06,2.2137666567071366e-06,3.7514681175348923e-06,-7.347256871589915e-08,3.6146617561941177e-05,4.2853974380821e-06,-2.6492720487537768e-06,-1.7767332470558104e-06,-4.2883394052601075e-07,0.0002374205775695469,-2.783000866332373e-06,8.42737205596004e-06,1.6639593343394533e-05,-0.0006167912619122757,4.3994125103386696e-07,-3.361107754474577e-09,-0.00023712716019362416,6.715697326597289e-05,5.305506850326416e-06,4.360758490600682e-06,4.015752112633498e-07,-4.742650306808576e-07,5.61427562879452e-07,0.007449290614082293,0.0016373522850661798,-0.0015298283830321399,0.0033779389592783864,-0.006072882204472099,-0.0007652383511437648,0.6459392755884797,-5.4988777160810176e-05,0.2713044003784857,nan,nan,nan,nan,nan,nan
804,4.024999999999936,Standing,0.8885544507823222,0.44645910591275384,1.5715469739727856,-2.0923296561494005,0.004309839992533606,-0.411782337462452,-1.4871824859564182,0.9580186614302103,0.023182217970910832,0.02582948508382228,0.016725099775770948,0.027779462842402958,-0.35096253174568237,0.011582846753018022,-0.02193845511756421,-0.3954028988336886,-0.024111996572315123,-2.0975961253260644,0.004488480806113195,-0.4079911852438437,-1.2356255588120915,-0.6753524987864332,0.032175027681582945,0.025351890579223428,0.020175837491625864,0.028797532298927692,-0.3293709893468355,-0.014096246819639406,-0.023625793380674304,-0.3951744756468227,0.023651161839083314,-0.024022413530235362,-0.056955196118244004,0.07592572523605218,-0.024113082060815822,-0.05696375675442577,-0.07594221852239436,-4.075048715954345e-06,4.615679588173082e-06,-6.75674717246366e-06,-0.00022963365798229688,1.8305934622917382e-06,6.658392288189774e-06,0.00041445844414223485,0.0004329238205273368,9.47448362998547e-06,-6.604298570156335e-08,4.840795709278419e-06,7.826333726168826e-08,3.3571490527985195e-05,3.973750429537669e-06,-2.1297716369642665e-06,-1.6326828330428198e-06,-3.975070424630495e-07,0.00030766364098690067,-2.3325805537770147e-06,6.850265572484313e-06,-5.11023572492223e-05,0.0001206471706229165,1.2318207769709068e-06,-6.663085677867404e-07,-0.00019323112837254787,5.4535176518146595e-05,-1.5176917301330724e-06,4.430335091407799e-06,8.457052194535808e-07,-5.373825808592784e-07,3.9895853656483964e-07,0.007099241122582664,0.0017534443011141198,-0.0014970695657222832,0.005081374823908781,-0.007854237551805003,-0.0008767532650349966,0.6459392938235538,-5.498844569033453e-05,0.271304371118754,nan,nan,nan,nan,nan,nan
805,4.029999999999936,Standing,0.8885543944141934,0.4464591495367572,1.5715469464363485,-2.0923286844865663,0.004309833699450981,-0.4117823553519797,-1.4871837017882987,0.958017797071641,0.023182287313947347,0.025829474435765193,0.016725102460638318,0.02777946305490619,-0.35096261327259387,0.011582837099611451,-0.021938447732255593,-0.3954028951232736,-0.024111995606254377,-2.097596514896728,0.004488476271504562,-0.40799111830421375,-1.2356229129876186,-0.6753461369803403,0.032175061085873445,0.025351887695753323,0.020175312110513096,0.028797684664004303,-0.32937078016293814,-0.014096258307119589,-0.023625806213062473,-0.39517448565367835,0.023651164021980916,-0.023993299255717308,-0.05697076010565939,0.07592442337191722,-0.024078571355133905,-0.05696409887657493,-0.07593677757383029,-1.127362575738328e-05,8.724800672414159e-06,-5.507287430808168e-06,0.00019433256687216354,-1.258616524808201e-06,-3.577905533028642e-06,-0.00024316637611127652,-0.0001728717138485753,1.3868607302672997e-05,-2.129611417468701e-06,5.369734741425101e-07,4.25006464079339e-08,-1.6305382294456156e-05,-1.930681314174697e-06,1.4770617236437632e-06,7.420830014257682e-07,1.9321214914526963e-07,-7.791413274968261e-05,-9.069217265755373e-07,1.3387925991897915e-05,0.0005291648945881616,0.001272361218592635,6.680858099481285e-06,-5.766940212789517e-07,-0.00010507622255367035,3.047301532200158e-05,4.183677947792258e-05,-2.2974960365554876e-06,-2.5664776335550895e-06,-2.0013711398316924e-06,4.3657952046819827e-07,0.00582285490361085,-0.0031127974830772835,-0.00026037282698951423,0.006902141136383223,-6.842442983253684e-05,0.0010881897128127808,0.6459392807424458,-5.49881065378418e-05,0.2713043594588728,nan,nan,nan,nan,nan,nan
806,4.034999999999936,Standing,0.8885545610145258,0.44645904465404274,1.5715469932205657,-2.092329013598317,0.004309833101512304,-0.4117823553548261,-1.4871835281428334,0.9580178023483555,0.023182374573944734,0.025829464051976173,0.016725113499858377,0.02777946342121609,-0.35096259678764713,0.01158283906616032,-0.02193844875758479,-0.39540289592481137,-0.0241119958019081,-2.097598069255492,0.004488473078742071,-0.40799105229357385,-1.2356188618374695,-0.6753412460350323,0.032175100501288495,0.025351890120055648,0.020175244621557172,0.028797711547921767,-0.329370450490282,-0.014096293056480896,-0.023625829830767105,-0.3951744933994253,0.023651162146039018,-0.023966440432032842,-0.056979274530715995,0.07592197208973225,-0.02404144371386418,-0.056948113260732625,-0.07592741123279008,3.332006648177559e-05,-2.0976542896950215e-05,9.356843438361626e-06,-6.582235010756045e-05,-1.1958773547688163e-07,-5.692751776830294e-10,3.472909308259805e-05,1.0553428951159158e-06,1.7451999477216915e-05,-2.0767578037170093e-06,2.207844011871335e-06,7.326197961494517e-08,3.2969893527442644e-06,3.933097735832507e-07,-2.050658393189327e-07,-1.6030755480550044e-07,-3.913074423061179e-08,-0.00031087175277657805,-6.385524981648485e-07,1.3202127982448727e-05,0.0008102300298459906,0.0009781890615889128,7.883083010621526e-06,4.848604649100048e-07,-1.3497791184696083e-05,5.376783492489065e-06,6.593453122557332e-05,-6.9498722612245e-06,-4.723540926235055e-06,-1.5491493920228158e-06,-3.7518837985524563e-07,0.0053717647368932125,-0.001702885011320736,-0.0004902564369942684,0.007425528253945087,0.00319712316846079,0.001873268208041731,0.6459392446313477,-5.498822268516585e-05,0.27130435355964994,nan,nan,nan,nan,nan,nan
807,4.039999999999936,Standing,0.8885547573739534,0.446458909367931,1.5715470302731718,-2.0923305667985668,0.004309840984574694,-0.4117823290256681,-1.487181663538362,0.9580193803277169,0.023182506838968733,0.025829451888001936,0.016725138606031708,0.027779464242489327,-0.350962449486415,0.011582856491509827,-0.02193845865809945,-0.39540290276704404,-0.024111997543269422,-2.0975982939946123,0.0044884702641256186,-0.40799103551426535,-1.235617459145496,-0.6753374049054968,0.032175122884330484,0.02535189066509284,0.020175544539293263,0.028797630655133768,-0.3293703152595129,-0.014096312599727366,-0.02362583959750195,-0.39517448967902236,0.023651155423226006,-0.0239411804886405,-0.05697283046384417,0.0759165978488264,-0.02400970300027528,-0.056957346027851546,-0.07592433056770183,3.927188551369432e-05,-2.705722235534364e-05,7.410521204560152e-06,-0.0003106400499514629,1.576612478011951e-06,5.265831608559282e-06,0.0003729208943123169,0.0003155958722884133,2.6453004800069517e-05,-2.4327948474915005e-06,5.0212346661318174e-06,1.642546476283101e-07,2.9460246433878755e-05,3.485069901557014e-06,-1.9801029325534292e-06,-1.3684465307819917e-06,-3.482722641737342e-07,-4.494782401947927e-05,-5.62923290485828e-07,3.3558617034355613e-06,0.0002805383946786786,0.0007682259071155521,4.476608397951841e-06,1.0900743871182687e-07,5.9983547218374385e-05,-1.6178557600074898e-05,2.7046153826098877e-05,-3.908649294271371e-06,-1.9533469691567456e-06,7.440805858075637e-07,-1.344562602298736e-06,0.005051988678468867,0.0012888133743659451,-0.0010748481811711306,0.006348142717779797,-0.001846553423784922,0.000616133017651437,0.6459393368224213,-5.4988395278381346e-05,0.27130423903969175,nan,nan,nan,nan,nan,nan
808,4.044999999999936,Standing,0.8885546022317492,0.44645899877488876,1.5715469642393696,-2.0923293713719002,0.0043098351812413515,-0.4117823561507268,-1.4871833826216247,0.9580184800480962,0.023182632711563185,0.025829431994435294,0.016725136637844317,0.027779464339293132,-0.35096257397027775,0.011582841717152589,-0.021938448304801114,-0.3954028966874913,-0.024111996063839822,-2.097597331808248,0.00448847313727407,-0.407991052076195,-1.2356176906372405,-0.6753349500517932,0.032175130051598014,0.025351890599600132,0.020176081101716804,0.028797479822469576,-0.3293703111240279,-0.014096322000088627,-0.02362583998803236,-0.3951744810876828,0.023651147414869362,-0.023921677674168227,-0.056985210798941935,0.07591614486767775,-0.02398192342148344,-0.05697561173391513,-0.07592381815124229,-3.102844083346518e-05,1.7881391556150913e-05,-1.320676042141282e-05,0.00023908533331569746,-1.1606666684668458e-06,-5.425011738000203e-06,-0.00034381665256331083,-0.00018005592414990253,2.517451889000701e-05,-3.978713328077759e-06,-3.9363747802273493e-07,1.9360761168862467e-08,-2.4896772552669325e-05,-2.9548714473614744e-06,2.0706596671052437e-06,1.215910554316109e-06,2.9588591964485333e-07,0.0001924372728348789,5.74629690340887e-07,-3.312385933043199e-06,-4.6298348899530045e-05,0.0004909707407117116,1.4334535058756145e-06,-1.3098541528422966e-08,0.0001073124847079172,-3.0166532838521917e-05,8.2709699278192e-07,-1.8800722519627146e-06,-7.810608190911123e-08,1.7182679035380453e-06,-1.6016713291982675e-06,0.003900562894454521,-0.0024760670195538067,-9.059622973042834e-05,0.005555915758367681,-0.003653141212717384,0.00010248329190806955,0.6459394632656074,-5.498830366972034e-05,0.27130411138035765,nan,nan,nan,nan,nan,nan
809,4.049999999999936,Standing,0.8885548508272872,0.446458825881211,1.5715470367456945,-2.092330995481405,0.004309841638663717,-0.4117823332056524,-1.4871816475180366,0.9580197665106155,0.023182758307731192,0.02582942011109528,0.016725157522891533,0.027779465383055087,-0.35096244080685557,0.01158285748897326,-0.021938457986179317,-0.3954029028377464,-0.024111997639332815,-2.097598313828481,0.004488474254964765,-0.4079910513318696,-1.2356161205077754,-0.675334311447465,0.03217514437807107,0.02535189401081505,0.0201767532132733,0.028797293967273156,-0.3293701761942513,-0.014096350063941339,-0.02362585030461332,-0.3951744819565749,0.02365114305272163,-0.023902874660198452,-0.05697937501027107,0.07591191205505021,-0.02395413218094423,-0.05697092274164018,-0.07591836561392375,4.9719107603917506e-05,-3.457873555023002e-05,1.4501264972210256e-05,-0.0003248219009658174,1.2914844731667477e-06,4.589014883609574e-06,0.00034702071760630833,0.0002572925038549202,2.5119233601657286e-05,-2.3766680025914338e-06,4.177009443053606e-06,2.087523910705702e-07,2.6632684439607006e-05,3.1543641340038696e-06,-1.936275640788748e-06,-1.2300510155908357e-06,-3.150985987366375e-07,-0.00019640404666792808,2.235381389137474e-07,1.4886508324150141e-07,0.0003140258930179875,0.00012772086564961384,2.8652946115979726e-06,6.822429837654742e-07,0.00013442231129927182,-3.717103928384977e-05,2.6985955331297434e-05,-5.6127705424136265e-06,-2.0633161919647402e-06,-1.737784088336608e-07,-8.72429546816369e-07,0.0037606027939550255,0.0011671577341728465,-0.0008465625255089755,0.005558248107842126,0.0009377984549904742,0.0010905074637068044,0.6459393909416933,-5.498831305677717e-05,0.27130415345755776,nan,nan,nan,nan,nan,nan
810,4.054999999999936,Standing,0.8885547431272867,0.4464588842478418,1.5715469888519304,-2.092329629297711,0.00430983352193934,-0.41178236819494773,-1.4871838149220222,0.9580182741129746,0.023182876696390443,0.025829399789006287,0.016725147546323104,0.027779465493221963,-0.35096260324355294,0.011582838235945527,-0.021938445534662402,-0.3954028949685354,-0.024111995711900706,-2.097598055685717,0.004488479001945993,-0.4079910721508232,-1.2356160498361075,-0.6753359347351515,0.03217514702078367,0.02535189628346681,0.020177444174248185,0.02879710044624918,-0.3293701561621161,-0.014096365678594522,-0.023625850415226697,-0.39517448108979836,0.023651139640256405,-0.023889600928526825,-0.05699482465176366,0.07591311813131163,-0.023930694618757478,-0.05697508389617466,-0.07591552545243294,-2.1540000123234146e-05,1.1673326163878365e-05,-9.578752796370574e-06,0.0002732367387575173,-1.6233448755118635e-06,-6.997859073003162e-06,-0.0004334807971391873,-0.00029847952817392266,2.36777318501521e-05,-4.064417799098824e-06,-1.9953136861495293e-06,2.20333748238144e-08,-3.248733947636814e-05,-3.850605546417776e-06,2.4903033832427654e-06,1.5738421857412742e-06,3.854864222846408e-07,5.162855284696562e-05,9.493962457072122e-07,-4.163790723395214e-06,1.413433354862959e-05,-0.0003246575372926612,5.285425201492999e-07,4.545303525265941e-07,0.00013819219497713866,-3.870420479498686e-05,4.00642703407868e-06,-3.1229306365085844e-06,-2.212267523747199e-08,1.733553108583374e-07,-6.824930446212464e-07,0.002654746334325421,-0.0030899282985190316,0.00024121525228416917,0.004687512437350296,-0.0008322309068955092,0.0005680322981630369,0.6459395397062695,-5.498831942246624e-05,0.2713040167155652,nan,nan,nan,nan,nan,nan
811,4.059999999999936,Standing,0.8885552278558952,0.44645856163217534,1.571547109333117,-2.092333877856959,0.0043098545663663316,-0.411782290063241,-1.4871785138190319,0.9580221693761365,0.02318301121219343,0.02582939544980743,0.016725194347892665,0.02777946762309322,-0.35096219691956493,0.011582886353980802,-0.021938474882701675,-0.3954029140581539,-0.0241120005223076,-2.0975987195574035,0.004488473791526041,-0.40799107840110455,-1.2356155587698359,-0.6753405807593545,0.032175148024772615,0.025351900204761867,0.020177760690532533,0.02879701527345183,-0.32937010672745437,-0.014096377597148144,-0.023625852136202243,-0.39517448686530926,0.02365113992793236,-0.02387452978465512,-0.056964551053064666,0.07590422193881025,-0.023911092995901786,-0.056984629121393016,-0.07591443681158228,9.694572170824116e-05,-6.452313329084324e-05,2.4096237335332266e-05,-0.0008497118495673205,4.208885398398934e-06,1.5626341347299374e-05,0.0010602205980509483,0.0007790526323758257,2.690316059750764e-05,-8.678397717502018e-07,9.36031391188274e-06,4.2597425199495413e-07,8.126479759811242e-05,9.623607054956243e-06,-5.869607854949262e-06,-3.817923698157807e-06,-9.620813792916902e-07,-0.00013277433727741037,-1.0420839905388507e-06,-1.2500562734470854e-06,9.821325432831334e-05,-0.0009292048406142802,2.0079779009646872e-07,7.842590111146772e-07,6.33032568697426e-05,-1.7034559469693893e-05,9.886932351847846e-06,-2.3837107242341005e-06,-3.44195109306315e-07,-1.1551021772061245e-06,5.7535190855533604e-08,0.0030142287743406744,0.006054719739799879,-0.0017792385002766233,0.003920324571138644,-0.0019090450436716855,0.00021772817013078353,0.6459394938408385,-5.498844086000523e-05,0.2713040523435071,nan,nan,nan,nan,nan,nan
812,4.0649999999999356,Standing,0.8885539377701126,0.4464594158160365,1.5715467186202954,-2.092321423396401,0.004309789402893039,-0.41178254679566445,-1.4871952749025183,0.9580099910504993,0.02318300711764005,0.025829354746457586,0.016725063034303024,0.02777946349105337,-0.3509634805888485,0.011582734318891445,-0.02193838165889616,-0.3954028530547306,-0.024111985315726066,-2.097596765991593,0.004488485934306237,-0.40799106215841396,-1.235614433728182,-0.6753464552623133,0.03217515498552802,0.025351903991897483,0.020177763631644547,0.02879702129719881,-0.3293700096270733,-0.014096388760533507,-0.023625852547425254,-0.39517450003000143,0.02365114435680632,-0.023894514295309255,-0.05706308732684635,0.07592856842063601,-0.023891973516762918,-0.05697638944416797,-0.07590962159414688,-0.00025801715652272597,0.00017083677223382965,-7.814256434589364e-05,0.002490892111637321,-1.303269465853653e-05,-5.13464846850885e-05,-0.0033522166972744095,-0.0024356651274391964,-8.189106762413206e-07,-8.140669968891485e-06,-2.6262717928289626e-05,-8.264079706818082e-07,-0.00025673385671296173,-3.040701787129509e-05,1.8644761103181378e-05,1.2200684660264291e-05,3.0413163071901174e-06,0.00039071316205531215,2.428556039290945e-06,3.248538111451838e-06,0.0002250083307869533,-0.0011749005917386238,1.3921510805871723e-06,7.57427122941415e-07,5.882224028798871e-07,1.2047493960465204e-06,1.9420076209076993e-05,-2.2326770726270874e-06,-8.224460229157536e-08,-2.632938430874683e-06,8.857747919183766e-07,-0.003996902130826829,-0.019707254756336737,0.00486929636515478,0.0038238958277737314,0.001647935445009623,0.0009630434870782389,0.6459397846392326,-5.498817217899024e-05,0.2713038202655343,nan,nan,nan,nan,nan,nan
813,4.0699999999999354,Standing,0.8885566808955634,0.4464576278523278,1.571547529985349,-2.0923475540904635,0.004309925303662295,-0.4117820311741879,-1.4871608904794704,0.9580352932857432,0.02318323007895698,0.025829408180709373,0.016725324867170963,0.02777947245104974,-0.35096086692987605,0.011583043811858087,-0.021938574093185642,-0.3954029760625355,-0.024112016268011533,-2.097601070999481,0.004488447373026574,-0.4079910273009966,-1.2356127053124484,-0.6753519336878928,0.032175170924967744,0.025351906287661458,0.02017747688101772,0.02879711140465458,-0.329369864460011,-0.014096399854136292,-0.02362586068156736,-0.39517452061409963,0.023651152034893635,-0.023971572023972366,-0.05683000656808186,0.07589073163681542,-0.02388177959537945,-0.05700379345548716,-0.07591386519346852,0.0005486250901511915,-0.00035759274173912054,0.00016227301069640204,-0.0052261388124726065,2.7180153851238716e-05,0.0001031242953174876,0.006876884609567851,0.0050604470487870335,4.459226338604631e-05,1.0686850357109007e-05,5.236657358771871e-05,1.791999274010392e-06,0.0005227317944940759,6.189859332841145e-05,-3.848685789637355e-05,-2.460156097822737e-05,-6.19045709350514e-06,-0.0008610015775685044,-7.712255932681156e-06,6.971483473275831e-06,0.0003456831467448115,-0.0010956851159015907,3.1878879449389215e-06,4.591527946223614e-07,-5.735012536547737e-05,1.8021491154566527e-05,2.903341246053018e-05,-2.21872055696206e-06,-1.6268284215810056e-06,-4.116819635397935e-06,1.5356174629737027e-06,-0.015411545732622366,0.04661615175289682,-0.007567356764117997,0.002038784276693604,-0.005480802263837679,-0.0008487198643277846,0.6459390433603929,-5.4989119234823185e-05,0.27130441325508037,nan,nan,nan,nan,nan,nan
814,4.074999999999935,Standing,0.888555984218011,0.4464580957940504,1.5715470678421968,-2.0923335744676494,0.004309838500450633,-0.41178231235090695,-1.4871807079779809,0.9580174266559024,0.02318345421298411,0.025829340134052824,0.016725218350928873,0.027779473641108016,-0.3509623004075276,0.011582873886835862,-0.021938457986332968,-0.3954029080588514,-0.02411199926775318,-2.0976031214732345,0.004488461063951659,-0.40799090425033063,-1.2356060310765322,-0.675350946674557,0.03217523823301347,0.025351908597808778,0.020177196909244518,0.02879720979718682,-0.3293693371931086,-0.014096454919670182,-0.023625887894822874,-0.3951745586163613,0.023651164242035658,-0.024115999660079827,-0.05693789788550261,0.07593684803356163,-0.023868484304287316,-0.05693069484137119,-0.0758960871608389,-0.00013933551048032422,9.358834451872016e-05,-9.24286304312708e-05,0.0027959245627817778,-1.7360642332314118e-05,-5.623534381709512e-05,-0.0039634997020901695,-0.0035733259681671138,4.482680542627575e-05,-1.3609331309890534e-05,-2.13032484181269e-05,2.3801165582124643e-07,-0.00028669553031525504,-3.398500444491752e-05,2.322137053447795e-05,1.3600736809105717e-05,3.400051670783304e-06,-0.0004100947507345461,2.7381850171785677e-06,2.4610133202143512e-05,0.0013348471832254443,0.00019740266717496128,1.3461609144898485e-05,4.6202946432917805e-07,-5.5994354640368565e-05,1.9678506448233116e-05,0.00010545338047145247,-1.1013106777863647e-05,-5.442651102843216e-06,-7.600452336877417e-06,2.441428404449812e-06,-0.02888552722149198,-0.02157826348414961,0.009223279349241576,0.002659058218426295,0.014619722823193152,0.003555606525923034,0.6459406075852334,-5.498766990740319e-05,0.27130314185297294,nan,nan,nan,nan,nan,nan
815,4.079999999999935,Standing,0.8885528615440053,0.4464601272599518,1.5715461888456597,-2.0923162711243455,0.0043097760269004285,-0.41178262455456766,-1.4872011153852285,0.9580070590729165,0.023183097988783926,0.025829330805739344,0.01672505430604277,0.027779464582378805,-0.3509639024602076,0.011582684097594262,-0.021938344838523964,-0.39540283127768416,-0.024111980283115595,-2.0975869197948556,0.004488474696368924,-0.4079911408547915,-1.2356248542188448,-0.6753482898657971,0.032175130594906814,0.025351879825327363,0.020176888907783776,0.02879726599876714,-0.3293707701521199,-0.014096280521459769,-0.023625778169396584,-0.3951744982266581,0.023651148151747126,-0.024180663975216638,-0.057017108596677794,0.07596414038223477,-0.0239689332285901,-0.05711347143588555,-0.07595125888721715,-0.0006245348011356387,0.00040629318028306767,-0.00017579930742628652,0.003460668660808648,-1.24947100410001e-05,-6.244073213959059e-05,-0.00408148144950923,-0.0020735165971834555,-7.124484003661594e-05,-1.8656626955537602e-06,-3.280897722060935e-05,-1.8117458424796883e-06,-0.00032041053599544966,-3.7957848319925166e-05,2.2629561800480444e-05,1.535623344612147e-05,3.7969275167275067e-06,0.0032403356757991315,2.7264834528960276e-06,-4.7320892167664074e-05,-0.003764628462536803,0.0005313617519868051,-2.15276213310251e-05,-5.754496282839399e-06,-6.160029214852632e-05,1.1240316063965264e-05,-0.0002865918022585882,3.487964208261114e-05,2.1945085257750777e-05,1.207794063237002e-05,-3.2180577064001352e-06,-0.012932863027361987,-0.015842142235036712,0.005458469734629906,-0.020089784860556716,-0.036555318902871774,-0.011034345275652302,0.6459403423589151,-5.498953922451667e-05,0.27130341433077954,nan,nan,nan,nan,nan,nan
816,4.084999999999935,Standing,0.888554054727146,0.4464594042310202,1.5715468630753326,-2.0923236296021703,0.004309802972340203,-0.4117825206004051,-1.487192481019956,0.9580125799351236,0.02318286709205271,0.025829374135616957,0.016725066359469156,0.027779463691676887,-0.35096332599761076,0.011582752641321957,-0.02193840172364839,-0.3954028585305838,-0.02411198714168743,-2.09759819602894,0.004488467354167414,-0.4079909129000317,-1.2356085841475857,-0.6753398251091408,0.03217523914831429,0.025351894962804693,0.02017678629057654,0.028797325114047884,-0.329369567502063,-0.014096418832933012,-0.023625872361144475,-0.3951745592834065,0.023651165709955357,-0.024193338125821768,-0.056978814975570106,0.07595792889441635,-0.024084911544303228,-0.05691716008797719,-0.07592773228703406,0.00023863662813753317,-0.00014460578632276305,0.0001348459345751651,-0.0014716955649298597,5.389087954898771e-06,2.0790832510467365e-05,0.001726873054498236,0.0011041724414181599,-4.617934624318716e-05,8.665975522691033e-06,2.4106852772807884e-06,-1.781403835812034e-07,0.00011529251936990729,1.3708745539002358e-05,-1.1377024885592095e-05,-5.450579935990388e-06,-1.3717143667565662e-06,-0.0022552468168433055,-1.4684403020513718e-06,4.559095196013591e-05,0.003254014251821765,0.001692951331252217,2.1710681495163426e-05,3.0274954660678326e-06,-2.052344144685698e-05,1.1823056148811947e-05,0.00024053001138679914,-2.766229464878779e-05,-1.883834957811036e-05,-1.2211349672633544e-05,3.511641646310962e-06,-0.002534830121026028,0.007658724221537412,-0.0012422975636827097,-0.023195663142626,0.03926226958167133,0.00470532003661967,0.6459385204767641,-5.4989044727426784e-05,0.2713048861345665,nan,nan,nan,nan,nan,nan
817,4.089999999999935,Standing,0.8885552739804983,0.44645863167815464,1.5715472597344022,-2.0923326597184273,0.0043098457950117115,-0.4117823422548215,-1.4871808844167203,0.9580203305424717,0.02318276872473683,0.025829414239895803,0.016725124931982818,0.027779466063580862,-0.35096244842718166,0.011582856626749809,-0.021938467410049543,-0.3954029006821879,-0.024111997546762465,-2.0976027683668588,0.004488454293740167,-0.4079908368773077,-1.2356025843203906,-0.6753409360668398,0.03217528748703471,0.0253519047338972,0.020177030670772245,0.02879727373725141,-0.3293690678875337,-0.014096482037792298,-0.023625910294416314,-0.395174571970072,0.023651163920348682,-0.024175524062872218,-0.05691805402769526,0.07594203808630368,-0.02414159622601343,-0.056856703076903305,-0.07592383108104742,0.00024385067045791756,-0.00015451057311812493,7.933181392944412e-05,-0.0018060232513539263,8.564534301751532e-06,3.5669116715473326e-05,0.0023193206471199277,0.0015501214696304463,-1.9673463175887326e-05,8.020855768945081e-06,1.1714502732558355e-05,4.743807951184174e-07,0.00017551408581913735,2.0797085570386864e-05,-1.3137280230006397e-05,-8.430320815470288e-06,-2.0810150068190204e-06,-0.000914467583810936,-2.6120854493293798e-06,1.5204544802607015e-05,0.0011999654390241672,-0.00022219153978540263,9.667744082787241e-06,1.954218501877593e-06,4.8876039140750006e-05,-1.0275359294953462e-05,9.99229058572029e-05,-1.2640971857205727e-05,-7.586654368093892e-06,-2.5373330982046345e-06,-3.579213351216445e-07,0.0035628125899096683,0.012152189574969607,-0.0031781616225356,-0.011336936342041028,0.012091402214776968,0.0007802411973282615,0.6459390211969743,-5.498942745990053e-05,0.27130435268209446,nan,nan,nan,nan,nan,nan
818,4.094999999999935,Standing,0.8885550815650719,0.44645875383542144,1.5715470951873975,-2.092332538507392,0.004309850550350668,-0.4117823097737415,-1.4871800864450595,0.9580212555476045,0.023182605836055418,0.02582944055948807,0.016725132061299303,0.027779467206790222,-0.35096235290762,0.01158286785497664,-0.021938468246470454,-0.3954029058102782,-0.0241119986723995,-2.097598746417008,0.0044884512567732356,-0.40799090636380525,-1.2356078940632231,-0.6753401396914087,0.03217526952993483,0.02535189687983353,0.020177186945220194,0.028797226726418084,-0.32936943831802,-0.01409644141467469,-0.023625881466755566,-0.3951745495850106,0.023651153085473588,-0.02414877629895456,-0.056913525358172824,0.0759368194265085,-0.024176947976821,-0.056918753120375504,-0.07594275886129573,-3.848308528369237e-05,2.443145335772007e-05,-3.290940092672901e-05,2.424220706340077e-05,9.510677912897486e-07,6.4962160058904e-06,0.0001595943321292632,0.00018500102655821652,-3.257773628243323e-05,5.263918453360688e-06,1.4258632970888355e-06,2.2864187219088208e-07,1.9103912333181384e-05,2.245645366099323e-06,-1.6728418230312056e-07,-1.0256180618849895e-06,-2.251274071079107e-07,0.0008043899702210875,-6.073933862347368e-07,-1.389729950702546e-05,-0.0010619485665165707,0.00015927508621212398,-3.5914199746544675e-06,-1.5708127342087844e-06,3.1254889589795134e-05,-9.402166665029416e-06,-7.408609726464435e-05,8.124623521403282e-06,5.765532149841353e-06,4.4770122851516384e-06,-2.166975019177373e-06,0.005349552783531934,0.0009057339044868679,-0.0010437319590359097,-0.007070350161513358,-0.012410008694440044,-0.0037855560496631944,0.6459397152231962,-5.4988968132378596e-05,0.27130376963348896,nan,nan,nan,nan,nan,nan
819,4.099999999999935,Standing,0.8885542298894238,0.4464593061395336,1.5715468284545653,-2.0923271931849596,0.004309828540088963,-0.4117823869427465,-1.487185989411765,0.9580177189387138,0.023182363348555033,0.025829459402807967,0.016725092189101093,0.02777946593539898,-0.35096278718457524,0.011582816424252997,-0.02193843362710024,-0.3954028858362529,-0.024111993529366965,-2.0975944686702648,0.004488459243825877,-0.4079909823369074,-1.235612972369403,-0.6753378507154806,0.032175240188160543,0.025351889471802516,0.020177401612244846,0.028797159759016474,-0.32936983122699903,-0.014096399742154282,-0.02362585443327525,-0.39517453030911154,0.02365114518169811,-0.024120915975777903,-0.05695155487885437,0.07594056894574332,-0.024177683321126596,-0.056973007754436235,-0.07595449480145189,-0.00017033512961357197,0.00011046082243015238,-5.334656644005968e-05,0.0010690644864222662,-4.402052341106876e-06,-1.543380099956537e-05,-0.0011805933411028146,-0.0007073217781455489,-4.8497500076847946e-05,3.768663979255702e-06,-7.974439641625021e-06,-2.542782482048785e-07,-8.685539104102968e-05,-1.0286144728638082e-05,6.923874042913739e-06,3.994805067626542e-06,1.028606506617235e-06,0.0008555493485695623,1.5974105282672184e-06,-1.519462042955616e-05,-0.001015661235953737,0.0004577951856267355,-5.8683548580303695e-06,-1.4816062031043865e-06,4.2933404930237484e-05,-1.3393480322181867e-05,-7.858179580751345e-05,8.334504081672339e-06,5.406696063175247e-06,3.855179810384198e-06,-1.5807550955798131e-06,0.005572064635331063,-0.007605904136309707,0.0007499038469637022,-0.0001470688611190851,-0.010850926812146475,-0.002347188031232363,0.6459396726420684,-5.4988295165137926e-05,0.27130383577825556,nan,nan,nan,nan,nan,nan
820,4.104999999999935,Standing,0.8885539471513831,0.44645949611465846,1.5715468413564821,-2.09232532926428,0.004309819800307918,-0.4117824168532786,-1.487187893238701,0.9580167448879705,0.023182157794258765,0.025829480558448678,0.016725072336708696,0.027779464567197754,-0.3509629441935776,0.011582797924784893,-0.021938424399522847,-0.3954028788902587,-0.024111991680235433,-2.097594842275011,0.0044884656408053026,-0.40799098645566206,-1.2356120433466367,-0.6753373352940296,0.03217523828026496,0.025351892281637853,0.020177707312905174,0.028797075923578195,-0.3293697786823329,-0.01409641250916674,-0.02362586268650165,-0.39517453151786747,0.023651144313779484,-0.02408758824897137,-0.05697342057003091,0.07593997250554468,-0.02415287103214167,-0.056963432247994814,-0.0759484779578885,-5.6547608130968975e-05,3.799502497364589e-05,2.5803833535081774e-06,0.0003727841359516175,-1.747956208924758e-06,-5.98210642332708e-06,-0.0003807653872025448,-0.00019481014865052972,-4.111085925393625e-05,4.2311281424887395e-06,-3.970478479199581e-06,-2.736402454371638e-07,-3.140180047391493e-05,-3.699893620528099e-06,1.8455154784877487e-06,1.3891988327989987e-06,3.698263066792161e-07,-7.472094925712984e-05,1.279395885139967e-06,-8.237509310935121e-07,0.00018580455323725193,0.00010308429018197245,-3.8157911632443895e-07,5.619670676542302e-07,6.114013206581045e-05,-1.6767087655888686e-05,1.0508933221388731e-05,-2.553402491375155e-06,-1.6506452801565137e-06,-2.417511840143825e-07,-1.735837248850238e-07,0.006665545361305917,-0.004373138235307434,-0.00011928803972572136,0.004962457796985248,0.0019151012882845705,0.0012033687126760386,0.6459391909874271,-5.4988147013783426e-05,0.27130422674735655,nan,nan,nan,nan,nan,nan
821,4.109999999999935,Standing,0.8885543831744657,0.44645921385507575,1.5715470458599523,-2.0923284462883784,0.004309833788531659,-0.4117823566481873,-1.4871837256410967,0.9580196873876584,0.02318209789551224,0.025829497888917533,0.016725099271554147,0.027779465005511844,-0.35096263377981096,0.011582834752438513,-0.02193844886228541,-0.3954028939162881,-0.02411199536509283,-2.097597696840648,0.004488465177483176,-0.40799095784842254,-1.2356086593339721,-0.6753397911668155,0.0321752530131597,0.025351899585589366,0.02017807317448956,0.02879698012280151,-0.32936952318792045,-0.014096450467695152,-0.02362588407397098,-0.3951745421620916,0.023651146676466523,-0.02405096597188087,-0.056961775328832946,0.07593164654262599,-0.024116069835938784,-0.05693198564635435,-0.07593587042451665,8.720461650702497e-05,-5.64519165363502e-05,4.090069404931731e-05,-0.000623404819713172,2.7976447482030882e-06,1.2041018256814633e-05,0.0008335195208494802,0.0005884999375721172,-1.1979749305363896e-05,3.4660937712700194e-06,5.386969090065313e-06,8.766281829112304e-08,6.208275332264937e-05,7.365530724023318e-06,-4.892552512600103e-06,-3.005205872481926e-06,-7.369714799180369e-07,-0.0005709131273685905,-9.26644253168837e-08,5.721447906040736e-06,0.0006768025329107243,-0.0004911745571765863,2.94657894949839e-06,1.4607903025735322e-06,7.317231687730866e-05,-1.9160155337191535e-05,5.10988824969432e-05,-7.5917056824808044e-06,-4.277493865349964e-06,-2.128844821995305e-06,4.7253740761997135e-07,0.007324455418100043,0.0023290482395927166,-0.0016651925837379029,0.007360239240577457,0.006289320328092856,0.0025215066743721924,0.6459389725929089,-5.498832874662164e-05,0.27130436546047637,nan,nan,nan,nan,nan,nan
822,4.1149999999999345,Standing,0.8885546395240776,0.44645903761198835,1.5715471091358335,-2.0923302531900876,0.0043098425812839215,-0.4117823165055755,-1.4871812442745649,0.9580214656084601,0.023182147472432087,0.025829498726861716,0.016725125359637147,0.027779465900547057,-0.35096243195956933,0.011582858629949094,-0.02193846180311299,-0.39540290360781005,-0.02411199775391519,-2.0975984116853423,0.004488463986702988,-0.407990962894946,-1.2356082942981954,-0.6753439651364772,0.03217525350126635,0.025351902414085234,0.02017834216263798,0.02879690728977873,-0.32936948547167316,-0.014096460982434276,-0.023625885813295496,-0.39517454568947136,0.023651147901335844,-0.024016783920349182,-0.05695619432264845,0.07592502301114167,-0.024080353913272075,-0.05693371560265431,-0.0759305506074578,5.1269922405286795e-05,-3.5248617477812586e-05,1.2655176259730508e-05,-0.0003613803418683461,1.7585504525592377e-06,8.028522352575648e-06,0.0004962733063574962,0.00035564416033445764,9.91538396966155e-06,1.6758883637413746e-07,5.217616599694109e-06,1.790070422367092e-07,4.036404832374535e-05,4.775502116482876e-06,-2.588165516113558e-06,-1.938304395028251e-06,-4.777644714491704e-07,-0.00014296893892389462,-2.381560376576913e-07,-1.0093046953381199e-06,7.300715535629926e-05,-0.000834793932346298,9.762132966811704e-08,5.656991734065662e-07,5.379762968407256e-05,-1.4566604555804758e-05,7.543249458020598e-06,-2.1029478249251104e-06,-3.4786490332713677e-07,-7.054759506907072e-07,2.4497386406535695e-07,0.006836410306338061,0.0011162012368989376,-0.0013247062968655447,0.0071431845333420774,-0.0003459912599928011,0.0010639634117680483,0.6459391822758429,-5.498840986873027e-05,0.27130416547510006,nan,nan,nan,nan,nan,nan
823,4.119999999999934,Standing,0.8885543607836456,0.4464592032944678,1.571546998881536,-2.092328367011514,0.004309834798215794,-0.41178234750778875,-1.4871834585021355,0.9580203186905205,0.023182206739246345,0.025829486821182024,0.016725120503328982,0.027779465566558137,-0.3509625880133909,0.011582840099814437,-0.021938448167765127,-0.3954028961698174,-0.024111995900264416,-2.0975967704700915,0.004488466962795141,-0.40799100371990216,-1.2356109273448808,-0.6753469356717791,0.03217523751988252,0.025351899183104053,0.02017854389922912,0.028796846891985167,-0.3293696849228307,-0.014096442449011676,-0.023625868684894597,-0.3951745427414934,0.023651148762698106,-0.02398875206036167,-0.056973725711650255,0.07592434010776786,-0.024048829646920813,-0.05696168371504008,-0.07593151082104556,-5.5748086403301976e-05,3.313649589346369e-05,-2.2050859480630584e-05,0.00037723571477457526,-1.5566136254441534e-06,-6.200442648850681e-06,-0.00044284551412796414,-0.00022938358791499555,1.185336285197361e-05,-2.381135938302122e-06,-9.712616328368178e-07,-6.679778409109781e-08,-3.121076431216729e-05,-3.7060269315566533e-06,2.7270695723112874e-06,1.4875985359364032e-06,3.7073015516487837e-07,0.0003282430501794456,5.952184306174266e-07,-8.164991230439016e-06,-0.0005266093370695728,-0.0005941070603784481,-3.196276765813113e-06,-6.461962363153953e-07,4.034731822741799e-05,-1.2079558712659512e-05,-3.989023150132628e-05,3.7066845202036896e-06,3.4256801797754814e-06,5.895955927450838e-07,1.7227245247121115e-07,0.005606371997502525,-0.0035062778003610677,-0.00013658067476300466,0.006304853270252224,-0.005593622477153533,-0.00019204271755017565,0.6459393380154174,-5.498834788429059e-05,0.27130404169022493,nan,nan,nan,nan,nan,nan
824,4.124999999999934,Standing,0.8885543259412972,0.44645921099651137,1.5715469992842368,-2.0923283797034085,0.0043098352347121695,-0.41178234936971314,-1.4871834073760344,0.9580207981077559,0.02318228132396744,0.025829477328926882,0.016725128876487225,0.027779465499592076,-0.35096258324740653,0.011582840657814505,-0.02193844840491336,-0.3954028962955838,-0.024111995955322256,-2.0975966379663027,0.004488468797724624,-0.40799102421343003,-1.235612075881608,-0.6753483467198123,0.03217522973966526,0.025351896692513053,0.02017871934513487,0.028796794950192512,-0.32936978381156934,-0.014096435332064436,-0.023625860364369655,-0.39517454610280284,0.023651152194235768,-0.023962194890017947,-0.05697839543924235,0.07592111907070839,-0.02401611743641657,-0.056970942394034114,-0.07592826536043182,-6.968469669062612e-06,1.540408716618691e-06,8.054016901204124e-08,-2.5383788912571904e-06,8.729927510061461e-08,-3.7238488047226176e-07,1.022522022051033e-05,9.588344706613694e-05,1.491694421890169e-05,-1.8984510283597064e-06,1.674631648653513e-06,-1.339321207091837e-08,9.531968776778661e-07,1.1160001354022815e-07,-4.742964644447073e-08,-2.5153279358724826e-08,-1.1011568108319276e-08,2.6500757798998947e-05,3.669858965082808e-07,-4.098705579928774e-06,-0.00022970734545804282,-0.0002822096066486873,-1.5560434527015712e-06,-4.981181999859339e-07,3.508918115013765e-05,-1.0388358531372998e-05,-1.9777747729440756e-05,1.4233894479586454e-06,1.6641049884244721e-06,-6.722618934600114e-07,6.863075325168732e-07,0.005311434068744513,-0.0009339455184187362,-0.0006442074118917228,0.006542442100848518,-0.0018517357988071248,0.000649092122748609,0.6459391930075212,-5.498832764190789e-05,0.27130417166168874,nan,nan,nan,nan,nan,nan
825,4.129999999999934,Standing,0.8885546047577193,0.44645901176051805,1.5715470796060653,-2.0923301318241325,0.004309842036152828,-0.4117823222882444,-1.48718141488834,0.9580222620271774,0.023182410575276355,0.025829465834654987,0.01672515257104093,0.027779466401581375,-0.35096242780230863,0.011582859063414944,-0.021938459455925464,-0.3954029035541168,-0.024111997795098,-2.097597991296165,0.004488469762841419,-0.4079910240802047,-1.2356119405079475,-0.6753468808945075,0.03217523384102794,0.025351894043217773,0.02017890556545985,0.028796741195054397,-0.32936978681579565,-0.014096439703108131,-0.02362586011684834,-0.3951745518434697,0.02365115602552875,-0.023937681714041828,-0.05697331700968784,0.07591613677861452,-0.023983701739910813,-0.056961696331088704,-0.0759211110041973,5.576328441322972e-05,-3.984719866574289e-05,1.606436569153454e-05,-0.00035042414477186545,1.360288131668356e-06,5.416293747456143e-06,0.00039849753889504566,0.0002927838843078815,2.585026178303694e-05,-2.2988543788945375e-06,4.738910740584166e-06,1.803978599021034e-07,3.1089019585206476e-05,3.681120088068582e-06,-2.210202421059392e-06,-1.4517065948654815e-06,-3.6795514865304016e-07,-0.0002706659724393668,1.9302335891386413e-07,2.664506422687426e-08,2.7074732106724885e-05,0.00029316506096536596,8.202725360837804e-07,-5.298590561275616e-07,3.724406499611689e-05,-1.0751027623112591e-05,-6.008452659780008e-07,-8.742087390978989e-07,4.9504263456699643e-08,-1.1481333762313887e-06,7.66258596294355e-07,0.004902635195224067,0.0010156859109023673,-0.0009964584187760954,0.0064831393011513215,0.001849212589081702,0.0014308712469036406,0.645939165552955,-5.498833383993352e-05,0.2713041971363993,nan,nan,nan,nan,nan,nan
826,4.134999999999934,Standing,0.8885544961159152,0.4464590625478426,1.5715470211163876,-2.0923289880079317,0.004309835653824982,-0.41178235002827596,-1.487183147378521,0.9580212411287594,0.023182538098178503,0.025829445643201106,0.016725148702522473,0.027779466429666357,-0.3509625538767229,0.011582844104398127,-0.02193844918911094,-0.3954028974159393,-0.024111996297608435,-2.097597516023692,0.004488474719531581,-0.4079910584302458,-1.2356140287830997,-0.6753461567212539,0.03217521899895335,0.02535189055209991,0.020179074945014894,0.028796687791278402,-0.3293699567743715,-0.01409642437188092,-0.02362584886286991,-0.3951745444579094,0.023651155098836325,-0.02391887051423898,-0.05698694985402106,0.07591608005591773,-0.023957350986779678,-0.056971461260106264,-0.07591900536759741,-2.1728360828515253e-05,1.015746491282546e-05,-1.1697935559583813e-05,0.00022876324020799026,-1.276465569168049e-06,-5.548006309558647e-06,-0.0003464980362188779,-0.00020417968360010585,2.550458042929055e-05,-4.038290776349649e-06,-7.737036916209792e-07,5.616996675759446e-09,-2.521488286200289e-05,-2.9918033633075343e-06,2.0533629044393236e-06,1.2276354932296476e-06,2.9949791349394414e-07,9.505449455604441e-05,9.913380324271314e-07,-6.870008220131539e-06,-0.0004176550304076536,0.00014483465070833809,-2.9684149179952002e-06,-6.982235724407758e-07,3.3875911009056946e-05,-1.0680755199332338e-05,-3.399171516577486e-05,3.066245442251306e-06,2.25079568610055e-06,1.4771120612710538e-06,-1.853384845091388e-07,0.0037622399605698794,-0.0027265688666428525,-1.1344539359005529e-05,0.005270150626227389,-0.001952985803512186,0.00042112731997679515,0.6459393293469786,-5.498837154801761e-05,0.2713040763485712,nan,nan,nan,nan,nan,nan
827,4.139999999999934,Standing,0.8885546862259163,0.44645891835662893,1.5715470628208343,-2.092330741585618,0.004309844161520961,-0.41178232204340887,-1.4871810962604466,0.9580230125902754,0.023182669627204514,0.025829433612844527,0.01672517109592014,0.02777946732067906,-0.3509623965390873,0.01158286272923486,-0.02193846049876504,-0.39540290469587874,-0.02411199815880584,-2.0975976571156427,0.004488476947551143,-0.40799109577083476,-1.2356160921482624,-0.6753453006850487,0.032175200042457684,0.02535188788966978,0.020179227658169117,0.028796637917219384,-0.32937013070675225,-0.014096408428088772,-0.023625839450352546,-0.3951745348317215,0.023651153430020052,-0.023900210245033002,-0.05697702348561367,0.07591097457182028,-0.023934089754407053,-0.056980747665210725,-0.07591727475025986,3.802200021135241e-05,-2.883824273409162e-05,8.340889339993861e-06,-0.00035071553724003683,1.7015391958255157e-06,5.59697342160856e-06,0.0004102236148904264,0.00035429230319524753,2.6305805202491525e-05,-2.4060713156724086e-06,4.478679533645762e-06,1.7820254034533697e-07,3.146752712479979e-05,3.724967346484783e-06,-2.2619308199269255e-06,-1.455987882544691e-06,-3.72239480632848e-07,-2.8218390099606528e-05,4.456039123929995e-07,-7.4681177919558745e-06,-0.00041267303253493553,0.00017120724103369478,-3.7912991332891543e-06,-5.324860261928418e-07,3.054263084465819e-05,-9.974811803562417e-06,-3.4786476152558336e-05,3.1887584294972496e-06,1.8825034723432394e-06,1.9252375794922365e-06,-3.3376325438365287e-07,0.0037320538411956847,0.001985273681477235,-0.0010210968194892748,0.0046522464745248435,-0.0018572810208925437,0.0003461234675091406,0.6459392865755839,-5.4988442419648804e-05,0.271304137737218,nan,nan,nan,nan,nan,nan
828,4.144999999999934,Standing,0.8885545278180998,0.446459006472756,1.5715469953490113,-2.0923284713205077,0.004309830254286154,-0.41178237693982017,-1.4871845426625787,0.9580204548992923,0.023182783058290347,0.02582941081342716,0.016725149710694973,0.0277794670460084,-0.35096265718647285,0.011582831855991892,-0.021938441151842368,-0.3954028922307622,-0.0241119950695952,-2.0975978295139694,0.004488484819007456,-0.4079911244216432,-1.2356172743362126,-0.6753455806939425,0.03217518232890337,0.025351887846835782,0.020179383471327573,0.02879658797535509,-0.3293702386373006,-0.014096400387472646,-0.023625834978056183,-0.39517452637821016,0.023651152124285413,-0.02388922345676715,-0.05700136129901868,0.07591448016263293,-0.02391188046875413,-0.056974578300055416,-0.07591241053378571,-3.16815632948984e-05,1.7623225410775207e-05,-1.3494364609245966e-05,0.00045405302204643575,-2.7814469613080004e-06,-1.097928226142338e-05,-0.000689280426438472,-0.0005115381966269265,2.2686217166839395e-05,-4.559883473574293e-06,-4.277045033499648e-06,-5.493413135976613e-08,-5.212947711223081e-05,-6.17464859348361e-06,3.869384534079647e-06,2.4930233056166466e-06,6.178421283480176e-07,-3.447966538719125e-05,1.5742912624831749e-06,-5.7301616926045725e-06,-0.00023643759003350327,-5.600177875170076e-05,-3.5427108622646294e-06,-8.566799055543827e-09,3.116263169081687e-05,-9.988372858947112e-06,-2.158610966949932e-05,1.6081232250623496e-06,8.944592725161293e-07,1.6907022703044863e-06,-2.611469278871619e-07,0.002197357653170356,-0.004867562681002033,0.0007011181625302487,0.004441857130584744,0.001233873031061224,0.0009728432948303166,0.64593940889895,-5.498833286409164e-05,0.2713040673233473,nan,nan,nan,nan,nan,nan
829,4.149999999999934,Standing,0.8885552847998595,0.44645849063801335,1.5715471888392059,-2.0923355925833453,0.004309866684642852,-0.4117822407325937,-1.4871754133603368,0.9580272714986745,0.023182946114947443,0.025829412060998414,0.016725226218753768,0.027779470057224667,-0.3509619579933368,0.011582914649987622,-0.021938491736997006,-0.3954029251591249,-0.024112003348268088,-2.0975985579120224,0.004488481002343258,-0.4079911764277254,-1.2356200473762853,-0.6753465089894577,0.032175152540737786,0.025351886159285148,0.020179529133031015,0.02879653689408525,-0.3293704684509118,-0.014096378059540672,-0.02362582299403947,-0.3951745125055915,0.023651149791199116,-0.023875771928495045,-0.05694605157348041,0.07590040447447857,-0.023896522792376872,-0.05699234293273822,-0.07591376760044487,0.00015139635192736156,-0.00010316694853140438,3.869803891631097e-05,-0.001424252567555945,7.28607133944424e-06,2.724144530018835e-05,0.0018258604483990272,0.0013633198764430104,3.261133141905974e-05,2.495142510070948e-07,1.5301611758944637e-05,6.022432531594092e-07,0.00013983862721218888,1.655879914614363e-05,-1.0117030927772287e-05,-6.585672539393814e-06,-1.6557345776300337e-06,-0.00014567961055765165,-7.633328394395696e-07,-1.0401216448087305e-05,-0.0005546080145167227,-0.0001856591030436082,-5.95763311671808e-06,-3.375101270048868e-07,2.9132340688654786e-05,-1.021625396752261e-05,-4.596272223860343e-05,4.465586394765886e-06,2.39680334259869e-06,2.7745237281683795e-06,-4.66617259316063e-07,0.0026903056544210213,0.011061945107653308,-0.0028151376308696695,0.003071535275451216,-0.0035529265365609013,-0.0002714133318307444,0.6459393351044852,-5.498858948392236e-05,0.2713041600710993,nan,nan,nan,nan,nan,nan
830,4.154999999999934,Standing,0.8885533631445226,0.44645974377435604,1.5715466110412286,-2.0923165050804426,0.0043097657033786966,-0.41178263295598944,-1.4872011397866727,0.958008356135399,0.023182904503389223,0.02582935457141871,0.016725024749947106,0.02777946358864996,-0.35096392492238093,0.011582681675448157,-0.021938348524087308,-0.39540283167289125,-0.024111980047047295,-2.097596207946023,0.004488509670184069,-0.40799120314939974,-1.235621051850276,-0.6753484854948116,0.03217513165911699,0.0253518874855194,0.020179665654741618,0.028796490926508937,-0.3293705655326095,-0.014096370891783389,-0.023625816237225074,-0.3951745047187076,0.023651150008176358,-0.023932306726702865,-0.057093832363498145,0.07594128230780453,-0.02387874446897785,-0.05696488533411044,-0.07590503465495942,-0.0003843310673609019,0.00025062726853465736,-0.00011555959542956223,0.0038175005805591135,-2.0196252831086797e-05,-7.844467915272676e-05,-0.005145285267183508,-0.0037830726550970627,-8.322311644143684e-06,-1.14979159411827e-05,-4.0293761332507714e-05,-1.2937149415017979e-06,-0.00039338580883339653,-4.659490789311977e-05,2.8642581939676323e-05,1.8697246730433848e-05,4.66024415890048e-06,0.0004699931998825487,5.733568162137183e-06,-5.34433486247812e-06,-0.00020089479812568242,-0.00039530107079293936,-4.17632415869398e-06,2.652468503245765e-07,2.730434212073934e-05,-9.193515262975736e-06,-1.941633954781162e-05,1.4335514567347691e-06,1.3513628792391498e-06,1.5573767775693142e-06,4.3395448222174925e-08,-0.011306959641563911,-0.029556158003545815,0.00817556666519229,0.003555664679804664,0.005491519725556043,0.0017465890970889918,0.6459397933425849,-5.498808637447209e-05,0.2713038342579831,nan,nan,nan,nan,nan,nan
831,4.1599999999999335,Standing,0.8885550442443991,0.44645862405527414,1.5715472283521712,-2.0923377351834787,0.004309885949130012,-0.4117822109097398,-1.487172420239661,0.9580317279622078,0.02318298301223703,0.02582940834579328,0.01672521806016209,0.027779467786161912,-0.35096178000564376,0.01158293564850506,-0.021938511383954525,-0.3954029320997366,-0.024112005449549542,-2.0975955247390754,0.004488486786569585,-0.4079913276945669,-1.2356289103657838,-0.675350449603705,0.032175063439299656,0.025351879651890893,0.02017976371317538,0.02879644073445034,-0.32937119158868433,-0.01409630152987116,-0.02362577775267344,-0.39517447471173434,0.023651145236762212,-0.024034149379461064,-0.05687651323468223,0.07591058580920636,-0.023891075820832827,-0.05704693998011218,-0.07592462395900916,0.0003362199753103903,-0.000223943816380817,0.00012346218850553192,-0.004246020607218521,2.4049150262973816e-05,8.440924992060667e-05,0.005743909402332932,0.004674365361745931,1.5701769561820133e-05,1.0754874914052593e-05,3.8662042996608474e-05,8.395023906657384e-07,0.0004289833474294784,5.0794611380571605e-05,-3.257197344335129e-05,-2.0085369065363375e-05,-5.080500449852458e-06,0.000136641389530985,-4.576722896738887e-06,-2.49090334368742e-05,-0.0015717031015574127,-0.00039282177868806825,-1.3643963467742648e-05,-1.5667257012215806e-06,1.9611686752276773e-05,-1.0038411719567596e-05,-0.0001252112149652285,1.3872382445930423e-05,7.696910326237679e-06,6.001394646337302e-06,-9.542828291209927e-07,-0.020368530551639563,0.04346382576318289,-0.0061392997196357945,-0.002466270370995112,-0.016410929200347722,-0.003917860809947477,0.6459387006778166,-5.498967971697338e-05,0.271304749710071,nan,nan,nan,nan,nan,nan
832,4.164999999999933,Standing,0.8885566247876381,0.44645759928219225,1.5715475302515685,-2.092339746523903,0.00430986895344353,-0.4117821991946123,-1.487172406933306,0.9580266536671527,0.023183286401779614,0.02582937740104732,0.016725243097310775,0.02777947388851472,-0.3509617136582037,0.011582943444147707,-0.021938508596778084,-0.3954029353995538,-0.024112006227522704,-2.097608054372654,0.004488493513070566,-0.40799112872490184,-1.2356137704778076,-0.6753504484612622,0.032175153621537424,0.025351898951631376,0.02017994682835271,0.028796410278917123,-0.3293700567414596,-0.014096439326721062,-0.023625861702550374,-0.3951745278671344,0.02365116316353777,-0.024117154890107947,-0.05689219181296662,0.07592715917725851,-0.02393853493024859,-0.056838865989545066,-0.07588752660732698,0.0003161086477845363,-0.0002049546163810049,6.037987946611723e-05,-0.0004022680849252373,-3.3991372963074873e-06,2.343025502923396e-06,2.661270980244476e-06,-0.0010148590110211093,6.067790851647944e-05,-6.188949192170768e-06,5.007429737003938e-06,1.2204705616650458e-06,1.3269488007614568e-05,1.5591285293983838e-06,5.574352883603236e-07,-6.599634341685288e-07,-1.5559463227088945e-07,-0.0025059267157479734,1.345300196142897e-06,3.979393301484261e-05,0.0030279775952575076,2.284885542026393e-07,1.8036447553694766e-05,3.8599480962596055e-06,3.662303546602393e-05,-6.0911066432578475e-06,0.0002269694449520803,-2.7559369980728124e-05,-1.6789975386550663e-05,-1.0631080019105681e-05,3.5853551110875094e-06,-0.01660110212937658,-0.0031357156568788333,0.0033146736104303007,-0.00949182188315276,0.04161479811342176,0.0074194703364359885,0.6459396088601438,-5.4988108970808765e-05,0.27130402689585276,nan,nan,nan,nan,nan,nan
833,4.169999999999933,Standing,0.8885543497943926,0.44645905002890185,1.5715466773402753,-2.0923247692941334,0.004309809772363044,-0.41178245978302164,-1.4871906549583405,0.9580155586247641,0.02318306035061944,0.025829363040180926,0.01672512145651973,0.02777946887479885,-0.3509630912311951,0.011582780110588288,-0.021938402966756025,-0.3954028694754421,-0.024111989888539628,-2.0975948931266517,0.004488512245458604,-0.40799138901641596,-1.2356320650328558,-0.6753564863669528,0.0321750273862055,0.025351879569834576,0.020180072568937283,0.02879633614144215,-0.32937143881755876,-0.014096281670760595,-0.023625757036042732,-0.39517445835225967,0.023651145419882016,-0.024160629815769795,-0.05697613585815524,0.07595218355589994,-0.024089976338386936,-0.056972215348348676,-0.07594033759376084,-0.00045499864909181786,0.0002901493419244013,-0.000170582258618523,0.00299544595392833,-1.1836216097325865e-05,-5.2117681868828744e-05,-0.0036496050068712546,-0.002219008477717199,-4.521023203457136e-05,-2.87217327929257e-06,-2.4328158209033607e-05,-1.0027431737161009e-06,-0.00027551459828441076,-3.266671188375579e-05,2.112600441189242e-05,1.3184822337296858e-05,3.267796615581282e-06,0.0026322492004711012,3.7464776076462326e-06,-5.205830282812787e-05,-0.0036589110096469923,-0.001207581138098505,-2.5247066385209383e-05,-3.876359359739936e-06,2.5148116914781225e-05,-1.482749499484001e-05,-0.00027641521983846884,3.153119209344451e-05,2.0933301528464206e-05,1.3902974946952912e-05,-3.5487311505914866e-06,-0.008694985132369522,-0.016788809037723167,0.005004875728285969,-0.030288281627668966,-0.026669871760721976,-0.010562197286772865,0.6459406128362498,-5.498948174250281e-05,0.2713032790513433,nan,nan,nan,nan,nan,nan
834,4.174999999999933,Standing,0.8885533207847033,0.44645972455187816,1.571546542734251,-2.092320952746082,0.0043098005445952915,-0.41178252902927664,-1.4871944925601603,0.9580151788838392,0.023182713747947094,0.02582939267731715,0.016725066383429396,0.02777946441953818,-0.3509634405720559,0.011582738923217536,-0.021938385694213077,-0.3954028532887462,-0.024111985769463596,-2.0975904197011803,0.004488519386689946,-0.4079914964983705,-1.2356395334269377,-0.6753555119937088,0.03217495567832704,0.025351869874415046,0.020179743431638832,0.02879640407008022,-0.3293720727811701,-0.014096202504853494,-0.023625716439479038,-0.39517443569753347,0.023651145114214775,-0.02416180629860168,-0.056988019359717965,0.07595493090539067,-0.024153780394235564,-0.057016090201649626,-0.07595994409187938,-0.00020580193785980363,0.00013490459526114494,-2.6921204847483982e-05,0.0007633096102619358,-1.8455535504652278e-06,-1.3849251004336188e-05,-0.0007675203639705298,-7.594818497200836e-05,-6.932053446965477e-05,5.927427245056388e-06,-1.1014618066817525e-05,-8.910521340077283e-07,-6.986817215448482e-05,-8.237474150367233e-06,3.4545085895706023e-06,3.237339185668501e-06,8.238152066517084e-07,0.0008946850942781464,1.428246268550949e-06,-2.1496390910137768e-05,-0.0014936788163698671,0.00019487464879769162,-1.4341575692118228e-05,-1.9390839061623695e-06,-6.582745969038494e-05,1.3585727614378077e-05,-0.00012679272226247615,1.5833181420038632e-05,8.119312739048625e-06,4.530945241625639e-06,-6.113344845688611e-08,-0.00023529656637670017,-0.0023767003125448206,0.0005494698981438721,-0.012760811169725803,-0.008774970660190149,-0.003921299623708458,0.6459394117980686,-5.4988910050144864e-05,0.2713043580617351,nan,nan,nan,nan,nan,nan
835,4.179999999999933,Standing,0.8885540663348237,0.4464592570672503,1.5715469600151244,-2.092327458780753,0.0043098297659730205,-0.4117824102706057,-1.4871859694365244,0.9580214058880205,0.023182566412142946,0.02582942913157535,0.016725098714003146,0.02777946492309435,-0.3509628261604322,0.0115828118977375,-0.021938437366598316,-0.3954028832119722,-0.02411199307147977,-2.0975952716732262,0.004488516349854654,-0.4079914496921674,-1.2356352625777256,-0.675356730673734,0.03217495295434631,0.025351878497826462,0.02017949059155628,0.028796471304637146,-0.3293718011117293,-0.014096230927875599,-0.023625744569831235,-0.3951744489421789,0.023651154163613394,-0.024139312048365117,-0.05694600353820681,0.0759422852152086,-0.024166019615175564,-0.05695133699391769,-0.07594800236735266,0.00014911002409369377,-9.349692557234616e-05,8.345617467617266e-05,-0.0013012069342213765,5.844275545875898e-06,2.3751734189235114e-05,0.001704624727206231,0.0012454008362555054,-2.946716082961557e-05,7.2908516398216105e-06,6.466114749838843e-06,1.0071123424370761e-07,0.00012288232474999116,1.4594903992886122e-05,-1.0334477047539448e-05,-5.984645205242837e-06,-1.4604032351398176e-06,-0.000970394409214239,-6.073670585283021e-07,9.361240631836126e-06,0.0008541698424208888,-0.00024373600504156443,-5.447961461862207e-07,1.7246822829966927e-06,-5.056801651015912e-05,1.344691138475334e-05,5.433388815978234e-05,-5.684604421018422e-06,-5.626070439065308e-06,-2.648929092212647e-06,1.8098797237880336e-06,0.004498850047312074,0.008403164302230773,-0.002529138036413716,-0.0024478441879998633,0.012950641546387247,0.002388344905344908,0.6459387232392473,-5.498854222762158e-05,0.2713049033888595,nan,nan,nan,nan,nan,nan
836,4.184999999999933,Standing,0.8885548775005115,0.44645875120588235,1.5715471947637667,-2.092332043503518,0.0043098470856404395,-0.4117823146107124,-1.4871801081638307,0.9580244764127259,0.02318249124485929,0.025829454961047972,0.016725133898176387,0.027779467307159734,-0.3509623651051284,0.01158286657177773,-0.021938469903994316,-0.3954029059500185,-0.024111998542759864,-2.097599487791026,0.004488505823802331,-0.40799134797462805,-1.2356296680432015,-0.6753601277995477,0.032174972208998155,0.025351889095735332,0.02017845916498391,0.028796768564579016,-0.3293713793850775,-0.014096259809746998,-0.02362577713071331,-0.3951744648198287,0.02365116198483005,-0.02410831553941654,-0.0569272067250797,0.07593331235277302,-0.02414995778371828,-0.05690172197729396,-0.07593478526536086,0.0001622331375702314,-0.00010117227359055412,4.694972844284253e-05,-0.0009169445530397454,3.463933483820564e-06,1.913197866186558e-05,0.0011722545387098304,0.0006141049410807156,-1.5033456731289982e-05,5.165894524419627e-06,7.0368346483498394e-06,4.7681307620314405e-07,9.221106074855715e-05,1.0934808045995923e-05,-6.507479199770743e-06,-4.547609259835603e-06,-1.0942560181507091e-06,-0.0008432235599890254,-2.105210464411404e-06,2.03435078634965e-05,0.0011189069048091439,-0.0006794251627286594,3.850930368937729e-06,2.1195817738336564e-06,-0.0002062853144742074,5.945198837414518e-05,8.434533036955652e-05,-5.776374279857595e-06,-6.512176414858079e-06,-3.175529962125601e-06,1.5642433313125966e-06,0.006199301789715495,0.003759362625421277,-0.0017945724871162847,0.003212366291456407,0.009923003324745569,0.002643420398359099,0.6459390497288083,-5.498846324000473e-05,0.2713046074819495,nan,nan,nan,nan,nan,nan
837,4.189999999999933,Standing,0.8885547146061088,0.4464588718132413,1.5715470481912979,-2.0923298402545596,0.004309836571026993,-0.41178234082109383,-1.487182609799049,0.9580222847534678,0.023182397328572295,0.025829463656421327,0.016725121388785662,0.02777946756488011,-0.3509625314636725,0.01158284685017736,-0.021938453919594498,-0.39540289861759814,-0.02411199657147228,-2.0975984294785177,0.004488498764359115,-0.4079913027062581,-1.2356293389987796,-0.6753614809909717,0.032174974486253734,0.025351889411354595,0.020177304673264302,0.028797094157880825,-0.3293713370062822,-0.014096240671998949,-0.023625776635079872,-0.39517446445548116,0.023651163978755115,-0.02407940838517282,-0.05695210638372504,0.07593409410097533,-0.024129192068648917,-0.05691958241052811,-0.07593530350026792,-3.257888054856452e-05,2.4121471791864116e-05,-2.9314493787437396e-05,0.0004406497917201034,-2.102922689233946e-06,-5.2420762819931885e-06,-0.0005003270436495773,-0.00043833185161348885,-1.8783257398536712e-05,1.7390746711741412e-06,-2.501878144933099e-06,5.15440751644343e-08,-3.327170881656981e-05,-3.944320073993751e-06,3.196879963779926e-06,1.4664840663047454e-06,3.94257517206298e-07,0.00021166250162274578,-1.4118886433114138e-06,9.053673986845278e-06,6.580888440654332e-05,-0.00027063828479758224,4.55451116396479e-07,6.312385233718602e-08,-0.00023089834392157774,6.511866036212331e-05,8.475759062408783e-06,3.82754960974225e-06,9.912668725794394e-08,7.286951091005083e-08,3.987850126069253e-07,0.005781430848743992,-0.004979931729067682,0.00015634964046268296,0.004153143013872961,-0.003572086646829148,-0.0001036469814106448,0.6459395153115675,-5.4988508861673145e-05,0.271304234114624,nan,nan,nan,nan,nan,nan
838,4.194999999999933,Standing,0.8885542517904914,0.44645918744454605,1.571546878118996,-2.0923270363720365,0.004309826915632005,-0.4117823825524778,-1.4871856006487034,0.9580207288649081,0.023182293372019314,0.02582947006299906,0.01672510239958391,0.027779466331720064,-0.3509627566203909,0.011582820189657266,-0.021938436699096727,-0.395402888200024,-0.024111993905459424,-2.097595896124445,0.004488492762989856,-0.4079912807342056,-1.2356304356717442,-0.6753599485482863,0.03217497211409775,0.02535188585370966,0.02017630972484437,0.02879737205515831,-0.3293714098270145,-0.014096210537939361,-0.023625768312778836,-0.39517446009018126,0.02365116375131763,-0.024048896095528384,-0.05697477557153634,0.07593412852987133,-0.02410381183834355,-0.056960198502934836,-0.07593997031167067,-9.256312347482738e-05,6.312626095237781e-05,-3.401446034189946e-05,0.0005607765046303782,-1.931078997641611e-06,-8.346276793540947e-06,-0.000598169930859504,-0.00031117771194637083,-2.0791310595832492e-05,1.2813155469737696e-06,-3.7978403503545463e-06,-2.466320092931792e-07,-4.50313436812558e-05,-5.332104018819695e-06,3.4440995543430107e-06,2.0835148328535645e-06,5.332025707988099e-07,0.0005066708145880093,-1.2002738516669756e-06,4.394410503323619e-06,-0.00021933459292701766,0.00030648853709210554,-4.744311965632581e-07,-7.115289868664396e-07,-0.00019898968398683348,5.557945549712954e-05,-1.4564146471958197e-05,6.026811917720915e-06,1.6644602068271844e-06,8.730599762761783e-07,-4.548749718699522e-08,0.006102457928887379,-0.004533837562259148,6.8857792005380355e-06,0.005076046061073238,-0.00812321848134524,-0.0009333622805512134,0.6459394633781684,-5.49885282641702e-05,0.2713042920710902,nan,nan,nan,nan,nan,nan
839,4.199999999999933,Standing,0.8885543861280268,0.44645911425893686,1.5715469427589914,-2.0923287074261796,0.0043098366050084705,-0.4117823467840258,-1.4871830954136045,0.958022860483292,0.023182276737253926,0.025829477891498132,0.01672512262281041,0.027779466461368574,-0.3509625697660552,0.011582842350600085,-0.021938451224961436,-0.3954028971886545,-0.024111996122331298,-2.097596345620017,0.004488484766903294,-0.40799122486911704,-1.2356280854984423,-0.6753563958821126,0.03217499335073627,0.025351886245535683,0.020175716553523,0.028797542171524363,-0.3293712236450341,-0.014096218380285184,-0.023625781167236834,-0.3951744661116251,0.02365116477844122,-0.024016238445270482,-0.05696710277903479,0.07592727388930505,-0.02407039280345526,-0.056967490359755346,-0.07593619632107607,2.6867507096508812e-05,-1.4637121833086184e-05,1.2927999090420468e-05,-0.00033421082865239403,1.9378752930923547e-06,7.153690395419771e-06,0.0005010470197678982,0.0004263236767871201,-3.326953077510879e-06,1.5656998140915266e-06,4.044645299642365e-06,2.592970215519777e-08,3.737086713872419e-05,4.432188563738868e-06,-2.9051729420639985e-06,-1.7977261047231734e-06,-4.4337437495175805e-07,-8.989911433316257e-05,-1.5992173124511215e-06,1.1173017705732122e-05,0.00047003466037716705,0.0007105332347433062,4.247327704405728e-06,7.836520437472319e-08,-0.00011863426427310125,3.4023273210625086e-05,3.723639608836922e-05,-1.5684691645926103e-06,-2.5708915994973506e-06,-1.2042887702817538e-06,2.0542471799340872e-07,0.006531530051580519,0.0015345585003106342,-0.0013709281132564292,0.006683806977658195,-0.0014583713641018294,0.0007547981189221862,0.6459391986272667,-5.498843705164435e-05,0.27130449107689425,nan,nan,nan,nan,nan,nan
840,4.204999999999933,Standing,0.8885547429605447,0.4464588905520824,1.5715470411277381,-2.092330651591262,0.004309843953717454,-0.41178231036195095,-1.4871806871561384,0.9580242193896292,0.023182351928120116,0.02582947508113125,0.016725149180392796,0.0277794676156605,-0.3509623770828583,0.0115828651703361,-0.021938464334701396,-0.39540290639708553,-0.024111998404474925,-2.0975982558829886,0.004488479287620269,-0.40799115697342714,-1.2356238390573282,-0.6753534404707761,0.03217502929395853,0.025351890279850995,0.02017557913096548,0.02879758802439282,-0.32937088052852526,-0.014096253519400699,-0.023625805337372602,-0.39517447579350024,0.023651164572216873,-0.023986177681304195,-0.05696333102771751,0.0759216902443473,-0.024034002625034866,-0.05695173640044904,-0.07592700237911729,7.136650358325862e-05,-4.474137089921977e-05,1.967374935572795e-05,-0.0003888330164105302,1.469741796607546e-06,7.2844149745064634e-06,0.0004816514932416442,0.0002717812674457883,1.5038173237834682e-05,-5.620733765296947e-07,5.311516477406644e-06,2.3085838540475544e-07,3.853663937960195e-05,4.5639472033053535e-06,-2.621947992324627e-06,-1.8416862045056143e-06,-4.5642872555941333e-07,-0.000382052594396146,-1.0958566050793149e-06,1.35791379826044e-05,0.0008492882228134952,0.0005910822673153874,7.188644452096193e-06,8.068630626203817e-07,-2.7484511503989633e-05,9.170573691419123e-06,6.862330176666367e-05,-7.027823103113439e-06,-4.834027153708787e-06,-1.936375024701529e-06,-4.1244869663717386e-08,0.006012152793257664,0.0007543502634560082,-0.0011167289915478464,0.007278035684078965,0.003150791861262061,0.001838788391754529,0.6459392497943929,-5.498833298525708e-05,0.2713044089823636,nan,nan,nan,nan,nan,nan
841,4.2099999999999325,Standing,0.8885546841132216,0.44645892784914326,1.5715469899261236,-2.0923295254748733,0.00430983775338436,-0.41178233304722484,-1.4871822575074436,0.9580230077495632,0.02318243666593046,0.025829461427804498,0.016725149401740996,0.02777946777367549,-0.35096248567867516,0.011582852274879906,-0.021938454620119525,-0.3954029011711489,-0.024111997113734664,-2.0975981148940437,0.0044884789987923775,-0.40799113582495716,-1.2356222292780932,-0.6753515479658284,0.03217505076047935,0.025351891741352696,0.020175812226367825,0.028797525442984917,-0.3293707292894143,-0.014096273669423839,-0.023625814229350374,-0.39517447567091896,0.02365116027833379,-0.023961792141539415,-0.056979470748024494,0.0759212955644152,-0.024002487497108423,-0.05695761561410532,-0.07592323822079146,-1.1769464614981581e-05,7.459412180384534e-06,-1.0240322894728377e-05,0.0002252232776851901,-1.240066618759196e-06,-4.537054775652302e-06,-0.0003140702610219074,-0.0002423280132170879,1.6947562069332292e-05,-2.730665350199271e-06,4.42696400586415e-08,3.160299806755952e-08,-2.171916336651205e-05,-2.579091238947128e-06,1.9429163744311745e-06,1.0451873212380178e-06,2.581480523030936e-07,2.8197788976627128e-05,-5.776557820798531e-08,4.229693994387004e-06,0.00032195584700894667,0.00037850098953828566,4.293304163509628e-06,2.9230034043247184e-07,4.6619080468698716e-05,-1.2516281580613007e-05,3.024782219544195e-05,-4.0300046277730475e-06,-1.7783955542546676e-06,2.4516259742575725e-08,-8.587766168190303e-07,0.004877107952955756,-0.003227944061397102,-7.893598642312008e-05,0.006303025585288506,-0.0011758427312557407,0.0007528316651668524,0.6459394538865343,-5.498839485070999e-05,0.27130421002688404,nan,nan,nan,nan,nan,nan
842,4.214999999999932,Standing,0.8885546980902399,0.4464589106384587,1.571546984148734,-2.0923300809832255,0.004309841829807433,-0.41178232385896146,-1.4871815378390008,0.9580238903548756,0.02318253219331629,0.025829450959925924,0.016725164688054885,0.0277794680991732,-0.3509624280356499,0.011582859077083297,-0.02193845819448594,-0.39540290370835857,-0.024111997792634024,-2.097597472318645,0.0044884784939760915,-0.40799114560018357,-1.2356222164500763,-0.6753499619759231,0.03217506076799613,0.025351891309421715,0.020176294969870872,0.02879738931362966,-0.3293707060205566,-0.014096284219950359,-0.02362581434923405,-0.39517447199209965,0.023651155043567317,-0.023938254815823765,-0.05697816858175758,0.07591726476073325,-0.023975636679908898,-0.056976257399571455,-0.07592295083905101,2.795403669432263e-06,-3.442136909294157e-06,-1.1554779534753915e-06,-0.00011110167044328607,8.152846146702537e-07,1.8376526689271369e-06,0.00014393368858796302,0.0001765210624855899,1.9105477165811845e-05,-2.093575715017721e-06,3.0572627780008058e-06,6.50995415563977e-08,1.1528605051303556e-05,1.360440678079977e-06,-7.148732826664942e-07,-5.074419342472979e-07,-1.3577987208803259e-07,0.0001285150797157842,-1.0096325727551497e-07,-1.955045284490945e-06,2.565603364325028e-06,0.00031719798105745366,2.0015033564503366e-06,-8.638619632125258e-08,9.654870060910525e-05,-2.7225871051733134e-05,4.6537715354060905e-06,-2.110105304048253e-06,-2.397673516610771e-08,7.357638638410371e-07,-1.0469532950298166e-06,0.0047074651431300634,0.00026043325338250293,-0.0008061607363895547,0.005370163439905382,-0.003728357093226858,5.747634808977737e-05,0.6459394388133316,-5.498848798757859e-05,0.2713042012712806,nan,nan,nan,nan,nan,nan
843,4.219999999999932,Standing,0.8885548575875526,0.44645879791460397,1.5715470239333775,-2.0923308368444586,0.004309843912004747,-0.4117823160147943,-1.4871808738576224,0.9580242752752878,0.023182657482761625,0.02582943690326724,0.01672517968550627,0.02777946892016226,-0.35096237254143514,0.01158286563812921,-0.02193846158016611,-0.3954029061909126,-0.024111998447103603,-2.0975982275684806,0.0044884799098922675,-0.40799114124782043,-1.2356207192502604,-0.6753491487782121,0.03217507765994113,0.02535189330922723,0.02017692864691496,0.028797213305884785,-0.32937057626197813,-0.014096310787930088,-0.02362582250298382,-0.39517447565643016,0.02365115240226768,-0.0239178826290202,-0.05697957638463052,0.07591434147444553,-0.023948757063776194,-0.0569721886166705,-0.07591777943798876,3.189946253643236e-05,-2.2544770950915344e-05,7.956928709999127e-06,-0.0001511722466651464,4.164394627582793e-07,1.5688334262016477e-06,0.00013279627565570596,7.698408244550343e-05,2.5057889067350496e-05,-2.811331736949631e-06,2.999490277213907e-06,1.6419781216026965e-07,1.1098842951047071e-05,1.3122091824815592e-06,-6.771360339608102e-07,-4.965108143686803e-07,-1.3089391585401225e-07,-0.0001510499671510293,2.83183235195929e-07,8.704726301740183e-07,0.00029943996317932935,0.00016263954221331633,3.3783889998410086e-06,3.9996110317201944e-07,0.00012673540881736435,-3.520154897537552e-05,2.595171569874168e-05,-5.313595945995665e-06,-1.6307499534851709e-06,-7.328661026976465e-07,-5.282599277737322e-07,0.004074437360713135,-0.00028156057458689557,-0.0005846572575441823,0.005375923226540852,0.0008137565801915277,0.0010342802124509857,0.6459394552300567,-5.49883743205273e-05,0.27130416789284817,nan,nan,nan,nan,nan,nan
844,4.224999999999932,Standing,0.8885548497071222,0.4464587920614316,1.5715470061663501,-2.09233038558063,0.004309840670714257,-0.41178233175491946,-1.4871817802968303,0.958023637471469,0.02318277515075822,0.025829419826053506,0.01672518148144273,0.027779469294063667,-0.35096243798466004,0.011582857871344561,-0.021938456126205725,-0.39540290291438673,-0.024111997668410916,-2.0975981805091526,0.0044884831071616005,-0.4079911565754977,-1.2356204972334044,-0.6753500063175094,0.032175084126541124,0.025351894532124584,0.020177596361853546,0.02879702587105961,-0.32937054464253734,-0.014096327158932446,-0.023625822821956105,-0.3951744767092687,0.023651149803781475,-0.023901226725024538,-0.05698843327908858,0.07591358883673167,-0.023926019057241975,-0.056975963960145384,-0.075914968809652,-1.5760860939404618e-06,-1.170634479961321e-06,-3.553405476655959e-06,9.02527656703911e-05,-6.482580978360035e-07,-3.1480250311395373e-06,-0.00018128784156530754,-0.00012756076374815538,2.353359931928231e-05,-3.415442746638281e-06,3.5918729243586447e-07,7.47802810560209e-08,-1.3088644975714959e-05,-1.5533569299856604e-06,1.0907920770571088e-06,6.55305172086679e-07,1.5573853741868934e-07,9.411865563575236e-06,6.394538666047679e-07,-3.0655354627316787e-06,4.440337121917523e-05,-0.00017150785946591903,1.2933199978266728e-06,2.445794707683297e-07,0.00013354298771715611,-3.7486965034681655e-05,6.3238881522665925e-06,-3.2742004716558623e-06,-6.379445707717109e-08,-2.1056770390181702e-07,-5.196972407082303e-07,0.003331180799131833,-0.0017713788916113953,-0.00015052754277125613,0.00454760130684364,-0.0007550686949776035,0.0005621256673515167,0.6459395561462786,-5.4988418026830046e-05,0.2713040714240707,nan,nan,nan,nan,nan,nan
845,4.229999999999932,Standing,0.8885550617029361,0.44645864716970624,1.5715470501814208,-2.0923322168968572,0.004309849538958313,-0.41178230176772346,-1.4871796376610757,0.958025252447888,0.02318290513888476,0.02582940837705813,0.016725205297706734,0.02777947047432923,-0.35096227242068967,0.011582877472081657,-0.021938467810006454,-0.3954029105945858,-0.02411199962671518,-2.097598296952793,0.004488481346597902,-0.4079911665714697,-1.2356203504905823,-0.6753531868452679,0.03217508571226548,0.025351896799456795,0.020177968378120192,0.028796923358687204,-0.3293705220302196,-0.014096336949367261,-0.023625822286653022,-0.3951744806338704,0.02365114930257194,-0.023884887217826865,-0.05697758131787764,0.0759086751560202,-0.023907073689025237,-0.056985293263444994,-0.0759139352420599,4.2399162779836666e-05,-2.897834506850133e-05,8.80301413212905e-06,-0.00036626324544489263,1.7736488112396497e-06,5.997439204266338e-06,0.00042852715093804873,0.00032299528380816866,2.599762530786668e-05,-2.289799075415017e-06,4.7632528001789345e-06,2.3605311253100055e-07,3.311279407497638e-05,3.9201474191243784e-06,-2.336760145898549e-06,-1.5360398141839942e-06,-3.9166085230351633e-07,-2.3288728079997033e-05,-3.5211273965323364e-07,-1.9991944039626517e-06,2.9348564435929037e-05,-0.00063610555170838,3.1714487173561797e-07,4.5346644217951826e-07,7.440325332902128e-05,-2.050247448124341e-05,4.522463543319214e-06,-1.9580869630784676e-06,1.0706061682071946e-07,-7.849203417738594e-07,-1.0024190720573915e-07,0.0032679014395346757,0.0021703922421875688,-0.0009827361422928452,0.003789073643347888,-0.001865860659921504,0.00020671351841909392,0.6459395668190957,-5.498847352392582e-05,0.2713040598091779,nan,nan,nan,nan,nan,nan
846,4.234999999999932,Standing,0.8885547359851506,0.44645886611120666,1.571546932619185,-2.0923282893737114,0.0043098272602774,-0.4117823894281327,-1.4871852415802234,0.9580209390444064,0.02318298883141944,0.02582938402068474,0.016725165995136137,0.027779469678518735,-0.3509626996541585,0.011582826879223624,-0.021938436575404764,-0.39540289025549286,-0.024111994565013124,-2.097598263595193,0.004488483924426238,-0.40799114318469115,-1.23561860014135,-0.6753576872339454,0.032175097915975476,0.025351900823395477,0.020178022512305296,0.028796915302418635,-0.3293703774956798,-0.01409635471830793,-0.023625828313441097,-0.3951744941370072,0.023651152958577358,-0.023878920260712113,-0.05701443482584308,0.07591561470381633,-0.02388848996134864,-0.056976460264484864,-0.07590908513288674,-6.514355711273876e-05,4.378830008750199e-05,-2.351244712960606e-05,0.0007855046291320908,-4.455736182702034e-06,-1.7532081857079885e-05,-0.0011207838295224746,-0.0008626806963194475,1.6738506935226897e-05,-4.87127467797701e-06,-7.860514119472583e-06,-1.5916209848513888e-07,-8.544669377016543e-05,-1.0118571606653913e-05,6.24692033820787e-06,4.0678185949875385e-06,1.01234041058578e-06,6.671520025407716e-06,5.155656672431235e-07,4.677355710967485e-06,0.0003500698464473924,-0.0009000777354921626,2.4407419985945785e-06,8.047877362183722e-07,1.0826837020590813e-05,-1.6112537136156094e-06,2.8906907957124074e-05,-3.5537881339766754e-06,-1.2053576153542118e-06,-2.700627363473673e-06,7.312010835168437e-07,0.001193391422950095,-0.0073707015930877876,0.0013879095592251346,0.0037167455353195396,0.00176659979202543,0.0009700218346305738,0.6459397007703448,-5.498834154870198e-05,0.27130395326314294,nan,nan,nan,nan,nan,nan
847,4.239999999999932,Standing,0.8885561998068644,0.44645791077471914,1.571547315251026,-2.092342202989959,0.004309899410746608,-0.41178211424636496,-1.4871670066619262,0.9580342001519585,0.02318320719455829,0.02582940065980729,0.0167253162656279,0.027779475482341512,-0.3509613013890172,0.011582992453394223,-0.02193853756358568,-0.39540295621714144,-0.02411201112206823,-2.0975997690546135,0.004488461359680941,-0.40799113002776843,-1.2356184339647647,-0.675362313660414,0.032175103157717405,0.025351901434765737,0.020177760718084532,0.028796994980237287,-0.32937035174789075,-0.014096352288906698,-0.023625826982952864,-0.39517450573015156,0.023651157114272087,-0.023877521794248468,-0.05689909623089304,0.07589071187371554,-0.02387960619750824,-0.05700702108520912,-0.07591419897639051,0.00029276434277965844,-0.0001910672975108243,7.652636819111398e-05,-0.0027827232495006952,1.4430093841573124e-05,5.503635354907951e-05,0.0036469836594022285,0.0026522215104210975,4.3672627770361246e-05,3.327824510180107e-06,3.005409835215405e-05,1.1607645552955565e-06,0.00027965302825398844,3.311483412002164e-05,-2.0197636183226396e-05,-1.319232971894089e-05,-3.3114110211936104e-06,-0.0003010918840998867,-4.512949059469703e-06,2.6313845395287326e-06,3.3235317085548955e-05,-0.0009252852937099399,1.0483483856217648e-06,1.222740516894221e-07,-5.235884415301362e-05,1.593556373018494e-05,5.149557816308526e-06,4.858802465135413e-07,2.6609764685303377e-07,-2.3186288621697657e-06,8.311389455231013e-07,0.00027969329272874936,0.02306771899000831,-0.00498056602015863,0.0017767527680798774,-0.006112164144852269,-0.0010227687007537632,0.6459395215664787,-5.4988704852369494e-05,0.2713040970900709,nan,nan,nan,nan,nan,nan
848,4.244999999999932,Standing,0.8885538554126253,0.44645947602362446,1.5715465422230177,-2.092315389465391,0.0043097520535287865,-0.4117826656160804,-1.48720353952073,0.9580057580071606,0.02318315612597636,0.025829320523058065,0.016725042766840805,0.02777946798959404,-0.35096407505856253,0.011582663883864641,-0.021938333119306274,-0.39540282424448836,-0.024111978258464072,-2.097599456744895,0.0044884893999406995,-0.4079910053694417,-1.2356111757717179,-0.6753634942041655,0.032175166311817105,0.025351907348603552,0.020177476325803953,0.028797095466503796,-0.32936978119232707,-0.014096412376551386,-0.02362585724689373,-0.3951745427169277,0.023651168640174566,-0.02402567541613121,-0.057103653912356264,0.07595799183234017,-0.023868829258104633,-0.05691896385667858,-0.07589366433108122,-0.00046887884781473166,0.00031304978106686584,-0.00015460560166369024,0.00536270491353661,-2.9471443564266503e-05,-0.0001102739430935782,-0.007306571760751628,-0.00568842895957616,-1.0213716385571333e-05,-1.6027349845069087e-05,-5.469975741885852e-05,-1.4985494941010651e-06,-0.0005547339090590307,-6.57139059164147e-05,4.088885588083524e-05,2.639453061567561e-05,6.572720831328755e-06,6.246194371389174e-05,5.608051951577256e-06,2.493166534135243e-05,0.001451638609345483,-0.0002361087502991008,1.2630819940102278e-05,1.182767563139689e-06,-5.687845611557895e-05,2.0097253301938e-05,0.00011411111274060505,-1.2017528937502176e-05,-6.052788173194021e-06,-7.397355226283368e-06,2.305180495474061e-06,-0.02963072437654821,-0.04091153629264513,0.013455991724926824,0.002155387880721335,0.017611445706108463,0.004106929061858317,0.6459403823209986,-5.498771523477098e-05,0.27130341296698957,nan,nan,nan,nan,nan,nan
849,4.249999999999932,Standing,0.88855274242381,0.44646020161031136,1.5715464580860616,-2.0923201010793036,0.004309807731572066,-0.41178255385731544,-1.4871947307165527,0.958018383973528,0.0231829401143417,0.02582935725238647,0.016725053750704957,0.027779462214218925,-0.3509635013994253,0.011582731731003937,-0.02193838699921283,-0.39540284954547994,-0.024111985048116548,-2.0975866291634087,0.004488473641461108,-0.40799123296236767,-1.2356291084845294,-0.6753619315901462,0.032175062352864596,0.025351880235002282,0.02017716744082194,0.028797153104279487,-0.32937114419647673,-0.014096246312544828,-0.02362575597663983,-0.39517448653014714,0.023651154154578566,-0.024134144678372303,-0.05698060590272663,0.07594888469231557,-0.02399348560323911,-0.05711459701619981,-0.07595534261221128,-0.00022259776306566013,0.00014511733738332085,-1.682739120375195e-05,-0.0009423227825030569,1.1135608655848677e-05,2.2351752990026685e-05,0.0017617608354193615,0.0025251932734891083,-4.3202326932573296e-05,7.345865681028026e-06,2.196772830043034e-06,-1.1550750231761446e-06,0.0001147318274547811,1.3569427858985564e-05,-1.0775981311293317e-05,-5.060198312991099e-06,-1.3579304953949354e-06,0.0025655162972950552,-3.1516959183907707e-06,-4.551858518843903e-05,-0.003586542562321606,0.0003125228038688729,-2.0791790502078033e-05,-5.422720254184707e-06,-6.177699640243544e-05,1.1527555138269655e-05,-0.0002726008299365449,3.3212801311770904e-05,2.0254050780325382e-05,1.1237356111814471e-05,-2.8971192000105193e-06,-0.02169385244821851,0.024609601925926428,-0.0018214280049208154,-0.024931269026895166,-0.03912663190424649,-0.012335656226012025,0.6459390681368576,-5.4990421683926255e-05,0.2713044722476937,nan,nan,nan,nan,nan,nan
850,4.2549999999999315,Standing,0.8885548654723306,0.44645885061654855,1.571547279291001,-2.092334800880041,0.0043098658221831666,-0.4117822889150696,-1.487176644464948,0.9580295032184775,0.023183126356159916,0.025829376914073384,0.016725158620094122,0.02777946758057538,-0.35096212824149153,0.011582894424353656,-0.021938490739570143,-0.3954029147396103,-0.024112001325375304,-2.0975983882819755,0.004488458577661582,-0.4079910204784532,-1.2356144989193174,-0.6753510969397879,0.03217516499801651,0.025351890864638883,0.02017704098881813,0.0287972150504521,-0.32937006942757335,-0.014096369071844635,-0.02362584057203426,-0.39517454268762203,0.02365117081243717,-0.024172537480785714,-0.05687455265072925,0.07593227651785364,-0.02410901931871423,-0.05694405655126419,-0.07593734107838968,0.00042460970413362445,-0.00027019875255780853,0.00016424098789840334,-0.0029399601474927785,1.1618122220174414e-05,5.2988449158513186e-05,0.003617250320943284,0.002223848989891065,3.7248363643788983e-05,3.932337382617512e-06,2.0973877833376523e-05,1.0732712911911776e-06,0.0002746315867509997,3.253866994393761e-05,-2.0748071462569496e-05,-1.3038826073670674e-05,-3.2554517515507827e-06,-0.0023518237133476217,-3.0127599053157234e-06,4.249678289060881e-05,0.0029219130424027687,0.002166930071659318,2.0529030382498918e-05,2.125927320422008e-06,-2.5290400762511024e-05,1.238923452227321e-05,0.0002149537806714532,-2.4551859961502632e-05,-1.6919078885744652e-05,-1.1231494979776042e-05,3.3315717207824165e-06,-0.0076785604826822475,0.02121065039947626,-0.0033216348923877726,-0.02310674309502394,0.034108092987124916,0.0036003067643191958,0.6459382961775064,-5.49885268993601e-05,0.2713050358975896,nan,nan,nan,nan,nan,nan
851,4.259999999999931,Standing,0.8885555757270788,0.4464583977100814,1.57154735254771,-2.0923351768493714,0.00430985592901725,-0.4117822701159302,-1.4871768892105235,0.9580265243838821,0.023183037401121712,0.02582939438706065,0.01672516650880985,0.027779471089121172,-0.3509620926327318,0.011582898617731756,-0.021938485924444293,-0.39540291741297795,-0.024112001746580135,-2.097603254013795,0.004488458582239863,-0.40799091586294267,-1.2356066853311216,-0.6753508217028887,0.032175225123585886,0.025351902641743085,0.02017725544508777,0.028797175234421844,-0.32936943378169936,-0.014096447433136775,-0.02362588708344525,-0.3951745598648543,0.023651169956062503,-0.024187917709481116,-0.05689105057549315,0.07593824896612282,-0.024155565596248114,-0.05685526221370649,-0.07592579497141828,0.00014205094961608754,-9.05812934293822e-05,1.4651341774090277e-05,-7.519386605449058e-05,-1.9786331833703277e-06,3.7598278777141388e-06,-4.8949115138449076e-05,-0.0005957669190749001,-1.779100764092194e-05,3.4945974530395496e-06,1.5777431457031494e-06,7.017091583568865e-07,7.121751942769838e-06,8.386756200492331e-07,9.630251697564877e-07,-5.346735287638067e-07,-8.424096625322572e-08,-0.0009731463639081948,9.156563081496359e-10,2.0923102109383536e-05,0.001562717639163253,5.504737982357875e-05,1.2025113875446523e-05,2.3554208404858447e-06,4.289125392859444e-05,-7.963206050848569e-06,0.00012712917479495138,-1.567225842792284e-05,-9.302282197983097e-06,-3.4354464494225547e-06,-1.7127493285488544e-07,-0.0030760457390805645,-0.0032995849527808797,0.0011944896538355664,-0.00930925550677649,0.017758867511539447,0.0023092213942769745,0.6459394180452267,-5.498836610268649e-05,0.2713040458460239,nan,nan,nan,nan,nan,nan
852,4.264999999999931,Standing,0.8885546123099647,0.4464590205937373,1.571546933210768,-2.092326996660502,0.004309820052505519,-0.4117824043712012,-1.4871868743417425,0.9580193928326365,0.023182704954206487,0.025829415377916366,0.016725101396395506,0.027779468897372973,-0.35096283563300174,0.011582810622630951,-0.021938427852476253,-0.39540288291176445,-0.02411199294528874,-2.097598663300252,0.004488465010186665,-0.40799096830559456,-1.2356106970730913,-0.6753507113540012,0.0321752153589298,0.025351897617249795,0.020177429814826307,0.028797126343800692,-0.32936969747505784,-0.014096419606831442,-0.023625864702576386,-0.3951745400262463,0.023651158929293252,-0.024184045558364602,-0.05695423894253699,0.07595116048452231,-0.02418297096616844,-0.05689776137307741,-0.07593924280893445,-0.00019268342281199182,0.00012457673118989384,-8.386738837116226e-05,0.0016360377738654395,-7.1753023461346795e-06,-2.6851054202737653e-05,-0.0019970262437779837,-0.0014263102491219692,-6.648938304480729e-05,4.198171143586376e-06,-1.3022482868796705e-05,-4.383496397630927e-07,-0.0001486000539831066,-1.7599020160925886e-05,1.1614393607677384e-05,6.900242704225708e-06,1.7602582795762747e-06,0.0009181427085889931,1.2855893604856023e-06,-1.0488530374034406e-05,-0.0008023483939674282,2.2069777527193388e-05,-1.9529312168734173e-06,-1.0048986579237195e-06,3.4873947707058164e-05,-9.778124230602446e-06,-5.273867169390122e-05,5.5652610664069315e-06,4.4761737725283755e-06,3.9677215933425105e-06,-2.205353849943833e-06,0.0007744302233026247,-0.012637673408768167,0.0025823036799001737,-0.0054810739840650095,-0.008499831874183576,-0.0026895675032320974,0.6459399077077097,-5.4988784966802275e-05,0.27130366366014147,nan,nan,nan,nan,nan,nan
853,4.269999999999931,Standing,0.8885537045889904,0.4464596108656888,1.5715467214918835,-2.092322908466749,0.004309809780879391,-0.41178246609619323,-1.4871909546040436,0.9580182048837086,0.023182350271679763,0.025829448537714343,0.016725060145846956,0.02777946532296312,-0.3509631737012407,0.011582770684077435,-0.02193840651763874,-0.395402867405191,-0.024111988951687653,-2.09759387636309,0.004488469245188081,-0.40799105021663823,-1.235616173641509,-0.6753489428552975,0.03217518557584276,0.025351889967656627,0.020177660727068555,0.028797055040799796,-0.3293701126910307,-0.0140963756436151,-0.023625835624330033,-0.3951745198220834,0.023651150146605706,-0.024159096489822146,-0.05697723118934291,0.07595211985289038,-0.024183098343000295,-0.05696162376060683,-0.07595290532257122,-0.0001815441948471297,0.00011805439029752656,-4.2343776941811205e-05,0.0008176387505953688,-2.054325225475344e-06,-1.2344998400807963e-05,-0.0008160524602234412,-0.000237589785577121,-7.093650534475113e-05,6.6319595950598796e-06,-8.250109709807435e-06,-7.148819701293994e-07,-6.761364778784128e-05,-7.987710703123275e-06,4.266967502424934e-06,3.1013146951195506e-06,7.987202171598942e-07,0.000957387432486813,8.47000283065763e-07,-1.6382208733186375e-05,-0.0010953136835424194,0.00035369974073308155,-5.956617409379488e-06,-1.5299186331351959e-06,4.6182448449346836e-05,-1.4260600179114426e-05,-8.304319457146538e-05,8.792643268408153e-06,5.815649270444306e-06,4.040832577650569e-06,-1.7565375093123994e-06,0.004989813708491379,-0.004598449361184679,0.00019187367361354077,-2.54753663712819e-05,-0.012772477505884061,-0.002732502727353942,0.6459394206228916,-5.498885201326821e-05,0.27130407660536954,nan,nan,nan,nan,nan,nan
854,4.274999999999931,Standing,0.8885538136974604,0.4464595436982421,1.571546889843734,-2.0923259828457823,0.0043098285676172405,-0.4117823978154111,-1.4871861741626684,0.9580226042422451,0.023182158104575242,0.02582948271080495,0.01672508030994384,0.027779464605708935,-0.35096283212575624,0.011582811244956123,-0.021938435343725905,-0.39540288407502133,-0.024111993010993742,-2.097594253106401,0.00448846869404377,-0.4079910654398599,-1.2356161498278126,-0.6753473686316763,0.03217518105571204,0.025351890551600604,0.020177980811637145,0.028796965806103067,-0.32937012809832267,-0.014096380728210529,-0.02362583918258295,-0.3951745192597322,0.023651148551881135,-0.024122537550862112,-0.05695426749066035,0.07594139622814226,-0.024158270782313876,-0.056969431184812146,-0.07595060927549813,2.182169401191664e-05,-1.3433489342378038e-05,3.3670370094214045e-05,-0.00061487580665296,3.757347569814216e-06,1.3656156423998936e-05,0.0009560882750425949,0.0008798717073037058,-3.843342090445361e-05,6.834618121218983e-06,4.032819377212279e-06,-1.4345083726744456e-07,6.83150968920652e-05,8.11217573771261e-06,-5.765217432728603e-06,-3.3339660660923652e-06,-8.118612177186385e-07,-7.534866226028625e-05,-1.1022886211211064e-07,-3.0446443332972224e-06,4.762739247599502e-06,0.0003148447242211351,-9.040261424796988e-07,1.1678879552681701e-07,6.401691371803144e-05,-1.784693934603405e-05,-3.0814583908216856e-06,-1.016919085811672e-06,-7.11650583868315e-07,1.1247024060106202e-07,-3.1894491414277133e-07,0.007311787792006835,0.00459273973651282,-0.0021447249496240324,0.0049655121372841424,-0.001561484841062475,0.0004592094146184688,0.645938859488838,-5.498857672426274e-05,0.271304501147443,nan,nan,nan,nan,nan,nan
855,4.279999999999931,Standing,0.8885543502017519,0.44645919363726544,1.571547103803668,-2.0923296705895487,0.004309843772026626,-0.4117823206093124,-1.4871812426122866,0.9580257387870345,0.023182124683244487,0.025829500158964267,0.016725115874053283,0.02777946605102612,-0.35096244744998173,0.011582856834785863,-0.021938462894890463,-0.395402902747069,-0.0241119975728994,-2.0975972280189485,0.00448846831337614,-0.407991036819601,-1.2356128349229731,-0.675348351191166,0.03217519665194094,0.025351897009260726,0.020178359739484404,0.028796866239667512,-0.329369880501106,-0.014096417990385211,-0.023625860253214122,-0.39517452952025545,0.02365115049102899,-0.024083886453555737,-0.05693866821205367,0.07593192850770236,-0.024120692387990875,-0.05693995435727859,-0.07593831645234195,0.00010730085829603077,-7.001219533131535e-05,4.2791986798532825e-05,-0.0007375487532364865,3.0408818771100967e-06,1.544121973946702e-05,0.0009863100763755845,0.0006269089578853078,-6.684266150670627e-06,3.4896318631162935e-06,7.112821888319898e-06,2.890634374125947e-07,7.69351549014281e-05,9.117965947970864e-06,-5.510232911853908e-06,-3.7344095371475484e-06,-9.123811315482045e-07,-0.0005949825094745375,-7.613352599079795e-08,5.7240517726640755e-06,0.0006629809678860914,-0.00019651189792183564,3.1192457796960145e-06,1.2915320242058362e-06,7.578556945209562e-05,-1.991328711097776e-05,4.9519443332205105e-05,-7.452434936668204e-06,-4.214126233905574e-06,-2.052104656713775e-06,3.878295712595396e-07,0.007730219461274741,0.0031198557213353998,-0.0018935440879793192,0.007515678864600097,0.005895365506711181,0.002458564631237148,0.645938847566783,-5.4988329583547346e-05,0.27130446179769807,nan,nan,nan,nan,nan,nan
856,4.284999999999931,Standing,0.8885544088252225,0.44645914972000983,1.5715470901268527,-2.0923288853345094,0.00430983769836361,-0.41178232989060565,-1.4871822307921776,0.9580245875777208,0.02318213890717614,0.025829498135607705,0.016725118919301764,0.027779466545130756,-0.3509625026251459,0.011582850271697982,-0.021938456008948854,-0.39540290036857906,-0.02411199691716328,-2.0975980656430577,0.004488470084230106,-0.4079910259420336,-1.2356114172003498,-0.6753526447070439,0.032175202246176246,0.025351902059357154,0.02017854457889449,0.028796820171090694,-0.32936976118453537,-0.014096436264766053,-0.023625867887987956,-0.3951745353476949,0.023651151762049773,-0.02405060439952764,-0.056957024221420766,0.07593058101534364,-0.024082441267191206,-0.05693164006892241,-0.0759304481862669,1.1724694137257952e-05,-8.783451121749467e-06,-2.735363026544623e-06,0.0001570510078730651,-1.2147326030914052e-06,-1.8562586417631993e-06,-0.00019763597819963678,-0.00023024186272002298,2.844786330983725e-06,-4.046713123953622e-07,6.090496958844531e-07,9.882092731560904e-08,-1.1035032836297204e-05,-1.3126175762158157e-06,1.3771883218089423e-06,4.756979903622981e-07,1.311472242156925e-07,-0.00016752482185111869,3.541707932939442e-07,2.1755134839648256e-06,0.0002835445246604164,-0.0008587031755856665,1.1188470610277947e-06,1.0100192855340412e-06,3.69678820172902e-05,-9.213715363806449e-06,2.386331412072757e-05,-3.654876168399477e-06,-1.5269547669658407e-06,-1.1654878969197952e-06,2.5420415667173967e-07,0.006656410805619426,-0.003671201873418308,-0.00026949847174338086,0.007650224159933376,0.0016628576712356185,0.0015736532150078392,0.6459391303402282,-5.498835864773485e-05,0.2713042086954358,nan,nan,nan,nan,nan,nan
857,4.289999999999931,Standing,0.8885541324857498,0.4464593184466935,1.5715469877482569,-2.0923270132196663,0.00430983053775665,-0.41178236178869143,-1.4871844044714222,0.9580234938646499,0.023182160804380354,0.02582949051635067,0.016725112003743697,0.027779465770644704,-0.3509626620458233,0.01158283136059588,-0.021938443126684207,-0.3954028927790276,-0.024111995025575757,-2.09759662228285,0.004488471385441341,-0.4079910513181788,-1.2356131759464126,-0.6753560873777597,0.032175192416804416,0.02535190051069866,0.02017863600676161,0.028796794196169522,-0.3293698881141802,-0.014096423825350297,-0.0236258555793259,-0.39517453525640067,0.02365115293926346,-0.024019294660961626,-0.056975831726651154,0.07592963382415506,-0.02404984599119342,-0.05695627250493171,-0.07593051405217488,-5.5267894545379785e-05,3.374533673716688e-05,-2.0475719145634115e-05,0.00037442296859513304,-1.4321213921710993e-06,-6.379617160727119e-06,-0.00043473584890290414,-0.00021874261417405416,4.379440842426525e-06,-1.5238514067342167e-06,-1.3831116132897679e-06,-1.548972100886055e-07,-3.188413548254514e-05,-3.7822204204599664e-06,2.5764529292346896e-06,1.5179102915243063e-06,3.7831750433972185e-07,0.0002886720415798595,2.602422469797107e-07,-5.075229038970742e-06,-0.00035174921254612637,-0.0006885341431424497,-1.9658743658203825e-06,-3.0973169829263673e-07,1.8285573423483374e-05,-5.194984234279607e-06,-2.538592897154868e-05,2.4878831510640407e-06,2.4617324111768414e-06,1.825885191054138e-08,2.3544273750214972e-07,0.006261947713202818,-0.003761501046077295,-0.0001894382377158887,0.006519055199557132,-0.004926487201860796,-1.317318159529718e-05,0.6459391800552131,-5.498853553945654e-05,0.27130416874457663,nan,nan,nan,nan,nan,nan
858,4.294999999999931,Standing,0.888554203642619,0.4464592603228071,1.5715470190854082,-2.0923283203051537,0.004309838491839436,-0.41178233699398836,-1.4871825658014735,0.9580253596504359,0.023182241600939638,0.025829484325217856,0.01672513298635896,0.027779465915509546,-0.3509625222839994,0.011582847903590399,-0.021938453383327047,-0.39540289928548544,-0.02411199667967596,-2.097596390318135,0.004488469564010643,-0.40799106466497337,-1.2356141303077413,-0.675358025421612,0.03217518783029653,0.02535189841680738,0.02017869709084311,0.028796776820433214,-0.3293699654459723,-0.01409641666874021,-0.023625847957677505,-0.3951745402415835,0.023651156488890934,-0.023988120492981716,-0.056969536186566486,0.07592333194358124,-0.024017591929610317,-0.05697216740843309,-0.07592875950179753,1.4231373829731297e-05,-1.1624777282800308e-05,6.267430255919037e-06,-0.00026141709744734415,1.5908165573719249e-06,4.9589406146705894e-06,0.0003677339897376037,0.0003731571571883779,1.6159311856853694e-05,-1.2382265629666834e-06,4.1965230525725085e-06,2.897296849506931e-08,2.795236478941003e-05,3.3085989037244405e-06,-2.051328567810199e-06,-1.3012915656180197e-06,-3.3082004054895997e-07,4.639294303483395e-05,-3.6428613961541916e-07,-2.669358908599976e-06,-0.0001908722657471596,-0.00038760877046918303,-9.173015776252742e-07,-4.187782559184761e-07,1.221681630016322e-05,-3.4751472618867548e-06,-1.5466358415451693e-05,1.4313220173807639e-06,1.5243296794773951e-06,-9.970365684240995e-07,7.099254950050001e-07,0.006234833595982272,0.001259108016933557,-0.0012603761147639459,0.006450812316620482,-0.0031789807002761054,0.00035091007546974505,0.6459390277891861,-5.498853198752453e-05,0.2713042934306803,nan,nan,nan,nan,nan,nan
859,4.2999999999999305,Standing,0.8885544204033449,0.4464591043411825,1.5715470722433755,-2.0923294227318046,0.004309841765086504,-0.4117823213930084,-1.4871814078217451,0.958026116604617,0.02318237478573683,0.025829470691909003,0.016725151929943807,0.02777946674236022,-0.3509624266479554,0.011582859215228603,-0.021938459476643423,-0.39540290372118847,-0.024111997810059644,-2.097597590547739,0.00448846987671208,-0.4079910518836655,-1.235613615241933,-0.6753550347923115,0.03217520021652153,0.02535189457977694,0.020178797343697458,0.028796749592437085,-0.3293699357831418,-0.014096422714533936,-0.02362584880902067,-0.3951745489546717,0.0236511609610432,-0.023960948423401074,-0.056970256443796566,0.0759191823699288,-0.023985085973535714,-0.05696394521904391,-0.07592181437490617,4.335214518488609e-05,-3.1196324906998445e-05,1.0631593455896648e-05,-0.0002204853301766528,6.546494134771486e-07,3.120195992255681e-06,0.0002315959456546266,0.00015139083623238862,2.6636959437818713e-05,-2.7266617709910257e-06,3.788716969426512e-06,1.6537013516995493e-07,1.912720879005858e-05,2.2623276410055397e-06,-1.2186632748596136e-06,-8.871406080451783e-07,-2.2607673675068498e-07,-0.0002400459208128074,6.254028732511058e-08,2.5562615678883855e-06,0.00010301316163167782,0.0005981258600963808,2.477245000473645e-06,-7.674060879026527e-07,2.005057086991067e-05,-5.445599225921209e-06,5.932566104837188e-06,-1.2091587454944078e-06,-1.7026863351008485e-07,-1.7426176364713676e-06,8.94430453548876e-07,0.005434413916128469,-0.00014405144601642265,-0.0008299147304883161,0.006501191214920473,0.0016444378778357207,0.001389025378273985,0.6459390584614209,-5.4988397400216774e-05,0.27130426480140807,nan,nan,nan,nan,nan,nan
860,4.30499999999993,Standing,0.8885543677252623,0.4464591223363284,1.5715470288125288,-2.092328529792522,0.004309836252604791,-0.41178234469496516,-1.4871828449139057,0.9580251850245564,0.023182498530602468,0.025829451766611458,0.01672515106636854,0.027779466851270775,-0.3509625300735426,0.011582846941240564,-0.021938450910964167,-0.39540289866024014,-0.02411199658109105,-2.0975974900632424,0.0044884734942182685,-0.40799106818222697,-1.235614704632125,-0.6753529568076309,0.032175196454749984,0.025351891404272447,0.0201789216185183,0.0287967125722046,-0.3293700245247037,-0.014096415562368646,-0.023625842972032088,-0.3951745451470873,0.0236511602145765,-0.023938806295519286,-0.05698376768610771,0.07591855667911458,-0.023957699057885473,-0.05696890895711098,-0.07591851570143845,-1.0535616511862727e-05,3.5990291702960383e-06,-8.686169328059937e-06,0.00017858785654684898,-1.1024963424694952e-06,-4.660391350729764e-06,-0.0002874184321138199,-0.00018631601213099403,2.4748973127914304e-05,-3.7850595088482116e-06,-1.7271505323484997e-07,2.178211070971896e-08,-2.0685117444220862e-05,-2.454797607981426e-06,1.7131358512580017e-06,1.0121896672703542e-06,2.457937188104062e-07,2.0096899308886737e-05,7.235012377511708e-07,-3.259712293679012e-06,-0.00021787803840525848,0.00041559693613527077,-7.523543096416537e-07,-6.351008991209054e-07,2.48549641684477e-05,-7.404046497357363e-06,-1.7748312386792785e-05,1.4304330579868557e-06,1.1673977169581004e-06,7.615168837154576e-07,-1.492933404397185e-07,0.004428425576357688,-0.002702248462229453,-0.00012513816284302748,0.005477383130048258,-0.000992747613414275,0.000659734693541521,0.645939190038805,-5.498845693051303e-05,0.27130416502752447,nan,nan,nan,nan,nan,nan
861,4.30999999999993,Standing,0.8885545016399197,0.44645901699719764,1.5715470503805873,-2.092329899589202,0.004309843229689716,-0.41178232375140195,-1.487181266249669,0.9580266364743231,0.023182630790357754,0.02582943849482869,0.01672517068742122,0.02777946755851229,-0.3509624084080654,0.011582861335457498,-0.021938459494864115,-0.39540290422647334,-0.02411199801913296,-2.097597343772582,0.0044884753308099285,-0.4079911007285987,-1.2356166314874424,-0.6753507822452164,0.03217518283933863,0.025351888237282794,0.020179064367244533,0.02879666771741823,-0.32937018173192606,-0.014096400951907756,-0.02362583441741513,-0.3951745350838746,0.023651157251716282,-0.023917426416794795,-0.05697681185618126,0.07591367015398112,-0.02393482235109745,-0.05698175829436302,-0.07591760625182607,2.6782931477814405e-05,-2.1067826147964692e-05,4.31361170490725e-06,-0.00027395933603309143,1.3954169849924486e-06,4.188712641145041e-06,0.0003157328473130192,0.000290289953344139,2.6451951057501316e-05,-2.654356553276367e-06,3.924210536662817e-06,1.4144830294627294e-07,2.4333095441814173e-05,2.8788433868078593e-06,-1.7167799900357228e-06,-1.1132466354499971e-06,-2.8760838234247165e-07,2.925813212369125e-05,3.673183319870404e-07,-6.509274342468761e-06,-0.00038537106345542903,0.0004349124828927057,-2.7230822708282374e-06,-6.333979305370819e-07,2.854974524653715e-05,-8.970957273389628e-06,-3.144144446837636e-05,2.9220921780838323e-06,1.7109233921912022e-06,2.0126425257502243e-06,-5.925720432913126e-07,0.004275975744898198,0.0013911659852899444,-0.000977305026691307,0.0045753413576047255,-0.002569867450407771,0.00018188992247622233,0.6459391782858768,-5.498853856235438e-05,0.2713041927736398,nan,nan,nan,nan,nan,nan
862,4.31499999999993,Standing,0.8885545238981108,0.44645898911623694,1.5715470325384986,-2.0923291333959253,0.004309836731134239,-0.4117823489580313,-1.4871827611699506,0.9580253921427899,0.023182759848296562,0.025829418588776073,0.016725166075124528,0.027779467903522884,-0.35096251877253415,0.011582848260167812,-0.021938450961652478,-0.3954028988761841,-0.024111996709753728,-2.097597949630221,0.004488480949808711,-0.40799111875445604,-1.2356171089781764,-0.6753498944750546,0.0321751731397377,0.025351888729212815,0.020179237617832718,0.028796616125415835,-0.32937023066753374,-0.014096399784985248,-0.023625834494763232,-0.39517452798866093,0.02365115502680884,-0.023901713617458676,-0.05699061459740661,0.07591414307834754,-0.023912426284736103,-0.05697424529465519,-0.07591242758207431,4.4516382408205035e-06,-5.576192140137438e-06,-3.5684177458366618e-06,0.000153238655346336,-1.2997110952976297e-06,-5.041325864397865e-06,-0.00029898405629369634,-0.0002488663066214417,2.5811587761660696e-05,-3.981210524047739e-06,-9.224593388969373e-07,6.900211868879182e-08,-2.207289374628154e-05,-2.6150579371122394e-06,1.7066423274411195e-06,1.0700578523847253e-06,2.6187584687760155e-07,-0.00012117152785547422,1.1237997565787978e-06,-3.6051714754903908e-06,-9.549814680353007e-05,0.00017755403237422907,-1.9399201849090123e-06,9.838600430022779e-08,3.4650117637119774e-05,-1.0318400478849674e-05,-9.787121533370562e-06,2.3338450148485072e-07,-1.5469620426423296e-08,1.4190427423105324e-06,-4.449814885506242e-07,0.003142559867223946,-0.00276054824507036,9.45848732822629e-05,0.004479213272269264,0.0015025999415660867,0.0010357339503534188,0.645939269787564,-5.498841549950504e-05,0.27130414113669615,nan,nan,nan,nan,nan,nan
863,4.31999999999993,Standing,0.8885547568500497,0.44645881971131546,1.5715470744592164,-2.0923315441043013,0.004309849295553641,-0.41178230681431005,-1.487179827203485,0.9580277614850103,0.02318289246806102,0.02582940855020689,0.016725194213439213,0.02777946914238595,-0.3509622936439924,0.01158287490951797,-0.021938467028121595,-0.3954029093572764,-0.02411199937326965,-2.0975976391477533,0.004488482484375101,-0.4079911704792741,-1.2356198506091334,-0.6753503143130257,0.03217514583049519,0.025351887288102025,0.020179420156679968,0.028796556777873506,-0.329370452450774,-0.01409637877227305,-0.023625822389179155,-0.3951745128682941,0.02365115109738605,-0.023885232233897487,-0.056973571500504916,0.0759078491753546,-0.023897080234848666,-0.056992009481819754,-0.07591378383550543,4.6590387759281714e-05,-3.3880984294980416e-05,8.384143541978128e-06,-0.00048214167520507735,2.5128838803553685e-06,8.428744246938336e-06,0.0005867932931256524,0.0004738684440834652,2.652395289142377e-05,-2.007713836932439e-06,5.627662936944496e-06,2.4777261388239494e-07,4.502570834937094e-05,5.329870031532113e-06,-3.2132938231849966e-06,-2.096218467026522e-06,-5.327031840086568e-07,6.209649351935197e-05,3.069132778897379e-07,-1.0344963613198317e-05,-0.0005483261913951456,-8.396759423639713e-05,-5.461848502036505e-06,-2.882221576390329e-07,3.6507769450016196e-05,-1.1869508466020078e-05,-4.435664804965946e-05,4.202542439348087e-06,2.421116815135633e-06,3.0240733732846893e-06,-7.858845578725608e-07,0.0032962767122377006,0.003408619380339177,-0.0012587805985866376,0.00306920997748745,-0.003552837432913459,-0.0002712506862231224,0.6459393012894722,-5.498857642733532e-05,0.27130414291979177,nan,nan,nan,nan,nan,nan
864,4.32499999999993,Standing,0.8885543813514849,0.4464590590436011,1.5715469414413734,-2.0923263275379487,0.004309818540550334,-0.4117824239585254,-1.4871873688141237,0.9580217955144573,0.02318296230397351,0.025829381323693064,0.01672513779067123,0.027779467891247182,-0.35096286923370024,0.011582806752013133,-0.02193842518822807,-0.3954028820103207,-0.024111992555215404,-2.0975983067500485,0.004488493914667756,-0.40799117863843853,-1.2356194050525349,-0.6753514964484787,0.03217513773435862,0.025351890103898062,0.020179607395186205,0.028796501193954393,-0.32937043398828564,-0.014096385972879733,-0.023625826049059964,-0.3951745106837163,0.023651151706040475,-0.02388354637624886,-0.057023989713736005,0.07591845710127502,-0.023879322450978794,-0.056965688179463084,-0.07590530121699265,-7.509971295516217e-05,4.786645713377723e-05,-2.6603568588662274e-05,0.0010433132705615835,-6.1510006614931526e-06,-2.3428843062357786e-05,-0.0015083221277349343,-0.00119319411059609,1.3967182498412475e-05,-5.445302764665016e-06,-1.1284553596420566e-05,-2.502277536925601e-07,-0.00011511794157133013,-1.3631500967178123e-05,8.367978705389038e-06,5.469391135541773e-06,1.3636108492498716e-06,-0.0001335204590269694,2.2860585310450143e-06,-1.6318328854851626e-06,8.911131969570416e-05,-0.00023642709058763157,-1.6192273129786793e-06,5.631592071861841e-07,3.7447701247458046e-05,-1.1116783822429102e-05,3.6924976755418545e-06,-1.440121336389665e-06,-7.319761617024806e-07,4.3691555728297973e-07,1.2173088502067846e-07,0.00033717152972529774,-0.01008364264621744,0.002121585184082714,0.0035515567739743377,0.005264260471334141,0.0016965237025544657,0.6459394567479922,-5.4988341719110144e-05,0.27130405434278754,nan,nan,nan,nan,nan,nan
865,4.32999999999993,Standing,0.8885557799843535,0.44645811496586246,1.5715473179946093,-2.0923423636059213,0.004309906827099155,-0.4117820980234344,-1.487165849996816,0.9580384423893913,0.02318318359273437,0.025829404924563634,0.016725311586616484,0.027779473899622195,-0.35096122241138317,0.011583001710018779,-0.021938544015023924,-0.39540295946187093,-0.02411201205141997,-2.0975970447421015,0.004488478593042975,-0.40799130171630427,-1.235627322257067,-0.6753526301021104,0.03217507409809144,0.025351881722409965,0.02017975827582639,0.028796438385365476,-0.3293710576914746,-0.01409631763110184,-0.023625785940596604,-0.39517448017324974,0.023651145600242385,-0.023894601019810623,-0.056877306911759656,0.0758885756133443,-0.023889881330591854,-0.057044179577312885,-0.07592383603797835,0.00027972657371764734,-0.00018881554772769198,7.531064719007528e-05,-0.003207213594483018,1.7657309764355094e-05,6.518701819448116e-05,0.004303763461579475,0.003329374986801115,4.425775217232132e-05,4.720174114055976e-06,3.4759189050937045e-05,1.201675002348702e-06,0.0003293644634091747,3.899160112900976e-05,-2.376535917077928e-05,-1.549031004351828e-05,-3.8992409137881146e-06,0.0002524015894127114,-3.0643249563405207e-06,-2.4615573151336037e-05,-0.001583440906444801,-0.00022673072635625853,-1.2727253435623477e-05,-1.6762976193404834e-06,3.017612803681318e-05,-1.2561717783354533e-05,-0.0001247406377997263,1.3668355578603886e-05,8.02169267159948e-06,6.1020933125048036e-06,-1.2211596177655456e-06,-0.0022109287123523416,0.029336560395269454,-0.005976297586144728,-0.0021117759226123587,-0.015698279569960737,-0.0037069641971392508,0.6459392583862077,-5.498892280298544e-05,0.27130424787541535,nan,nan,nan,nan,nan,nan
866,4.33499999999993,Standing,0.8885546077066083,0.4464589044929195,1.5715468568103932,-2.092320586948166,0.004309773043946109,-0.41178256441422906,-1.4871969397335632,0.9580117241102862,0.02318320169575964,0.02582933176688326,0.01672508931440759,0.02777946993645796,-0.35096356339946233,0.011582724387714606,-0.021938369782356453,-0.39540284795225894,-0.02411198431226441,-2.097603953337484,0.0044885131196702385,-0.40799112937594506,-1.2356141072694642,-0.6753544622474128,0.03217514929351684,0.02535190051209659,0.020179910462219532,0.028796415661225882,-0.32937006590196105,-0.01409643767316171,-0.02362585571107312,-0.39517452522005186,0.023651160908276812,-0.02404823766931168,-0.05706554052006316,0.07595359351136853,-0.023932880887958096,-0.05684106122129992,-0.07588710539387389,-0.00023445554904750104,0.0001579054114031312,-9.223684321653031e-05,0.0043553315510126075,-2.6756630609245933e-05,-9.327815893075581e-05,-0.006217947349464771,-0.005343655821000323,3.6206050539252456e-06,-1.4631536074786154e-05,-4.445444177938888e-05,-7.926328469985857e-07,-0.00046819761582736204,-5.546446083455617e-05,3.4846533494286554e-05,2.2301922396862533e-05,5.54783111249464e-06,-0.0013817190764927071,6.90532545269356e-06,3.4468071846366485e-05,0.0026429975205849525,-0.00036642906047919884,1.5039085079585414e-05,3.7579373250204214e-06,3.0437278628820737e-05,-4.544827918540619e-06,0.0001983579027110368,-2.4008411974117558e-05,-1.395409530329632e-05,-9.009360427827471e-06,3.061606885307904e-06,-0.03072732990021089,-0.037646721660700225,0.013003579604845585,-0.008599911473248279,0.040623671202592734,0.007346128820893534,0.6459400930251276,-5.498742569688445e-05,0.2713036330193818,nan,nan,nan,nan,nan,nan
867,4.33999999999993,Standing,0.8885535450597956,0.4464595830746218,1.571546638762165,-2.0923211514605438,0.0043098016435338705,-0.41178254349249804,-1.4871945086895393,0.9580181005833517,0.02318298418709231,0.025829355690707535,0.016725068129625858,0.0277794641523153,-0.35096345724686234,0.011582736888618033,-0.021938386823533003,-0.3954028514859996,-0.02411198556417143,-2.097593266001563,0.00448850930140525,-0.40799137097793226,-1.2356308189791056,-0.6753615056017216,0.03217503160909686,0.02535188350574563,0.02017999654436051,0.028796357120547084,-0.32937132964713023,-0.014096293050234751,-0.023625762455748604,-0.39517446499083325,0.02365114636005691,-0.02413325306739401,-0.05700042289132207,0.07595307299304133,-0.024086496917461155,-0.05698049469470764,-0.0759415554658049,-0.00021252936256279024,0.00013571634046699908,-4.3609645627862664e-05,-0.00011290247555437779,5.719917552354236e-06,4.184346198207538e-06,0.0004862088047798514,0.0012752946130897731,-4.350173346617136e-05,4.7847648549601255e-06,-4.236956345849407e-06,-1.156828532394726e-06,2.1230519992539707e-05,2.50018068524409e-06,-3.4082353099160347e-06,-7.067481292173147e-07,-2.5038140417594236e-07,0.002137467184233582,-7.636529978107897e-07,-4.832039743382047e-05,-0.0033423419282743445,-0.0014086708617674954,-2.3536883996416594e-05,-3.4012701917454876e-06,1.7216428195416725e-05,-1.1708135759406365e-05,-0.0002527490338351069,2.892458539185696e-05,1.8651064903699953e-05,1.2045843718426126e-05,-2.9096439805074497e-06,-0.017003079616466146,0.013023525748217905,-0.00010410366544100734,-0.03072320590061147,-0.02788669468154288,-0.010890014386203226,0.6459394789072513,-5.4990422056585394e-05,0.27130416897171633,nan,nan,nan,nan,nan,nan
868,4.34499999999993,Standing,0.8885540675108673,0.44645924500794737,1.5715469493861973,-2.0923303708197447,0.004309852728394728,-0.41178235932011126,-1.487181758562961,0.9580289059195817,0.023183070773719186,0.025829372179461445,0.01672513311692953,0.027779465524743367,-0.35096250857072425,0.01158284931783246,-0.021938459945809306,-0.3954028968102919,-0.02411199681300127,-2.0975922816855905,0.004488499594410205,-0.40799143876779453,-1.23563585881147,-0.6753598662085707,0.03217498142362857,0.025351875327897427,0.020179607741649702,0.02879644858414681,-0.32937177291853,-0.014096234708443522,-0.02362573575328707,-0.39517445433359116,0.02365114960191176,-0.024158867448619576,-0.05690123812995484,0.07593575374843409,-0.02415112655885367,-0.05701616438627901,-0.07595952841751677,0.00010449021433851197,-6.761333488796857e-05,6.212480645367111e-05,-0.0018438718401789886,1.0216972171371678e-05,3.683447736214252e-05,0.0025500253156680447,0.002161067246002606,1.7317325374804062e-05,3.297750782338118e-06,1.2997460734448126e-05,2.744856133078519e-07,0.0001897352276207375,2.2485842885243124e-05,-1.4624455260997865e-05,-9.064858459218327e-06,-2.249765967655362e-06,0.00019686319447486745,-1.941399008993463e-06,-1.3557972450485642e-05,-0.001007966472849463,0.0003278786301729865,-1.0037093658573617e-05,-1.6355696408754346e-06,-7.776054216132828e-05,1.829271994486447e-05,-8.865427994604852e-05,1.1668358246079673e-05,5.340492306394977e-06,2.1314484203489983e-06,6.483709699217362e-07,-0.0051228762451131955,0.019836952273446357,-0.0034638489214474503,-0.012925928278502984,-0.00713393831427455,-0.0035945903423722616,0.6459388203883398,-5.4988973825919185e-05,0.2713047240528686,nan,nan,nan,nan,nan,nan
869,4.3499999999999295,Standing,0.8885546596827015,0.44645887164157005,1.57154714156712,-2.0923324296396206,0.004309852523552832,-0.41178230993054576,-1.4871793543309166,0.958028843779394,0.023182965580686346,0.025829395701447544,0.016725147798082058,0.02777946854656428,-0.35096229499017295,0.011582874689214066,-0.02193847234178578,-0.3954029080728306,-0.02411199935297355,-2.0975968276204737,0.004488501770836586,-0.4079913764782044,-1.235631153321445,-0.67536031902463,0.03217498969370424,0.025351883075061928,0.020179284229709073,0.028796539814803134,-0.3293714567888818,-0.014096266399523672,-0.023625763863204693,-0.39517447045997933,0.023651158770065996,-0.02416171694759548,-0.0568978029815404,0.07593546064444565,-0.024163992657296716,-0.05694669553801259,-0.07594668246244873,0.00011843436684496978,-7.467327546483753e-05,3.8436184532169855e-05,-0.0004117639751797461,-4.096837925325001e-08,9.877913096648002e-06,0.00048084640887196325,-1.2428037535615333e-05,-2.103860656778243e-05,4.704397219449921e-06,2.9362305050121473e-06,6.043641827826859e-07,4.2716110257344124e-05,5.074276321512288e-06,-2.4791952948000573e-06,-2.2525077405247053e-06,-5.079944563286495e-07,-0.0009091869766619082,4.352852762404746e-07,1.2457918035356365e-05,0.0009410980050007076,-9.056321186962633e-05,1.6540151345481792e-06,1.549432899887506e-06,-6.470238812606996e-05,1.824613126489747e-05,6.322592963555815e-05,-6.3382160302183e-06,-5.621983524444252e-06,-3.2252776329643026e-06,1.8336308468918647e-06,-0.0005698997951807958,0.0006870296828866869,-5.862079768719896e-05,-0.0025732196886091886,0.013893769653283698,0.0025691910136078485,0.6459390472585319,-5.49879359550723e-05,0.2713045396387945,nan,nan,nan,nan,nan,nan
870,4.354999999999929,Standing,0.8885545364486138,0.44645896994643985,1.5715470384604733,-2.0923280001102422,0.004309824729404189,-0.4117823870587874,-1.4871852630617801,0.9580230862132846,0.023182706922489565,0.025829417646616344,0.01672510622784667,0.027779468381616063,-0.3509627273886344,0.011582823562589533,-0.021938438604344856,-0.3954028885886166,-0.02411199424020465,-2.0975989299246365,0.0044885030896195935,-0.4079912896704644,-1.235626879020085,-0.6753603524741454,0.03217501082310127,0.025351888966101455,0.020178406833253087,0.02879679261222723,-0.3293711325068822,-0.014096286646429146,-0.023625787174457104,-0.3951744823743452,0.02365116463679308,-0.02415253308177184,-0.05695015995874734,0.07594529051682328,-0.024148979547284028,-0.056900073622930765,-0.07593428065997104,-2.464681755208493e-05,1.966097395482373e-05,-2.0621329365564442e-05,0.0008859058756712519,-5.55882972850589e-06,-1.5425648325231776e-05,-0.0011817461727015163,-0.0011515132218962722,-5.1731639356215604e-05,4.389033760056918e-06,-8.314047077783094e-06,-3.298964377130625e-08,-8.647969228029836e-05,-1.0225324906503311e-05,6.747488184536776e-06,3.896842787948568e-06,1.0225537802331833e-06,-0.00042046083253469233,2.6375660146127464e-07,1.7361547994457045e-05,0.0008548602719777897,-6.689903085441569e-06,4.225879405943337e-06,1.1782079052789912e-06,-0.00017547929119707893,5.0559484818733284e-05,6.485639991793144e-05,-4.049381094816994e-06,-4.6622504821156835e-06,-2.382873181690685e-06,1.173345416894761e-06,0.0018367731647284296,-0.01047139544138681,0.001965974475527096,0.0030026220025375413,0.009324383016365439,0.002480360495538689,0.6459393859134296,-5.498824081311883e-05,0.2713042813729256,nan,nan,nan,nan,nan,nan
871,4.359999999999929,Standing,0.8885541389938869,0.4464592446823647,1.5715468978965268,-2.092325177580422,0.004309815413299936,-0.41178243042132573,-1.4871883239466201,0.9580212929891155,0.02318243442931145,0.025829444343014398,0.016725076572045517,0.027779466268750178,-0.35096297305378554,0.011582794542287013,-0.021938422234686946,-0.39540287747367475,-0.024111991338804005,-2.09759728732099,0.004488498203458334,-0.40799126278635756,-1.2356273287405262,-0.675359332465158,0.03217501025823403,0.025351887569072817,0.020177477448067457,0.028797053750481923,-0.32937115285517315,-0.014096264778884931,-0.023625784087377324,-0.395174477138781,0.02365116387738366,-0.02412730639346784,-0.05697624947535782,0.07594690902135073,-0.0241293627230432,-0.05692167017387853,-0.07593578047044847,-7.949094538559704e-05,5.494718496969075e-05,-2.811278931383394e-05,0.0005645059640617145,-1.8632208507768722e-06,-8.672507666695914e-06,-0.0006121769680218204,-0.0003586448338181008,-5.4498635623172076e-05,5.33927961048594e-06,-5.931160230555368e-06,-4.2257317718141983e-07,-4.9133030236718096e-05,-5.804060504071859e-06,3.2739315822215827e-06,2.2229883728039794e-06,5.802801291021577e-07,0.00032852072926861577,-9.772322518761594e-07,5.3768213682848906e-06,-8.994408822634605e-05,0.00020400179747279008,-1.1297344934255892e-07,-2.7940572792649326e-07,-0.0001858770371262891,5.222765093909091e-05,-4.069658187796845e-06,4.373508843008782e-06,6.174159555983371e-07,1.047112838512687e-06,-1.5188188352445528e-07,0.0050453376608003185,-0.0052179033220960975,0.00032370090549044446,0.003923364848165528,-0.0043193101895534335,-0.0002999620954858332,0.6459393413350583,-5.498888200970645e-05,0.27130432982104324,nan,nan,nan,nan,nan,nan
872,4.364999999999929,Standing,0.888554114907451,0.4464592731449461,1.5715469182410513,-2.092327184605784,0.004309831674645173,-0.4117823779814944,-1.4871848483546317,0.9580247508375092,0.023182287607108287,0.02582947027766087,0.01672509456075127,0.027779465561069493,-0.3509627204661315,0.01158282449726499,-0.021938442377511296,-0.39540288972071996,-0.02411199433665207,-2.097595703225435,0.004488488976976659,-0.40799125246677953,-1.2356285574308752,-0.6753555986531882,0.03217500648482712,0.025351883771552283,0.0201767257502276,0.028797262625551306,-0.32937124100821696,-0.014096238055491494,-0.023625778064297675,-0.39517446878670054,0.023651161221898493,-0.02409252526775509,-0.056958787680204744,0.07593761056212213,-0.02410408637413976,-0.05696179358759481,-0.07594035383409234,-4.817287186965484e-06,5.69251627950668e-06,4.068904889017442e-06,-0.0004014050723771794,3.2522690475365867e-06,1.0487966263521547e-05,0.0006951183976968807,0.0006915696787219053,-2.9364440632821506e-05,5.186929294150937e-06,3.59774115069332e-06,-1.4153613720582276e-07,5.051753081009953e-05,5.9909955956102425e-06,-4.028564869550057e-06,-2.4494090370124e-06,-5.995696126389367e-07,0.00031681911099138186,-1.8452963350125582e-06,2.0639156028853293e-06,-0.00024573806979208857,0.0007467623939684959,-7.546813813230058e-07,-7.595041069598882e-07,-0.00015033956797180103,4.177501387686218e-05,-1.7630608763758477e-05,5.344678687525111e-06,1.2046159296881945e-06,1.6704160996354104e-06,-5.310970334009422e-07,0.006956225142549972,0.003492359030615457,-0.0018596918457218239,0.005055269780687368,-0.008024682743256574,-0.0009146727287734156,0.6459391096059875,-5.498892157265751e-05,0.27130450819746077,nan,nan,nan,nan,nan,nan
873,4.369999999999929,Standing,0.8885543979933008,0.44645909902502,1.571547013791666,-2.092329757496026,0.004309844575302601,-0.4117823185626101,-1.48718111850289,0.9580273962677782,0.023182269103592095,0.025829482737118284,0.016725125517008544,0.027779466603707937,-0.3509624269298124,0.011582859265517128,-0.02193846277498432,-0.3954029038924607,-0.024111997815325602,-2.0975965225284003,0.004488483088573734,-0.40799121130437943,-1.235626582621703,-0.6753511869692507,0.03217502175091401,0.025351884882017853,0.020176326891081058,0.028797377171771825,-0.3293710871046685,-0.014096246469121318,-0.02362579107744355,-0.39517446896052233,0.023651159523093972,-0.024056500276853254,-0.05694562613720631,0.07592904848132895,-0.024070501526411867,-0.056966612517715634,-0.07593602367135878,5.661716996957641e-05,-3.482398521678485e-05,1.9110122928703138e-05,-0.0005145780483653281,2.580131485531784e-06,1.1883776866389089e-05,0.0007459703483228752,0.0005290860538139232,-3.7007032385755048e-06,2.4918914829860802e-06,6.191251454440863e-06,2.0852768856863763e-07,5.8707263814151106e-05,6.953650427826585e-06,-4.079494604830285e-06,-2.834348150501987e-06,-6.957347068448932e-07,-0.00016386059306943996,-1.1776805849608882e-06,8.232480016213815e-06,0.0003949618344192561,0.0008823367874914242,3.0532173771226674e-06,2.2209311369615104e-07,-7.97718293081957e-05,2.290924410395483e-05,3.0780709689619626e-05,-1.682725964667598e-06,-2.6026291751881776e-06,-3.4764358058824064e-08,-3.397609042490508e-07,0.007204998180367055,0.0026323085996864232,-0.0017124161586361633,0.006716969545579083,-0.000963786024165518,0.0008660325467116541,0.6459390699473785,-5.4988529165654196e-05,0.2713045138057665,nan,nan,nan,nan,nan,nan
874,4.374999999999929,Standing,0.8885545028034381,0.4464590366899299,1.5715470218383696,-2.092329154097084,0.004309838667088056,-0.4117823275598479,-1.4871819623541647,0.9580261957757983,0.023182292834094956,0.025829479591432395,0.016725130572159908,0.02777946721743722,-0.35096247453908797,0.011582853611530126,-0.021938457109731566,-0.39540290179532384,-0.024111997249838802,-2.0975978857776174,0.004488483149108898,-0.4079911630025955,-1.2356231809299802,-0.6753486111330732,0.03217504663963015,0.025351889678039703,0.02017630335360827,0.028797389249588454,-0.3293708124587912,-0.014096276427942032,-0.023625811720062933,-0.39517447225323543,0.02365115719382779,-0.024025904505556986,-0.05696336415696702,0.07592801343870152,-0.024034131467295054,-0.056950818662969846,-0.07592682774953849,2.096202745374317e-05,-1.2467018013740501e-05,1.6093407218784805e-06,0.0001206797883723926,-1.1816429090549775e-06,-1.7994475551532527e-06,-0.0001687702549145819,-0.0002400983959854146,4.746100572097015e-06,-6.291371780822567e-07,1.011030272798818e-06,1.2274585671360134e-07,-9.521855113756794e-06,-1.130797400438327e-06,1.1330505509286122e-06,4.194273673019639e-07,1.1309735996777705e-07,-0.0002726498434499831,1.2107032802585265e-08,9.660356775765207e-06,0.0006803383445662131,0.0005151672354867437,4.97774322854576e-06,9.592043701637434e-07,-4.70749455722847e-06,2.4155633256199934e-06,5.492917546791754e-05,-5.991764142677605e-06,-4.128523876159958e-06,-6.585426258422437e-07,-4.658532368021864e-07,0.006119154259253685,-0.003547603952142164,-0.0002070085254845585,0.007274011823362399,0.003158770949157662,0.0018391843640585739,0.6459392215926444,-5.498837862777472e-05,0.2713043633669111,nan,nan,nan,nan,nan,nan
875,4.379999999999929,Standing,0.8885544340820062,0.44645907875555874,1.5715469826938513,-2.0923282717014517,0.004309834763539935,-0.4117823441654924,-1.4871830740969052,0.9580254604244615,0.023182332834404847,0.02582947231924147,0.016725132907896116,0.027779467021921005,-0.35096255322339903,0.011582844271453212,-0.021938450348680052,-0.3954028979982186,-0.024111996314927202,-2.0975976588195078,0.004488483910729418,-0.40799115645388684,-1.2356222011916573,-0.675347749026612,0.03217505777472009,0.02535189204589428,0.02017657063757466,0.028797315493817022,-0.329370715057366,-0.014096291591761413,-0.023625817959768817,-0.39517446884156865,0.023651152584985794,-0.023996953264760406,-0.056977807588294745,0.07592652376842121,-0.024002881003766133,-0.05695817272172876,-0.07592342100263949,-1.3744286377776801e-05,8.413125767231477e-06,-7.828903668556802e-06,0.00017647912645367745,-7.807096241762961e-07,-3.3211289095016455e-06,-0.00022234854810979093,-0.0001470702673707201,8.000061977916627e-06,-1.4544381853565415e-06,4.6714724174242744e-07,-3.910324273100609e-08,-1.5736862207837997e-05,-1.8680153825476037e-06,1.352210302648846e-06,7.594210467132694e-07,1.8698231989035505e-07,4.5391621894608496e-05,1.523241040790611e-07,1.3097417322380337e-06,0.000195947664586122,0.00017242129225451152,2.227017987214737e-06,4.735709149533314e-07,5.3456793277776724e-05,-1.4751154286012594e-05,1.9480285039970092e-05,-3.032763876056091e-06,-1.2479411769976505e-06,6.823333616547558e-07,-9.217683989584075e-07,0.005790248159316012,-0.0028886862655446433,-0.0002979340560612119,0.006250092705783939,-0.0014708117517835016,0.0006813493798001093,0.6459392920496516,-5.498859378051815e-05,0.27130428398827816,nan,nan,nan,nan,nan,nan
876,4.384999999999929,Standing,0.8885545424531982,0.44645899827222824,1.5715470105780753,-2.09232975148305,0.004309843710287361,-0.4117823157447457,-1.4871810754874526,0.9580272765852413,0.023182428302363327,0.025829464965395604,0.0167251583415634,0.027779467539440984,-0.35096239785578826,0.011582862648655745,-0.02193846109759354,-0.39540290518411775,-0.024111998151752478,-2.097597233080295,0.004488483120781345,-0.4079911733143478,-1.2356225233657046,-0.6753472031226322,0.0321750605753099,0.025351892239361608,0.020177025340324135,0.028797186049691472,-0.329370723460978,-0.014096298464521937,-0.023625816261480356,-0.39517446475551515,0.023651148548470505,-0.02396841680904238,-0.05696998699811388,0.0759202964556017,-0.023975938017949238,-0.05697639373737665,-0.07592302705121265,2.1674238404361332e-05,-1.609666609985134e-05,5.5768448118475875e-06,-0.0002959563196113699,1.7893494852962491e-06,5.6841493388412015e-06,0.0003997218905085304,0.00036323215597189383,1.9093591696196737e-05,-1.470769172779194e-06,5.0867334567162555e-06,1.0350399577989884e-07,3.107352215449143e-05,3.6754405063616646e-06,-2.1497826977825402e-06,-1.4371798329539659e-06,-3.673650553483861e-07,8.51478425475095e-05,-1.5798961466840972e-07,-3.372092197058092e-06,-6.443480942628022e-05,0.00010918079595905044,5.601179633735633e-07,3.869346576905812e-08,9.094054989469322e-05,-2.588882510980031e-05,-1.680722405591687e-06,-1.3745521048051743e-06,3.3965769220040413e-07,8.17210697576189e-07,-8.073030580272224e-07,0.005707291143605257,0.0015641180361719064,-0.0012454625639027111,0.005388597163378799,-0.003644203129578425,7.879028536829412e-05,0.6459392623884042,-5.498864854115185e-05,0.2713042887712638,nan,nan,nan,nan,nan,nan
877,4.389999999999929,Standing,0.8885546630220059,0.44645890948368916,1.5715470327313013,-2.092330038552072,0.004309843198863609,-0.4117823158052947,-1.4871809961492475,0.9580271715690885,0.02318255444913262,0.025829449753227787,0.016725171346183898,0.027779468302620864,-0.3509623834831026,0.01158286433313423,-0.02193846098153016,-0.3954029057394891,-0.024111998318523842,-2.0975979385383687,0.004488485516990595,-0.4079911738677809,-1.2356213985034832,-0.67534736213751,0.03217507128212511,0.025351894332962064,0.020177586962083015,0.028797028955506166,-0.329370627492735,-0.01409632013089707,-0.02362582162237782,-0.39517446873858786,0.023651147614675124,-0.023944703588063797,-0.056976215919213376,0.07591787784298337,-0.023948949561817142,-0.056971693244986785,-0.07591770451193029,2.4113761543777743e-05,-1.7757707815971162e-05,4.4306451797324295e-06,-5.7413804391347856e-05,-1.022847504468353e-07,-1.2109789744804643e-08,1.5867641028037918e-05,-2.1003230577234134e-05,2.5229353858535384e-05,-3.0424335634051843e-06,2.6009240996748183e-06,1.5263597604594167e-07,2.8745371344126757e-06,3.368956972168672e-07,2.3212676388782485e-08,-1.1107427149722341e-07,-3.3354272469369705e-08,-0.00014109161472549537,4.792418500828264e-07,-1.1068661722317381e-07,0.00022497244427808767,-3.180297555765231e-05,2.141363040364886e-06,4.1872009145073333e-07,0.00011232435177612585,-3.1418837061252096e-05,1.919364859848222e-05,-4.333275026733263e-06,-1.0721794932440274e-06,-7.966145464725588e-07,-1.8675907617380634e-07,0.0047426441957170995,-0.0012457842198986117,-0.0004837225236633243,0.0053976912264195,0.0009400984779738661,0.0010645078564717272,0.6459393298350777,-5.498846844898083e-05,0.2713042193041971,nan,nan,nan,nan,nan,nan
878,4.3949999999999285,Standing,0.8885546690632178,0.4464588929949497,1.571547016959531,-2.0923297539107324,0.004309840991460875,-0.41178232757417993,-1.487181645138346,0.9580267462904858,0.023182671583719842,0.025829433445106197,0.0167251770249634,0.02777946870423354,-0.350962428664176,0.011582858965940857,-0.021938456928669837,-0.39540290342225554,-0.024111997779708433,-2.0975978807029554,0.0044884885533550325,-0.407991192990433,-1.2356215740051941,-0.6753488935349056,0.03217507250016858,0.02535189515641437,0.020178159812180917,0.028796866633267325,-0.32937063137455574,-0.01409633084804515,-0.02362581895676913,-0.3951744703413285,0.023651146822208764,-0.023924213540698624,-0.05698444068982896,0.07591638857774904,-0.023926330343983265,-0.056976332443543595,-0.07591509740404345,1.2082423708353116e-06,-3.297747894279145e-06,-3.1543540803730936e-06,5.6928267847933904e-05,-4.414805468201698e-07,-2.3537770512871125e-06,-0.0001297978196948425,-8.505572054134277e-05,2.3426917443807084e-05,-3.261624317508117e-06,1.1357559003652998e-06,8.03225357177467e-08,-9.036214671054036e-06,-1.0734386748639838e-06,8.105720645100386e-07,4.6344671159950675e-07,1.0776308203791975e-07,1.156708267225788e-05,6.072728875481096e-07,-3.824530422304667e-06,-3.510034216957142e-05,-0.00030627947910204267,2.4360869450522304e-07,1.6469046108727897e-07,0.00011457001958019374,-3.246444776797369e-05,-7.763641559173422e-07,-2.1434296160996326e-06,5.331217384282659e-07,-3.20548128981078e-07,-1.5849327189368135e-07,0.004098009473034602,-0.0016449541231168432,-0.00029785304686487726,0.004523843566775753,-0.0009278397113614736,0.0005214215773690965,0.6459394112723555,-5.498853573059305e-05,0.2713041465910087,nan,nan,nan,nan,nan,nan
879,4.399999999999928,Standing,0.8885548393767008,0.44645877441246284,1.571547046852288,-2.0923311624184096,0.004309847631332442,-0.4117823061665462,-1.4871800593912157,0.9580279653880021,0.023182803820749744,0.025829420413370916,0.016725198155405532,0.02777946973060682,-0.35096230514462967,0.011582873588158358,-0.02193846549698781,-0.3954029091108202,-0.02411199923995418,-2.097597964838019,0.004488487262543584,-0.4079912038478239,-1.2356216666066984,-0.6753524412966468,0.03217507056277253,0.025351896976011448,0.020178428361925984,0.028796791823407695,-0.32937063183750837,-0.014096336147167328,-0.02362581633600544,-0.39517447498394126,0.023651147971447347,-0.023904866330084634,-0.056977843712175666,0.07591189216144918,-0.023907224662616293,-0.0569848187403509,-0.07591385751012586,3.406269659089354e-05,-2.3716497370571752e-05,5.978551447527594e-06,-0.0002817015354449748,1.3279743134833394e-06,4.2815267489719945e-06,0.0003171494260699899,0.00024381950325505836,2.6447405980621777e-05,-2.606347056518017e-06,4.22608842618435e-06,2.0527465533285031e-07,2.4703909265148482e-05,2.924443500363561e-06,-1.7136635944123014e-06,-1.13771293413402e-06,-2.920491495537877e-07,-1.6827012796124613e-05,-2.58162289720332e-07,-2.1714781757267657e-06,-1.8520300852955987e-05,-0.0007095523482592835,-3.8747920943909115e-07,3.6391941572940134e-07,5.370994901355165e-05,-1.496197192585555e-05,-9.259052294741524e-08,-1.059824435649241e-06,5.241527380821398e-07,-9.285225478023545e-07,2.2984771640591964e-07,0.0038694421227982332,0.0013193955306588043,-0.0008992832599731699,0.0038211362733943212,-0.001697259361460492,0.00024797878351859456,0.6459394298548101,-5.498856465126234e-05,0.27130413458576524,nan,nan,nan,nan,nan,nan
880,4.404999999999928,Standing,0.8885547853291487,0.4464588114634189,1.5715470009709904,-2.0923296412778174,0.0043098374699634505,-0.4117823458109858,-1.4871825161993266,0.9580258948681725,0.023182917211596123,0.02582940018108764,0.016725186537761734,0.02777946996212093,-0.35096248947926273,0.011582851761352816,-0.021938451630371964,-0.39540290028144104,-0.024111997054818247,-2.0975984021877676,0.004488487527851499,-0.4079911841856675,-1.2356202613343445,-0.6753564566725663,0.03217508011368184,0.02535189982367296,0.020178452250762074,0.028796790050462928,-0.32937051851306276,-0.014096349909409545,-0.02362582039362601,-0.39517448814742584,0.02365115263693559,-0.023891915375175127,-0.0569971034142538,0.07591398853664923,-0.023888723852996473,-0.056977195744217925,-0.0759092805950646,-1.0809510412214594e-05,7.4101912123637715e-06,-9.176259536648296e-06,0.0003042281184472567,-2.03227379844325e-06,-7.928887909417418e-06,-0.0004913616221752991,-0.0004141039659207185,2.2678169275821752e-05,-4.046456655424061e-06,-2.3235287596061077e-06,4.63028218665119e-08,-3.6866926609033395e-05,-4.365361108240978e-06,2.773323169007965e-06,1.7658758377030062e-06,4.3702718681954826e-07,-8.746994968190138e-05,5.306158285106101e-08,3.932431285828261e-06,0.00028105447074689083,-0.0008030751838933979,1.910181862611254e-06,5.695323024846513e-07,4.777767217852222e-06,-3.545889536602859e-07,2.2664889121218343e-05,-2.752448443619275e-06,-8.115241140424334e-07,-2.632696921087415e-06,9.330976487775414e-07,0.0025901909819016156,-0.0038519404156261454,0.00041927504001013267,0.0037001619239643495,0.0015245992265944103,0.0009153830122520689,0.6459395398226412,-5.498845545816081e-05,0.2713040524837543,nan,nan,nan,nan,nan,nan
881,4.409999999999928,Standing,0.888555234565278,0.4464585186118709,1.5715470970023027,-2.092334433908633,0.0043098632375554845,-0.4117822535946775,-1.4871762950099996,0.9580306337360586,0.023183066687950067,0.025829396029607415,0.0167252416210594,0.02777947224723155,-0.35096201257176185,0.011582908232123965,-0.021938485902451087,-0.39540292269032457,-0.024112002700299135,-2.097598026429935,0.004488477327725734,-0.4079911879247445,-1.2356211957871528,-0.6753606847205151,0.032175076310994304,0.025351898872820456,0.020178228900346443,0.028796854774889653,-0.32937058250939977,-0.014096337957662162,-0.023625811829008362,-0.3951744948936392,0.023651156149638804,-0.02387676700586406,-0.05695820815594623,0.07590317827886084,-0.023879103431056495,-0.05700512088311309,-0.07591371046741847,8.98472258485339e-05,-5.8570309602470116e-05,1.9206262452576597e-05,-0.0009585261631400708,5.153518406760101e-06,1.8443261652598645e-05,0.0012442378654115229,0.0009477735772205199,2.9895270788913883e-05,-8.302960452640459e-07,1.1016659533136456e-05,4.5702212412100107e-07,9.538150017587622e-05,1.1294154229940258e-05,-6.854415824491801e-06,-4.48177671026788e-06,-1.1290961774207064e-06,7.515156645789876e-05,-2.0400251529842143e-06,-7.478153943243776e-07,-0.0001868905616273179,-0.0008456095897721302,-7.605375086043702e-07,-1.9017050052763136e-07,-4.467008312647007e-05,1.2944885344993107e-05,-1.2799267406515571e-05,2.3903494767884116e-06,1.712923529577931e-06,-1.3492426678128044e-06,7.025406433549914e-07,0.003029673862213668,0.0077790516615134425,-0.0021620515576765875,0.0019240843879957112,-0.005585027779032213,-0.0008859744707739357,0.645939522113041,-5.498864916955295e-05,0.27130407461447076,nan,nan,nan,nan,nan,nan
882,4.414999999999928,Standing,0.8885543239227481,0.44645913906169377,1.5715467992321637,-2.0923217725352625,0.004309789829405067,-0.41178252757583733,-1.4871941171355625,0.9580162744706254,0.023183071278565056,0.02582935232795902,0.01672510306054741,0.027779468620035882,-0.3509633752834276,0.011582746869528815,-0.021938387364707473,-0.3954028580157029,-0.02411198656046925,-2.0976002635494178,0.004488489122344257,-0.40799106964623827,-1.2356140028699074,-0.6753608557538886,0.03217513681454592,0.025351904273561206,0.02017801133168905,0.02879693363272076,-0.3293700248261988,-0.01409639835313015,-0.023625845005383804,-0.39517453125473667,0.023651167813470594,-0.023906467655876253,-0.05707235088857667,0.07593256471831401,-0.02386691037246337,-0.05692491142354353,-0.07589463551256671,-0.00018212850597072174,0.00012408996456916675,-5.955402778571001e-05,0.002532274674148989,-1.4681630083568397e-05,-5.479623195829366e-05,-0.0035644251125597688,-0.0028718530866252722,9.181229976861569e-07,-8.740329679098651e-06,-2.7712102398433125e-05,-7.25439133578662e-07,-0.00027254233314218904,-3.227251902990801e-05,1.970754872278783e-05,1.2934924331503298e-05,3.2279659768564207e-06,-0.00044742389655323656,2.358923704716155e-06,2.3655701237853835e-05,0.0014385834490879875,-3.420667468530291e-05,1.2100710322164297e-05,1.0801481502948543e-06,-4.351373147859553e-05,1.5771566221638182e-05,0.00011153664019264176,-1.2079093597743668e-05,-6.635275088144929e-06,-7.272219488784201e-06,2.3327663576869706e-06,-0.005940130002438928,-0.02282854652608793,0.005877287890634785,0.0024386117186245967,0.016041891913911626,0.0038149909703511465,0.6459397952377439,-5.4988174969392175e-05,0.2713038677711757,nan,nan,nan,nan,nan,nan
883,4.419999999999928,Standing,0.8885552566967131,0.4464585025520027,1.5715471093019966,-2.092341487886236,0.004309913851442611,-0.41178210657453174,-1.4871661227845567,0.9580405872703693,0.02318323677848835,0.025829394889267235,0.016725310531946702,0.027779473363523214,-0.35096126014237733,0.011582997132105123,-0.021938542510069794,-0.3954029563629107,-0.02411201158952478,-2.0975914331606944,0.004488459505516216,-0.40799129080170304,-1.2356313085494999,-0.675358084106009,0.03217503605141907,0.025351877593712935,0.02017777717099771,0.028796969049447278,-0.3293713435277494,-0.014096239259817756,-0.023625749704497163,-0.3951744743124788,0.023651153078593428,-0.02399023610379294,-0.05684464942948128,0.07589669239202354,-0.023983486008604005,-0.057118183112254674,-0.07595449919968517,0.00018655479299347104,-0.00012730193821275425,6.201396656191623e-05,-0.003943070194746328,2.480440750879024e-05,8.42002611219232e-05,0.005598870201134868,0.004862559948785152,3.309998465893565e-05,8.512261642479264e-06,4.149427985890918e-05,9.486974667008789e-07,0.00042302821004596076,5.005251526160502e-05,-3.1029072464015674e-05,-1.9669441549180094e-05,-5.005811106118241e-06,0.0017660777446702693,-5.92336560817056e-06,-4.4231092956782114e-05,-0.003461135918480335,0.0005543295759371058,-2.0152625370291555e-05,-5.335969654317938e-06,-4.683213826829621e-05,7.08334530357209e-06,-0.00026374031011055994,3.1818662478602296e-05,1.9060177328209337e-05,1.1388451573612688e-05,-2.9469754327803034e-06,-0.01675368958333781,0.0455402918190774,-0.007174465258094686,-0.02331512722812691,-0.03865433774222926,-0.01197273742369067,0.6459392793119215,-5.4989633021237084e-05,0.27130427843213734,nan,nan,nan,nan,nan,nan
884,4.424999999999928,Standing,0.88855528709479,0.4464585044371434,1.5715470496339188,-2.092332779177203,0.004309845995938149,-0.41178229690756907,-1.4871793998856153,0.9580267839425455,0.02318343722678105,0.02582934453564253,0.01672523793824732,0.027779476001326166,-0.3509622127861455,0.011582884223939553,-0.02193846572034937,-0.395402911002956,-0.02411200029346121,-2.097599266492508,0.004488477528037011,-0.40799110684855444,-1.2356187078439815,-0.6753483183407173,0.03217512111172258,0.025351887467728932,0.020177686444972504,0.02879701565992138,-0.3293704227075815,-0.014096344731797,-0.02362581963101481,-0.3951745178889822,0.023651166261882618,-0.024110662023956488,-0.056925144424466154,0.07593322693915741,-0.024103228717639175,-0.05693370952706764,-0.07593420976658823,6.079615398926324e-06,3.770281419545598e-07,-1.1933615572936912e-05,0.0017417418066488352,-1.357110089244636e-05,-3.806660746116084e-05,-0.002655420211704094,-0.0027606655647771892,4.00896585397308e-05,-1.0070724941077017e-05,-1.4518739876235418e-05,5.275605904778517e-07,-0.0001905287536251519,-2.2581633113975287e-05,1.5357944084650885e-05,9.071990932777638e-06,2.2592127137179876e-06,-0.001566666362726461,3.6045041589974575e-06,3.6790629722891635e-05,0.002520141103662453,0.001953153058327727,1.7012060702111102e-05,1.9748031996926675e-06,-1.814520504136042e-05,9.32209482019443e-06,0.0001841640335798777,-2.1094395848860897e-05,-1.3985303529413988e-05,-8.715300677043475e-06,2.636657837970204e-06,-0.02408518403270923,-0.01609899899697441,0.007306909426774151,-0.023948541807033777,0.03689471703740711,0.004057886619389096,0.6459398052522428,-5.4986834796942515e-05,0.27130387257231525,nan,nan,nan,nan,nan,nan
885,4.429999999999928,Standing,0.8885546294990356,0.4464589539820722,1.5715468386228102,-2.092323392835844,0.004309794793236218,-0.41178249875124284,-1.4871924600853486,0.9580163124486364,0.023183181140573186,0.025829344109997487,0.01672513306721764,0.027779472270943815,-0.35096323451226025,0.01158276338184004,-0.021938395207697466,-0.395402863094074,-0.024111988204881373,-2.0976011038693834,0.0044884890024381495,-0.40799104036734574,-1.2356130618648324,-0.6753511057250622,0.03217515673214268,0.025351899432614806,0.020177884597378074,0.028796974129185752,-0.32936996081347286,-0.014096402845250617,-0.023625853882746902,-0.39517452620580257,0.023651163980595698,-0.02416559365348955,-0.0570068092997228,0.07595960868475232,-0.024154893880923654,-0.05685219705877937,-0.0759250409603649,-0.00013151915087135542,8.990898576051957e-05,-4.220222173420309e-05,0.0018772682718749458,-1.0240540386271728e-05,-4.036873475360909e-05,-0.0026120399466492378,-0.0020942987818284306,-5.121724157259571e-05,-8.512900876245038e-08,-2.0974205935663243e-05,-7.46076470360678e-07,-0.0002043452229575355,-2.41684199024571e-05,1.410253038127342e-05,9.581776395719298e-06,2.4177159677943595e-06,-0.0003674753751275522,2.294880227691325e-06,1.329624173962541e-05,0.0011291958298225474,-0.0005574768689832017,7.124084021175215e-06,2.392977174973358e-06,3.9630481114384055e-05,-8.306147125578659e-06,9.237882172286922e-05,-1.1622690723567111e-05,-6.850346418306401e-06,-1.6633640674831385e-06,-4.562573841034136e-07,-0.010986325906612138,-0.0163329750513294,0.005276349118982981,-0.01033303265689576,0.016302493657653704,0.0018337612446658312,0.6459398635852445,-5.4988438245512684e-05,0.27130382788271973,nan,nan,nan,nan,nan,nan
886,4.434999999999928,Standing,0.8885543053948493,0.446459176872057,1.571546817562766,-2.092324478977486,0.004309811743282714,-0.4117824795002713,-1.4871903845068453,0.958019809626525,0.02318298124892848,0.0258293684571965,0.016725115495595435,0.02777946888723712,-0.3509631323246158,0.011582775634641091,-0.02193841031969976,-0.3954028683260272,-0.024111989432052942,-2.0975976641782035,0.004488481843647874,-0.407991094545198,-1.235617031996931,-0.6753533196584215,0.03217513848137585,0.02535189581901929,0.02017788789559771,0.028796970997792846,-0.3293702331911523,-0.014096370943657111,-0.02362583340349647,-0.395174509281471,0.023651155920169527,-0.024173102887642725,-0.056981289084640285,0.07595529515795718,-0.024186345095907294,-0.05690188740365179,-0.07594066349503713,-6.482083728529712e-05,4.457799695708461e-05,-4.212008817197914e-06,-0.00021722832844667554,3.3900092993919566e-06,3.8501943057650325e-06,0.00041511570063910335,0.0006994355777302777,-3.997832894118357e-05,4.869439802422994e-06,-3.5143244413806426e-06,-6.767413393672637e-07,2.0437528890765975e-05,2.4505602103301025e-06,-3.0224004587803933e-06,-1.0463906378338765e-06,-2.454343137005675e-07,0.0006879382359418183,-1.431758055175659e-06,-1.0835570450996512e-05,-0.0007940264197077909,-0.00044278667185959197,-3.650153366969751e-06,-7.227191035066462e-07,6.596439267968004e-07,-6.262785808657533e-07,-5.447553587767796e-05,6.380318700995727e-06,4.095850085974582e-06,3.3848663078585046e-06,-1.612085233964478e-06,-0.0015018468306352024,0.005104043016503388,-0.0008627053590274285,-0.006290242996727801,-0.009938068974483707,-0.0031245069344458033,0.6459394887486093,-5.498950485439772e-05,0.27130411818161665,nan,nan,nan,nan,nan,nan
887,4.439999999999928,Standing,0.8885544229728551,0.44645910692873275,1.5715469350825928,-2.0923296361450534,0.004309845155053987,-0.4117823626251939,-1.4871826667888404,0.9580268744518952,0.023182860118773983,0.025829400505663253,0.016725147762455157,0.02777946907674513,-0.3509625609355252,0.011582843374771582,-0.021938454327747738,-0.39540289601921597,-0.02411199621084865,-2.097595009022812,0.0044884738308492945,-0.4079911585202841,-1.2356216560195175,-0.6753520396302672,0.032175112070864126,0.025351888558582423,0.020177909011767487,0.028796958169486055,-0.32937059004600033,-0.01409632965467238,-0.02362580919585904,-0.3951744951024258,0.023651150936308575,-0.024153553449607523,-0.05692596381461709,0.07594022552293266,-0.024187387341064116,-0.05696465723316594,-0.07595423371916973,2.351560117007434e-05,-1.3988664852261287e-05,2.350396535683408e-05,-0.0010314335134110084,6.682354254497911e-06,2.3375015481172634e-05,0.0015435436009662781,0.001412965074028214,-2.422603089923031e-05,6.409693350624678e-06,6.453371944284434e-06,3.7901601713624596e-08,0.00011427781811791456,1.3548026098093687e-05,-8.80160959560165e-06,-5.538637747461463e-06,-1.3557591418528393e-06,0.0005310310783232288,-1.6025597158168673e-06,-1.2795017221677572e-05,-0.0009248045172855239,0.00025600563085115236,-5.282102344543086e-06,-1.4520873732439979e-06,4.223233955434922e-06,-2.5656613583429235e-06,-7.137096961603238e-05,8.257796946341772e-06,4.841527486523811e-06,2.835809044289431e-06,-9.96772190543299e-07,0.003909887607040489,0.011065054004638121,-0.0030139270049046175,-0.00020844903136456143,-0.012553965902830358,-0.002714044826520274,0.6459392608817114,-5.498897160520622e-05,0.2713042823881972,nan,nan,nan,nan,nan,nan
888,4.4449999999999275,Standing,0.8885545362108627,0.4464590399941436,1.5715470063174781,-2.0923308342370164,0.0043098489415414444,-0.4117823240643232,-1.4871807065270108,0.9580279698343195,0.023182768459418537,0.025829419163217508,0.016725155502213113,0.02777947046506885,-0.3509623938966912,0.011582863187748359,-0.021938464346102762,-0.39540290469861966,-0.024111998195255308,-2.097595480794539,0.004488475268453538,-0.4079911611475113,-1.2356214758007873,-0.6753497836764293,0.03217511029607293,0.025351887980060932,0.020178014034088226,0.028796928287821714,-0.3293705948116237,-0.014096331397584753,-0.023625811904209582,-0.3951744960683877,0.023651151055877933,-0.024126435609432974,-0.05692055235488345,0.07593474507894428,-0.02416259539839442,-0.056968148943943205,-0.07595102268847001,2.26476015024863e-05,-1.3386917833573623e-05,1.4246977068584613e-05,-0.00023961839263296784,7.572974914977503e-07,7.712174141442602e-06,0.0003920523658844006,0.00021907648486034405,-1.833187108889919e-05,3.7315108507260956e-06,1.5479515908850319e-06,2.7766474373788895e-07,3.340776679230069e-05,3.9625953553033786e-06,-2.0036710049308573e-06,-1.7358807430628891e-06,-3.9688133154354136e-07,-9.435434537632275e-05,2.8752084868169405e-07,-5.254454383288181e-07,3.604374601398532e-05,0.00045119076758377765,-3.5495823898680896e-07,-1.1570429851312698e-07,2.10044641478116e-05,-5.976332868134283e-06,-9.531246683479539e-07,-3.485824747522526e-07,-5.41670108610005e-07,-1.9319238942643062e-07,2.3913871386427144e-08,0.005423568034909668,0.001082291946728764,-0.001096088797674405,0.00495838853393894,-0.0006983421554524766,0.0006422061399460007,0.6459392920857504,-5.4988151423858874e-05,0.2713042459181087,nan,nan,nan,nan,nan,nan
889,4.449999999999927,Standing,0.8885544421896545,0.44645910842134684,1.5715469930945525,-2.0923281881648323,0.004309831162491274,-0.41178237086220637,-1.4871842002175188,0.9580245688399623,0.02318265089757201,0.02582942768981031,0.016725128075531108,0.02777947037332245,-0.3509626476633252,0.011582833169562611,-0.021938444459134357,-0.3954028932432114,-0.024111995194577525,-2.097597207030967,0.004488481606921532,-0.40799112987727054,-1.2356184868522737,-0.6753503095372169,0.03217512422286782,0.025351893510996294,0.0201782092820067,0.028796878701311396,-0.32937037192558616,-0.014096361712620678,-0.023625829878448044,-0.39517450431161283,0.02365115287116034,-0.02409923383922454,-0.056955942718083685,0.07593806999814649,-0.024124854421080057,-0.05693738839366777,-0.07593843352159062,-1.8804241632431025e-05,1.3685440650284746e-05,-2.6445851316597917e-06,0.0005292144367774498,-3.5558100340370006e-06,-9.3595766313103e-06,-0.0006987381015828755,-0.0006801988714387861,-2.3512369305539377e-05,1.7053185610045125e-06,-5.485336401238177e-06,-1.8349279670702797e-08,-5.075332679903706e-05,-6.003637149496796e-06,3.977393681290078e-06,2.2910816584017424e-06,6.001355567972153e-07,-0.0003452472856150617,1.2676935988137492e-06,6.254048154797314e-06,0.0005977897027022618,-0.00010517215751074973,2.7853589777993897e-06,1.1061870724115314e-06,3.90495836942703e-05,-9.917302063584118e-06,4.457720750315858e-05,-6.063007184764284e-06,-3.594847692132715e-06,-1.6486450169382669e-06,3.63056481429852e-07,0.005440354041686472,-0.007078072640047261,0.000664983840442964,0.007548195462872434,0.006152110055086212,0.0025178333758789206,0.6459393455927672,-5.498807739851515e-05,0.2713041974764313,nan,nan,nan,nan,nan,nan
890,4.454999999999927,Standing,0.8885543613954027,0.44645916150223636,1.5715469895644811,-2.0923270672491245,0.004309825836420979,-0.41178239165798664,-1.4871855555548958,0.9580235341212732,0.023182560522019214,0.02582943559631558,0.01672511300256078,0.027779469334937662,-0.3509627561965032,0.011582820341152184,-0.021938437410423173,-0.3954028883097944,-0.024111993913099185,-2.097597729547541,0.0044884839639383065,-0.4079911250699161,-1.23561747592544,-0.6753526037944786,0.032175129285019005,0.025351896634126313,0.020178451726599083,0.028796813034350135,-0.32937028649800915,-0.014096376964947397,-0.023625835742406613,-0.3951745072980755,0.023651153376622526,-0.024067309863809925,-0.05697464679856107,0.0759370347411628,-0.02408662159544795,-0.05693061922415119,-0.07593089819022118,-1.6158850365188337e-05,1.0616177904973547e-05,-7.060142675403345e-07,0.0002241831415450304,-1.0652140589610863e-06,-4.159156052509164e-06,-0.0002710674753952785,-0.0002069437378264845,-1.8075110559316827e-05,1.5813010538454472e-06,-3.014594065335073e-06,-2.0767695746999475e-07,-2.1706635598665488e-05,-2.565682085547835e-06,1.4097422371002155e-06,9.866833935817232e-07,2.562956679085631e-07,-0.00010450331480925767,4.714033548210119e-07,9.614708966539403e-07,0.00020218536675005428,-0.0004588514523468114,1.0124302374063373e-06,6.246260033769251e-07,4.848891847669459e-05,-1.313339225218116e-05,1.7085515407666954e-05,-3.0504653438167003e-06,-1.1727917139863808e-06,-5.972925358859597e-07,1.010924374774376e-07,0.006384795082923442,-0.0037408160954761505,-0.0002070513967386313,0.007646565126421163,0.0013538339033150482,0.0015070662738878701,0.6459392859584661,-5.498853696404305e-05,0.2713042367141444,nan,nan,nan,nan,nan,nan
891,4.459999999999927,Standing,0.8885544391458322,0.4464591013006448,1.5715470294300617,-2.0923289428992145,0.00430983852203611,-0.41178235039545635,-1.4871827578251273,0.9580260959109294,0.023182565234009488,0.02582944107520157,0.01672513125087551,0.027779469115324376,-0.35096254626509416,0.011582845183512774,-0.02193845304999176,-0.39540289821941815,-0.024111996399335384,-2.0975969600749305,0.004488482391430668,-0.40799115873145325,-1.2356194037863428,-0.6753542441092493,0.03217511801672912,0.025351894430268005,0.02017870366944599,0.028796738600403986,-0.3293704293707701,-0.014096365813389251,-0.023625824435309636,-0.3951745031058168,0.023651152756875297,-0.024032669536715748,-0.05696219514320877,0.07592882907916176,-0.024053802255145584,-0.05695615917135115,-0.07593112017206734,1.5550085913525275e-05,-1.2040318311846574e-05,7.973116144744946e-06,-0.0003751300179987049,2.537123026245135e-06,8.252506054629294e-06,0.0005595459536985737,0.0005123579312475202,9.42398054835579e-07,1.0957771976333235e-06,3.6496629451549326e-06,-4.392265699593039e-08,4.198628180208611e-05,4.968472117930344e-06,-3.1279137178156684e-06,-1.9819247451640134e-06,-4.972472396815922e-07,0.00015389452211052884,-3.1450152773112755e-07,-6.7323074351400635e-06,-0.0003855721805821105,-0.00032806295413916254,-2.2536579762898353e-06,-4.4077166182556795e-07,5.03885693813816e-05,-1.4886789229685394e-05,-2.8574552185890208e-05,2.230311628973446e-06,2.261419395715637e-06,8.384517421713187e-07,-1.2394944617307297e-07,0.006928065418835402,0.0024903310704590146,-0.0016411324002067183,0.006563868060473285,-0.005107989439991495,-4.439636923203659e-05,0.6459392277922233,-5.498872887201614e-05,0.2713042738673045,nan,nan,nan,nan,nan,nan
892,4.464999999999927,Standing,0.8885544913223778,0.44645905405709446,1.571547044531382,-2.092329788077748,0.004309843154206933,-0.4117823304826507,-1.4871815135826354,0.9580271256122946,0.023182633736215985,0.0258294359662835,0.01672514529213996,0.027779469457073436,-0.3509624424432696,0.011582857437811577,-0.02193845924925631,-0.39540290308942444,-0.024111997625874973,-2.097596654762655,0.00448848392177633,-0.40799118767546416,-1.2356209544595218,-0.6753547487103627,0.032175107546796394,0.02535189187287818,0.020178960602488947,0.028796662032048753,-0.32937055507643725,-0.014096356947938416,-0.023625814959654594,-0.3951745012159769,0.02365115352399787,-0.02400111966381448,-0.05696015253402041,0.07592337534720886,-0.024021075977940853,-0.05697168565389545,-0.0759292118601402,1.0435309137249247e-05,-9.448710068711598e-06,3.0202640486234914e-06,-0.0001690357066429698,9.264341644459031e-07,3.98256112826035e-06,0.00024884849838495226,0.00020594027305935816,1.3700441299402654e-05,-1.0217836142462288e-06,2.8082528901984394e-06,6.834981217078036e-08,2.0764364913370144e-05,2.450859760771381e-06,-1.2398529099983689e-06,-9.740012622203366e-07,-2.4530791765312543e-07,6.106245513245965e-05,3.0606913245680017e-07,-5.788802176787603e-06,-0.00031013463581087123,-0.00010092022268505792,-2.0939865449618475e-06,-5.114779651831833e-07,5.138660859144266e-05,-1.5313671046668015e-05,-2.51411334334545e-05,1.7730901671614244e-06,1.8951310082236306e-06,3.7796798253796087e-07,1.534245150988567e-07,0.0063099745802537325,0.0004085218376723974,-0.0010907463905811979,0.006545255440946542,-0.003105296508860533,0.000381662385426429,0.6459392650920819,-5.498848364060799e-05,0.2713042434739402,nan,nan,nan,nan,nan,nan
893,4.469999999999927,Standing,0.8885544676154663,0.44645905704765576,1.5715470317583253,-2.092328740172451,0.004309835721373724,-0.411782354363583,-1.487183080715352,0.958025732260451,0.02318270123950381,0.02582942423668579,0.01672513998265057,0.027779469326019643,-0.3509625544261107,0.0115828441501648,-0.021938450085341888,-0.395402897716542,-0.024111996297089662,-2.097597347966784,0.004488488849933519,-0.40799119522731003,-1.2356208887051752,-0.6753548307385445,0.032175106271458975,0.025351891441324898,0.02017922478450144,0.028796585678550805,-0.32937056040926416,-0.014096362484643545,-0.023625814676231507,-0.39517450385035213,0.023651155617165118,-0.023975149208730156,-0.056977868417789464,0.07592307491995613,-0.02398812214026041,-0.05696335974905628,-0.07592217412713356,-4.741382306516188e-06,5.98112261148516e-07,-2.5546113312012167e-06,0.00020958105936002758,-1.48656664169654e-06,-4.776186459969669e-06,-0.00031342654332691986,-0.00027867036874439256,1.3500657565100352e-05,-2.3459195422704252e-06,-1.0618978780249088e-06,-2.6210758585818354e-08,-2.2396568219870977e-05,-2.6575293551678945e-06,1.8327828842183556e-06,1.0745764781847047e-06,2.657570623003717e-07,-0.00013864082588579735,9.856314376758289e-07,-1.5103691711966989e-06,1.3150869342726354e-05,-1.6405636368281966e-05,-2.5506748312680824e-07,-8.63106564174093e-08,5.283640249821983e-05,-1.527069958936547e-05,-1.0665653831915374e-06,-1.1073410258386785e-06,5.6684617179072104e-08,-5.26875042987002e-07,4.1863344967285825e-07,0.0051940910168646525,-0.003543176753811074,-6.0085450546328197e-05,0.0065907675360881825,0.0016651809678339185,0.0014075466013277198,0.6459392986947275,-5.4988379562112734e-05,0.27130422525397396,nan,nan,nan,nan,nan,nan
894,4.474999999999927,Standing,0.8885545744126939,0.44645897291235626,1.5715470553544972,-2.0923295844121106,0.004309839865039819,-0.41178234188460705,-1.487182109586326,0.9580265132912963,0.02318278681862817,0.02582941549689212,0.016725152543531678,0.02777946943238224,-0.3509624793501027,0.011582853019854972,-0.02193845538984674,-0.3954029011082471,-0.02411199718399715,-2.0975975750186824,0.004488490621394877,-0.4079912181775691,-1.2356219235430335,-0.6753560998989628,0.03217509541652609,0.025351890817344392,0.020179414756059624,0.028796528424473004,-0.3293706463896395,-0.014096357266924823,-0.023625809102986155,-0.395174501001601,0.023651155937783438,-0.023949968153573878,-0.05697731033375844,0.07591894359685851,-0.023960314227455023,-0.056968276400162284,-0.0759187972709061,2.1359445527832383e-05,-1.6827059901877248e-05,4.719234401319988e-06,-0.00016884793192339841,8.287332187731346e-07,2.4957951958138025e-06,0.0001942258052025218,0.00015620616907368836,1.711582487231842e-05,-1.7479587336738936e-06,2.51217622188319e-06,2.1272519140819416e-08,1.5015201596266608e-05,1.7739380343612555e-06,-1.0609009702346156e-06,-6.783410159095196e-07,-1.773814974585445e-07,-4.541037967703059e-05,3.542922715465503e-07,-4.5900518167082475e-06,-0.00020696757167567307,-0.00025383208365580554,-2.170986576543549e-06,-1.2479610106246402e-07,3.799431163687649e-05,-1.1450815560150047e-05,-1.7196075065744296e-05,1.0435437445976481e-06,1.1146490701876678e-06,5.697502219389303e-07,6.412366431158708e-08,0.005036211031255678,0.00011161680620412227,-0.0008262646195234505,0.0055615825610774465,-0.0009833302212001473,0.0006753712454913538,0.6459392906555668,-5.498857444443375e-05,0.27130424231858485,nan,nan,nan,nan,nan,nan
895,4.479999999999927,Standing,0.8885546259218322,0.44645892293206363,1.5715470508447817,-2.0923301786603576,0.004309842892587794,-0.4117823334130493,-1.487181459331266,0.9580270953393055,0.023182900238052348,0.02582940271341665,0.016725164478911543,0.027779469741571652,-0.3509624250723015,0.011582859416351137,-0.021938458533713213,-0.39540290350520746,-0.0241119978231554,-2.09759724285884,0.004488492762372906,-0.40799125286209537,-1.235623942494155,-0.6753569300164811,0.032175077542518415,0.025351888556127137,0.020179545646764805,0.028796485273665563,-0.32937081148461306,-0.014096341697153566,-0.023625798056626398,-0.3951744945964732,0.023651155677766295,-0.023927709431040663,-0.056976584063083986,0.07591525380576379,-0.02393710697792544,-0.05698142112878926,-0.0759178990077913,1.0301827662299416e-05,-9.996058520915213e-06,-9.019430826914864e-07,-0.00011884964938473983,6.055095950386812e-07,1.69431154530666e-06,0.00013005101200562404,0.00011640960184882023,2.268388483572759e-05,-2.5566950941318333e-06,2.387075972676584e-06,6.183788273323309e-08,1.0855560243182074e-05,1.2792992327503276e-06,-6.287732946082183e-07,-4.793920657658093e-07,-1.2783165032552387e-07,6.643196847485674e-05,4.281956059117336e-07,-6.936905255433141e-06,-0.000403790224318517,-0.00016602350364928233,-3.574801536006747e-06,-4.522434509934092e-07,2.6178141036452606e-05,-8.630161488000349e-06,-3.3018994718483636e-05,3.113954251407801e-06,2.2092719511804025e-06,1.2810255645164276e-06,-5.200342891118006e-08,0.004451744506642967,0.00014525413489092486,-0.0007379582189432002,0.004641449905916337,-0.0026289457253952783,0.00017965262295997677,0.6459393580498476,-5.498854542447713e-05,0.271304203420666,nan,nan,nan,nan,nan,nan
896,4.484999999999927,Standing,0.8885546656619454,0.44645888496868075,1.571547042379164,-2.0923296716635966,0.004309838135280331,-0.4117823510936747,-1.4871825001257284,0.9580260851057341,0.02318300020032627,0.025829387637852936,0.016725162685422318,0.027779469857746274,-0.35096250092904907,0.01158285042119552,-0.021938452558692006,-0.39540289979220206,-0.024111996922632817,-2.0975978844236027,0.004488496724378767,-0.4079912661798849,-1.235624348643984,-0.6753579301318504,0.03217506818325493,0.025351888699458227,0.020179652671670573,0.02879645121693683,-0.32937085622649814,-0.014096339810970358,-0.02362579612535803,-0.3951744933189182,0.02365115703193475,-0.023910047934365766,-0.056988363656954345,0.07591498392803957,-0.023914408705950872,-0.05697416772911751,-0.0759127268133193,7.948022638602077e-06,-7.592676573860422e-06,-1.6931235647476335e-06,0.00010139935217047408,-9.514614924932389e-07,-3.5361250760991022e-06,-0.00020815889248662492,-0.00020204671429313484,1.9992454784754124e-05,-3.0151127425143036e-06,-3.5869784526870105e-07,2.323492431989612e-08,-1.5171349514621473e-05,-1.79903112338837e-06,1.1950042411456435e-06,7.426010846955408e-07,1.801045166822213e-07,-0.00012831295251588225,7.924011721624286e-07,-2.663557904521485e-06,-8.122996578433959e-05,-0.00020002307385139865,-1.8718526963336424e-06,2.8666218315431678e-08,2.140498115385495e-05,-6.811345746705722e-06,-8.948377017297901e-06,3.7723664175032995e-07,3.8625367321043347e-07,2.555110066188474e-07,2.7083369108025266e-07,0.003532299334979423,-0.0023559187740717913,-5.3975544845715254e-05,0.004539654394913824,0.001450679934350648,0.00103443889440046,0.6459394015521892,-5.4988464401039674e-05,0.2713041929407579,nan,nan,nan,nan,nan,nan
897,4.4899999999999265,Standing,0.8885548404408404,0.44645875475799124,1.5715470691935753,-2.0923315573810117,0.004309848175662659,-0.4117823178568808,-1.4871801832757032,0.9580278995732767,0.02318311489965007,0.025829378455577284,0.016725186201596645,0.027779470651305514,-0.350962322251096,0.011582871561799152,-0.021938465154634847,-0.39540290807683476,-0.024111999035856885,-2.097597529666764,0.004488497455621407,-0.40799130941442135,-1.235626920357826,-0.675359110947566,0.03217504412982311,0.0253518862233231,0.020179744741500853,0.028796416679605624,-0.32937106581163444,-0.014096318430391388,-0.023625782670393017,-0.39517448372156083,0.02365115622616075,-0.023892393312462654,-0.05697572512844257,0.07590945038305605,-0.02389853745430062,-0.05699084455209701,-0.07591376784645545,3.495577900201976e-05,-2.604213790698012e-05,5.362882252357105e-06,-0.00037714348305366394,2.0080764655273042e-06,6.6473587899134145e-06,0.0004633700050445499,0.0003628935085292725,2.2939864759958562e-05,-1.8364551303838812e-06,4.703234865372772e-06,1.5871184749719706e-07,3.5735590603436175e-05,4.228120726401118e-06,-2.519188568215863e-06,-1.6569265439843823e-06,-4.2264481364704907e-07,7.095136775209945e-05,1.462485280844634e-07,-8.646907284675255e-06,-0.0005143427684326211,-0.00023616314311289183,-4.810686364945437e-06,-4.952270250899207e-07,1.841396605611374e-05,-6.907466241351079e-06,-4.1917027254984496e-05,4.27611579405557e-06,2.6909930024769435e-06,1.9194714706871534e-06,-1.61154799937851e-07,0.0035309243806219397,0.0025277057023556856,-0.0011067089967034512,0.003174250330050708,-0.0033353645959005697,-0.0002082066272298391,0.6459394375292347,-5.498860305819029e-05,0.2713041890183491,nan,nan,nan,nan,nan,nan
898,4.494999999999926,Standing,0.8885546574743121,0.44645886719703815,1.5715469905459858,-2.0923282536636947,0.0043098276138715695,-0.4117823947470974,-1.4871851116605468,0.9580237639101694,0.023183190297734517,0.025829357042814714,0.016725151892681676,0.027779469926561152,-0.3509626964071539,0.011582827253139655,-0.02193843773491716,-0.39540289027900577,-0.024111994603335428,-2.0975984124648237,0.0044885052731019484,-0.4079913116087156,-1.23562650599546,-0.6753600662380366,0.03217503893422016,0.025351887455909692,0.020179838014608948,0.028796386720396982,-0.32937105003077277,-0.014096323397706736,-0.023625785032043906,-0.395174484559575,0.023651158539293216,-0.02388515070785057,-0.05701118568200838,0.07591595479449265,-0.023880645238476276,-0.05696819775403923,-0.07590604848672602,-3.659330568486801e-05,2.2487809382466827e-05,-1.5729517896189385e-05,0.0006607434634354805,-4.112358217897312e-06,-1.5378043318223267e-05,-0.0009856769687188178,-0.0008271326214505704,1.5079616889210613e-05,-4.282552514097936e-06,-6.861782993767718e-06,-1.449488726375576e-07,-7.483121157213376e-05,-8.861731899498007e-06,5.483943537714329e-06,3.5595657941031423e-06,8.865042916152959e-07,-0.00017655961190469086,1.56349610828117e-06,-4.388588462519662e-07,8.287247319380229e-05,-0.0001910580941195672,-1.0391205893466698e-06,2.46517318155337e-07,1.865462161888782e-05,-5.991841728660026e-06,3.1561723323237262e-06,-9.934630697833603e-07,-4.723301779534798e-07,-1.6760282747068359e-07,4.6262649332978893e-07,0.0014485209224166227,-0.0070921107131621895,0.001300882287319689,0.0035784431648683995,0.0045293596115565235,0.0015438719458856628,0.6459395556362001,-5.4988404440642803e-05,0.27130412747457144,nan,nan,nan,nan,nan,nan
899,4.499999999999926,Standing,0.8885554983602425,0.44645829111980323,1.5715472052505308,-2.092338747169749,0.004309886724022915,-0.4117821800966263,-1.4871709397079673,0.9580348935256282,0.023183363856443095,0.025829368985970172,0.016725269031780173,0.02777947378634868,-0.3509616105473771,0.011582955791335177,-0.021938515712306983,-0.3954029413177386,-0.024112007457132722,-2.0975966155915944,0.004488495773292517,-0.4079914191628201,-1.2356336858654688,-0.6753606712036377,0.03217498273762333,0.02535187893322915,0.020179911204734204,0.02879634678870726,-0.3293716166193734,-0.014096260040102698,-0.023625747717842205,-0.395174457426262,0.023651153399134383,-0.02387894164970489,-0.05691518608594726,0.07589424255725638,-0.023886224955800107,-0.05703630424109461,-0.0759215697184901,0.0001681771860796674,-0.00011521544698267968,4.2940909027111186e-05,-0.0020987012108551846,1.1822030269207205e-05,4.293009421234104e-05,0.002834390515909895,0.0022259230917620627,3.471174171556069e-05,2.388631091220551e-06,2.342781969915897e-05,7.719575053632627e-07,0.00021717195534728343,2.5707639104315873e-05,-1.5595477964620474e-05,-1.020774656602714e-05,-2.5707594585309204e-06,0.0003593746458707569,-1.8999618862534266e-06,-2.151082090461838e-05,-0.0014359740017665349,-0.00012099312022576341,-1.1239319367129307e-05,-1.7045361083583289e-06,1.463802505076481e-05,-7.98633794431674e-06,-0.00011331772013010167,1.2671520807572224e-05,7.4628403398371284e-06,5.4266625926478895e-06,-1.0280317669513315e-06,0.00124181162913594,0.019199919212223956,-0.004342447447254092,-0.0011159434647661864,-0.0136212974110754,-0.003104246352814713,0.6459394671394454,-5.498882916106576e-05,0.27130423014059907,nan,nan,nan,nan,nan,nan
900,4.504999999999926,Standing,0.888554153156057,0.44645919544725116,1.5715467619631782,-2.0923171086129355,0.0043097572312555425,-0.4117826456095758,-1.4872015713786373,0.9580093400970289,0.02318330533286126,0.025829304112517177,0.016725035318811435,0.027779467956435506,-0.3509639401925741,0.011582679862306884,-0.021938345749533128,-0.39540283043550345,-0.024111979859301583,-2.0976026509628247,0.0044885287441026435,-0.40799125759315735,-1.235621347991165,-0.6753617930969273,0.03217505421241709,0.025351895865441922,0.020180053807384926,0.02879632457532372,-0.32937069026022814,-0.01409637220035474,-0.02362581322103559,-0.39517449873942645,0.02365116710286152,-0.02399434057886592,-0.05710456253704581,0.07595346777508373,-0.023916529428608876,-0.05684872339531218,-0.07588611817415503,-0.00026904083709333574,0.00018086548958570197,-8.865747051531866e-05,0.004327711362700208,-2.5898553474575807e-05,-9.310258989062653e-05,-0.006126334133991147,-0.005110685719873121,-1.1704716366989493e-05,-1.2974690598963013e-05,-4.6742593747467575e-05,-1.1659826346250077e-06,-0.0004659290393936313,-5.5185805658514696e-05,3.399255477117679e-05,2.2176447030721717e-05,5.519566227542183e-06,-0.0012070742460593867,6.594162025300509e-06,3.2313932557019244e-05,0.0024675748607559,-0.00022437865792063866,1.429495875284279e-05,3.38644255431142e-06,2.8520530144171555e-05,-4.442676708058612e-06,0.00018527182905259367,-2.243205040842639e-05,-1.3100638677657818e-05,-8.262632894388678e-06,2.740745426806191e-06,-0.023079785832205844,-0.03787529021970935,0.011845043565471168,-0.006060894561754239,0.03751616915648645,0.007090308867013959,0.6459399777455826,-5.498770053451554e-05,0.2713038699569183,nan,nan,nan,nan,nan,nan
901,4.509999999999926,Standing,0.8885540344665667,0.44645925000616815,1.5715468435018871,-2.092327406620296,0.004309836691083844,-0.4117824267674362,-1.4871861301220566,0.9580253879267966,0.023183198060540196,0.02582934562583006,0.016725111804072466,0.027779465407099493,-0.35096283586499905,0.011582810496384325,-0.021938434812622726,-0.39540288081578734,-0.0241119929277124,-2.0975929339874386,0.004488513563141752,-0.4079915105693534,-1.2356389463533892,-0.6753667539744359,0.032174931985464277,0.025351876515243378,0.020180155443690867,0.02879625873283242,-0.3293720251270449,-0.014096219524916978,-0.02362571742014278,-0.3951744330947471,0.02365115050869657,-0.024098405172268064,-0.05695079619054363,0.07593683126956387,-0.024076896836588618,-0.05700622361497335,-0.07594555305574033,-2.373789807917024e-05,1.09117834040845e-05,1.6307741783421314e-05,-0.0020596014721128188,1.5891965660231442e-05,4.376842791741505e-05,0.0030882513161462673,0.003209565953544274,-2.1454464213046802e-05,8.302662577049412e-06,1.529705220588807e-05,-5.098672026313319e-07,0.00022086551500494992,2.6126815488268832e-05,-1.7812617919367067e-05,-1.0076056776174172e-05,-2.6136821629696176e-06,0.0019433950772438256,-3.0361921782919757e-06,-5.0595239207216e-05,-0.0035196724448261574,-0.000992175501719147,-2.4445390563724015e-05,-3.870039709114093e-06,2.0327261188131246e-05,-1.3168498259766091e-05,-0.0002669733633508251,3.053508755244707e-05,1.916017856266433e-05,1.3128935866295677e-05,-3.3188329895595292e-06,-0.02081291868042855,0.0307532693004356,-0.0033273011039733433,-0.03207348159594824,-0.03150004393223439,-0.011886976317060904,0.6459392259661364,-5.499051355085282e-05,0.27130449337540025,nan,nan,nan,nan,nan,nan
902,4.514999999999926,Standing,0.8885546644621638,0.4464588317145509,1.5715470943388503,-2.0923348233580734,0.004309871879638102,-0.41178227412589763,-1.4871761793254212,0.9580326718847867,0.02318339841824315,0.025829345378638548,0.016725178772801053,0.027779468838970044,-0.35096205870923064,0.01158290253026982,-0.021938489376939655,-0.3954029180776712,-0.02411200213531671,-2.097593348057977,0.004488509592914333,-0.40799155659531744,-1.2356422448284807,-0.6753625508781006,0.032174894184419,0.02535186973573554,0.020179913714577082,0.028796310404724343,-0.3293723385657118,-0.01409617929641347,-0.02362570135302923,-0.39517442406872605,0.023651153120468792,-0.024139856557822012,-0.05687229117418543,0.07592647288494628,-0.024146139787471477,-0.05701405487037334,-0.07595829997741001,0.00012599911943000268,-8.365832344737178e-05,5.0167392633782186e-05,-0.0014833475554497054,7.037710851644489e-06,3.0528307717624144e-05,0.0019901593270529633,0.0014567915980261488,4.007154059054404e-05,-4.943830267892161e-08,1.3393745717124561e-05,6.863741100747798e-07,0.00015543115368475726,1.840677709888169e-05,-1.0912863385988925e-05,-7.452376773522267e-06,-1.8415208620318804e-06,-8.28141076230516e-05,-7.940454838128343e-07,-9.205192812538346e-06,-0.0006596950182977505,0.0008406192670666276,-7.5602090549627386e-06,-1.355901567154358e-06,-4.834582275728632e-05,1.0334378384248687e-05,-6.268773338345695e-05,8.045700701576299e-06,3.2134227100865634e-06,1.805204206010041e-06,5.223544442165819e-07,-0.008290277110789371,0.015701003271639598,-0.0020716769235176583,-0.013848590176571824,-0.0015662510799975549,-0.0025493843339361045,0.6459391030479648,-5.4988378273169965e-05,0.2713046094741434,nan,nan,nan,nan,nan,nan
903,4.519999999999926,Standing,0.888554743335553,0.4464587868083386,1.5715470845852162,-2.092331004650831,0.0043098405838168305,-0.4117823432166091,-1.4871817178558737,0.9580263673532279,0.02318325002055473,0.02582935612591649,0.01672514662416336,0.027779470407051487,-0.35096244536854454,0.011582856815779002,-0.021938456972017368,-0.3954029008773976,-0.02411199756327768,-2.0975973491992788,0.00448852080076192,-0.4079914980270519,-1.235637260315621,-0.6753636081729979,0.032174901647754356,0.02535187979275244,0.02017976035210074,0.028796353849712332,-0.3293719947331939,-0.014096217785853824,-0.023625731860548078,-0.39517443552912046,0.02365115930235579,-0.02416322742528567,-0.056917566241099046,0.07593995604375686,-0.02416167434021263,-0.05693153790620727,-0.07594306166848676,1.577467782751054e-05,-8.981242462282959e-06,-1.950726803528643e-06,0.0007637414484874528,-6.259164254181651e-06,-1.3818142299196754e-05,-0.0011077060904885931,-0.0012609063117704255,-2.967953768349961e-05,2.1494555883903595e-06,-6.429727538448427e-06,3.136162886959246e-07,-7.733186278134429e-05,-9.142898163519895e-06,6.480984457342164e-06,3.44005471507638e-06,9.144078056250971e-07,-0.0008002282603394357,2.2415695173473544e-06,1.1713653101367778e-05,0.0009969025719687582,-0.00021145897946006306,1.4926670702088583e-06,2.0114033797502675e-06,-3.0672495268354655e-05,8.68899759785067e-06,6.876650358231208e-05,-7.697888070779716e-06,-6.101503769324463e-06,-2.2920788865292443e-06,1.2363773998595847e-06,-0.004674173492731403,-0.009055013382723253,0.00269663176211713,-0.003106910548230304,0.016503392833212848,0.0030476617846487064,0.6459394460877723,-5.498767184353553e-05,0.2713043537314284,nan,nan,nan,nan,nan,nan
904,4.524999999999926,Standing,0.8885543569400679,0.446459060515107,1.5715469359584975,-2.0923253632517427,0.00430981018498139,-0.41178245037841854,-1.4871891131878459,0.9580201900921056,0.023182932355995976,0.02582937941703028,0.016725088086624512,0.02777946833023632,-0.3509630159273271,0.011582789385734331,-0.02193841667231801,-0.39540287477557207,-0.024111990819175096,-2.0975984080093677,0.004488521503225447,-0.4079914242463742,-1.2356335061316108,-0.6753683011108653,0.03217491084960766,0.025351889340036727,0.020178804333387295,0.028796629295408212,-0.3293717023293167,-0.01409623290294462,-0.02362575306147452,-0.39517444370199567,0.02365116325732186,-0.024160545637929524,-0.05697490594922156,0.07595190723475569,-0.024150574770010952,-0.056895219393625636,-0.07593348529695462,-7.727909700089316e-05,5.4741353669686524e-05,-2.972534372092112e-05,0.0011282798176587992,-6.079767088038284e-06,-2.1432361879761733e-05,-0.0014790663944213999,-0.0012354522244463532,-6.35329117508839e-05,4.6582227583122006e-06,-1.1707507769710242e-05,-4.1536303378119877e-07,-0.00011411175651071119,-1.3486008934096409e-05,8.059939871697826e-06,5.220365108255101e-06,1.3488205167413304e-06,-0.00021176201774710456,1.4049270545863433e-07,1.4756135549170728e-05,0.0007508368020300539,-0.0009385875734886333,1.8403706608621945e-06,1.909456857010716e-06,-0.00019120374268849632,5.5089139176043554e-05,5.8480775448926184e-05,-3.02341815936114e-06,-4.240185288056249e-06,-1.6345750433171226e-06,7.909932138909298e-07,0.000536357471229083,-0.011467941624503345,0.0023902381997649687,0.002219914040335555,0.00726370251632703,0.0019152743064276482,0.6459395133163116,-5.498848128096707e-05,0.2713043227027228,nan,nan,nan,nan,nan,nan
905,4.529999999999926,Standing,0.8885541401108632,0.44645922297835905,1.5715468907861663,-2.092325350198369,0.004309817170832845,-0.4117824412309855,-1.4871883755483537,0.9580216551325423,0.023182670339832616,0.02582941220540838,0.016725078061981143,0.027779466165456637,-0.35096298680851407,0.011582792939302285,-0.021938422619635266,-0.39540287665619706,-0.024111991176337808,-2.097596674372216,0.004488510110326998,-0.40799139409309776,-1.235633972677557,-0.6753701695054615,0.03217490807620889,0.02535188886937755,0.020177710966410595,0.028796937683718625,-0.3293717220306285,-0.014096207805954681,-0.0236257488003077,-0.3951744429229631,0.02365116472730297,-0.024136301189210396,-0.056973571217226106,0.07594776213421783,-0.024134234581260763,-0.05692729038094396,-0.07593775976439919,-4.336584094986997e-05,3.249265041277942e-05,-9.034466238064244e-06,2.6106747428003736e-06,1.3971702909494218e-06,1.8294866101025329e-06,0.000147527898409225,0.0002930080873394722,-5.240323267185419e-05,6.5576756202161475e-06,-2.0049286737040667e-06,-4.329559362111319e-07,5.823762606646751e-06,7.10713590860645e-07,-1.1894634515843704e-06,-3.761250029230918e-07,-7.14325428465268e-08,0.00034672743031453294,-2.278579689865786e-06,6.030655290510336e-06,-9.3309189200449e-05,-0.0003736789192346614,-5.546797543318921e-07,-9.413183579143375e-08,-0.00021867339534003654,6.167766208268235e-05,-3.940262366038278e-06,5.0193979878703934e-06,8.522333636367986e-07,1.5580650951863304e-07,2.9399622151037114e-07,0.0048488897438256975,0.00026694639909052506,-0.0008290201075701292,0.0032680377500377087,-0.006414197463664709,-0.000854893488913989,0.6459392911618574,-5.498912811285484e-05,0.2713044988773971,nan,nan,nan,nan,nan,nan
906,4.5349999999999255,Standing,0.8885543098605373,0.44645913103222085,1.5715469671415223,-2.092328914033366,0.00430984001011381,-0.4117823572270522,-1.4871829137440837,0.9580263427636064,0.023182560555220354,0.025829438773366672,0.01672510980359899,0.02777946633626729,-0.3509625767915166,0.011582841534236915,-0.021938453517676138,-0.3954028964631443,-0.024111996039045076,-2.097595634393521,0.0044884960991532115,-0.4079913601982351,-1.2356340666439276,-0.6753683638296337,0.03217491321622821,0.02535188607252264,0.020176768591999756,0.028797203662743236,-0.329371721389036,-0.014096187424374088,-0.02362574682432192,-0.3951744447846328,0.02365116627905353,-0.024101664689814683,-0.05694354251137147,0.07593577282550802,-0.02410896253494352,-0.05696523111626812,-0.07594187337488036,3.39499348102559e-05,-1.8389227635428265e-05,1.5271071216641742e-05,-0.0007127669993447114,4.567856192930272e-06,1.680078666641439e-05,0.001092360854013985,0.000937526212818762,-2.1956922452177107e-05,5.3135916585602185e-06,6.348323569847229e-06,3.4162130991967835e-08,8.200339949645059e-05,9.718986925898208e-06,-6.1796081743395335e-06,-3.961389446518658e-06,-9.725414538134006e-07,0.0002079957390718141,-2.8022347571868057e-06,6.778972526771488e-06,-1.879327412112739e-05,0.00036113516554136475,1.0280038644775076e-06,-5.593709811669555e-07,-0.00018847488216819139,5.31958049221049e-05,1.283184971161805e-07,4.076316118819705e-06,3.951971564261566e-07,-3.7233394582418425e-07,3.1035011211454655e-07,0.006927299879142655,0.006005741170927,-0.002397861741963713,0.0050544092634482105,-0.007588147064831162,-0.0008227220962338741,0.6459391364044508,-5.4988909673328854e-05,0.27130459935229995,nan,nan,nan,nan,nan,nan
907,4.539999999999925,Standing,0.8885545201890367,0.44645900814673545,1.571547020561201,-2.092330189486037,0.004309844748368981,-0.4117823224990719,-1.4871809935619107,0.9580273212001295,0.023182539690136252,0.02582944804741299,0.016725128999614505,0.02777946745434075,-0.35096241361510017,0.01158286085515618,-0.02193846329752255,-0.39540290454777743,-0.024111997972788127,-2.0975966471264296,0.004488489187121618,-0.40799128951555164,-1.235631008693472,-0.6753622127047118,0.03217494562232276,0.025351885070588217,0.02017620705218044,0.028797367316540604,-0.3293714809482271,-0.014096202173959268,-0.023625762952628047,-0.3951744545446385,0.023651168212640496,-0.024067660072027805,-0.056942488471917026,0.07593014575565042,-0.024074648207447518,-0.05696347266595649,-0.07593601435330953,4.206569987668319e-05,-2.4577097080879636e-05,1.068393575500251e-05,-0.0002550905341788313,9.476510341729856e-07,6.945596068884547e-06,0.0003840364345872074,0.00019568730460691852,-4.173016820191679e-06,1.8548092637468694e-06,3.839203102758836e-06,2.2361469218315132e-07,3.263528329208498e-05,3.864183853133402e-06,-1.9559692823945206e-06,-1.6169266293409118e-06,-3.8674860988996373e-07,-0.00020254658169107514,-1.3824063187724751e-06,1.413653669716549e-05,0.0006115900910901404,0.0012302249843841005,6.481218910179512e-06,-2.0038688465005018e-07,-0.00011230796386316781,3.273075947343473e-05,4.808816177080535e-05,-2.9499170361250905e-06,-3.2256612257446675e-06,-1.9520011334612915e-06,3.8671739275944654e-07,0.006800923557375893,0.00021080789088931753,-0.0011254139715188632,0.006862865499200647,0.0003516900623251858,0.0011718043141655577,0.6459392066692169,-5.4988434992450916e-05,0.27130451087630764,nan,nan,nan,nan,nan,nan
908,4.544999999999925,Standing,0.8885545085193758,0.4464590259353307,1.5715469927599055,-2.092328569736051,0.004309834017468717,-0.41178235189477275,-1.4871831702831737,0.958025156485594,0.02318253138138903,0.02582944552009238,0.016725122122192522,0.02777946754139304,-0.3509625658684935,0.011582842815200249,-0.021938450386100494,-0.3954028975101777,-0.024111996168620878,-2.097597783803551,0.004488488171930688,-0.40799122328359433,-1.2356270551607367,-0.6753576132499318,0.03217498258302775,0.025351888177723183,0.020176061664646795,0.028797416555626006,-0.32937115749580576,-0.014096234835303596,-0.02362578557608291,-0.39517446146876256,0.023651166344809457,-0.02403776119373966,-0.0569681986800547,0.07593094239198647,-0.024038014337422985,-0.05694799917569718,-0.07592684155056716,-2.333932191355045e-06,3.557719049908235e-06,-5.560259112125373e-06,0.0003239499972527034,-2.1461800527509323e-06,-5.879140177648259e-06,-0.00043534425261067494,-0.00043294290707309065,-1.6617494443452395e-06,-5.054641223800973e-07,-1.3754843962774282e-06,1.741045778704659e-08,-3.04506786636782e-05,-3.6079911865037034e-06,2.582284411050298e-06,1.407519950568849e-06,3.6083345007513e-07,-0.00022733542425540132,-2.0303818587991342e-07,1.3246391458780052e-05,0.0007907065470786441,0.0009198909559761915,7.392140997840911e-06,6.214269930556645e-07,-2.9077506728628912e-05,9.84781708062949e-06,6.469048427232144e-05,-6.53226886566902e-06,-4.5246909723975565e-06,-1.3848248118657555e-06,-3.735662078684802e-07,0.005979775657628921,-0.005142041627534638,0.00015932726720971346,0.00732677400490631,0.0030946980518628472,0.001834560548475635,0.645939325750555,-5.4988415842567835e-05,0.2713043837691542,nan,nan,nan,nan,nan,nan
909,4.549999999999925,Standing,0.8885544852955588,0.4464590416056282,1.5715469772652404,-2.092328446798522,0.00430983474818189,-0.411782353684298,-1.4871832365677267,0.958025291827025,0.023182555592068374,0.025829442288134875,0.016725128883388785,0.027779467261497846,-0.3509625694998571,0.011582842369760702,-0.02193844977889777,-0.39540289725787964,-0.024111996123716777,-2.0975975061337873,0.004488486470625057,-0.40799120476242595,-1.2356256979249234,-0.6753541177871386,0.03217500339788641,0.025351889148824074,0.020176263037604426,0.028797363930163966,-0.32937102519488676,-0.014096252189211074,-0.023625794417656245,-0.3951744582584361,0.023651160275505397,-0.024007199772536337,-0.05697553458213616,0.0759276610299764,-0.024006995673681985,-0.05695888075199711,-0.07592422862797248,-4.644763395524646e-06,3.1340594982484403e-06,-3.098933042712479e-06,2.458750584968209e-05,1.4614263463061098e-07,-3.579050520060238e-07,-1.3256910592617595e-05,2.706828618192613e-05,4.84213586889792e-06,-6.463915009476139e-07,1.3522392525647605e-06,-5.597903890918626e-08,-7.262727152525102e-07,-8.908790915331021e-08,1.214405446041703e-07,5.0459619237052266e-08,8.98082039799741e-09,5.553395275600465e-05,-3.4026112614677023e-07,3.7042336766718003e-06,0.00027144716267642937,0.00069909255864159,4.162971732110832e-06,1.9422017806896893e-07,4.027459152636839e-05,-1.052509240790111e-05,2.646018379708084e-05,-3.470781495396914e-06,-1.7683146671757039e-06,6.420652909604573e-07,-1.213860811541328e-06,0.006112284240664708,-0.0014671804162926343,-0.0006562724020148326,0.006203732748200226,-0.0021763152599853144,0.0005225845189357342,0.6459393271576493,-5.4988691396787624e-05,0.2713043499783503,nan,nan,nan,nan,nan,nan
910,4.554999999999925,Standing,0.8885546256588469,0.44645894361921956,1.5715470161662675,-2.092330165113204,0.0043098446363345,-0.4117823200842609,-1.4871809322881262,0.9580272383294071,0.023182646619596427,0.025829436350456935,0.016725155276546968,0.027779467864486644,-0.3509623898475963,0.011582863618889664,-0.02193846217732988,-0.39540290561133795,-0.024111998248197736,-2.097597215465684,0.004488484774787022,-0.40799120911786063,-1.235625294466787,-0.6753513953737936,0.03217501542106638,0.025351889584671564,0.020176707660355495,0.02879724070372332,-0.3293709718860822,-0.014096265542916434,-0.023625798115242135,-0.39517445334982554,0.023651153822149606,-0.023977383170681484,-0.05696607064328877,0.07592087745133273,-0.023979449727239224,-0.05697613788351452,-0.07592353418116944,2.8072657623888167e-05,-1.9597281734631493e-05,7.780205399873598e-06,-0.0003436629364498549,1.977630522096493e-06,6.72000741558478e-06,0.00046085592010316285,0.0003893004764218316,1.820550561076218e-05,-1.187535588230913e-06,5.278631636381315e-06,1.2059775951486753e-07,3.5930452157987663e-05,4.249825792249346e-06,-2.4796864214887735e-06,-1.670691663864431e-06,-4.2489619185805623e-07,5.813362069100668e-05,-3.391676069582372e-07,-8.710869324776982e-07,8.069162729129725e-05,0.0005444826689873572,2.404635992986879e-06,8.716949793736942e-08,8.89245502135222e-05,-2.464528812927091e-05,1.0661760903553915e-05,-2.6707410721367065e-06,-7.395171782615779e-07,9.817221193011005e-07,-1.2906711581689528e-06,0.005963320370970706,0.0018927877694782103,-0.001356715728733174,0.005509189288552256,-0.0034514263034829966,0.00013888936060670395,0.6459393169883209,-5.498866682933308e-05,0.2713043261372252,nan,nan,nan,nan,nan,nan
911,4.559999999999925,Standing,0.8885546960257066,0.4464588909060796,1.5715470238337526,-2.0923299319957405,0.004309841337734613,-0.4117823297330321,-1.4871815332762617,0.9580265565181495,0.023182755540771954,0.025829421800924297,0.01672516219204586,0.0277794684240398,-0.3509624266698372,0.011582859235232884,-0.02193845820716311,-0.395402903747921,-0.024111997808415806,-2.097597880912541,0.004488487445638003,-0.4079912009002857,-1.2356235114705831,-0.6753501909093669,0.03217503322156462,0.025351892732447874,0.02017730264402899,0.028797077697112514,-0.329370818093484,-0.014096294157250965,-0.023625808599530066,-0.39517445569563636,0.023651150084372616,-0.023953255926526956,-0.0569766998310207,0.07591934181228778,-0.023951883706023747,-0.05697044995408003,-0.07591790593517031,1.407337192778644e-05,-1.0542627993448903e-05,1.5334970337401183e-06,4.662349275057361e-05,-6.597199773962566e-07,-1.9297542339255656e-06,-0.00012019762709651399,-0.00013636225152052973,2.1784235105389154e-05,-2.9099065277548274e-06,1.3830997782243716e-06,1.1191063111471215e-07,-7.364448174981027e-06,-8.767313559310958e-07,7.940333536454867e-07,3.726834007600956e-07,8.79563861448884e-08,-0.00013308937146062848,5.341701962020182e-07,1.6435149886718803e-06,0.00035659924074281065,0.00024089288535888444,3.5600996490815226e-06,6.295552622295886e-07,0.0001189967346990718,-3.260132216163223e-05,3.075851964460573e-05,-5.722866906150193e-06,-2.096857586097168e-06,-4.6916216823720065e-07,-7.475553982462242e-07,0.004825448830906088,-0.0021258375463866696,-0.0003071278089909963,0.0055132042430955834,0.0011375858868980788,0.0011256491998272319,0.6459394021156817,-5.4988474244715604e-05,0.2713042319723803,nan,nan,nan,nan,nan,nan
912,4.564999999999925,Standing,0.8885547182518962,0.4464588665725401,1.571547017983046,-2.092329920071515,0.004309840832942625,-0.4117823353916481,-1.4871817858494942,0.9580264202267401,0.023182856633675124,0.025829408395714442,0.016725169548052282,0.027779468758057955,-0.3509624427874482,0.011582857307691199,-0.021938456434649048,-0.3954029027964966,-0.024111997613967578,-2.097597805098406,0.004488489732622553,-0.4079912145985356,-1.23562317329881,-0.6753510365038196,0.032175039838005334,0.025351894779114637,0.020177933294649453,0.028796902430171144,-0.3293707750604737,-0.014096311105946242,-0.02362581003931902,-0.3951744561232195,0.02365114691069394,-0.02393143271405074,-0.056982473269607474,0.07591711215084951,-0.02392906486682422,-0.05697634494818877,-0.07591553602148604,4.445237931914123e-06,-4.866707905687455e-06,-1.1701413139534341e-06,2.384845111142704e-06,-1.0095839752704956e-07,-1.131723202127638e-06,-5.051464653140697e-05,-2.7258281880342746e-05,2.0218580634148162e-05,-2.681041971211588e-06,1.471201284487332e-06,6.680363085647345e-08,-3.2235222050552305e-06,-3.855083372302296e-07,3.5450281284361934e-07,1.9028487240662145e-07,3.888964566789836e-08,1.516282697779263e-05,4.5739690986931713e-07,-2.7396499871588112e-06,6.76343546199712e-05,-0.00016911889052772318,1.3232881431923777e-06,4.0933335249837847e-07,0.00012613012409212285,-3.505338827404197e-05,8.606602064147955e-06,-3.389739055310011e-06,-2.879577906580809e-07,-8.551662254882882e-08,-6.347357351863701e-07,0.004364642495242768,-0.0011546877173545232,-0.0004459322876547918,0.004563767839905078,-0.0011789988217479103,0.0004739827368538177,0.6459394542783049,-5.49885776358323e-05,0.2713041724928064,nan,nan,nan,nan,nan,nan
913,4.569999999999925,Standing,0.8885548644558675,0.44645876511854893,1.5715470447278375,-2.092331101886157,0.004309846278445585,-0.4117823179490974,-1.487180487891286,0.958027378230089,0.02318297611282547,0.02582939633663009,0.01672518776661141,0.027779469624811124,-0.3509623410142772,0.011582869349337496,-0.021938463375453205,-0.3954029074486563,-0.024111998816457224,-2.0975978907746105,0.0044884888005779465,-0.4079912215863155,-1.2356227830530127,-0.675353932749725,0.032175043780270016,0.025351897424143302,0.020178323903739855,0.028796796188015516,-0.32937073220527135,-0.014096323605573663,-0.023625810652609634,-0.39517446102579623,0.023651146593427628,-0.023911264769304465,-0.05697784747600845,0.07591290993565024,-0.023909450708067635,-0.05698395996335843,-0.07591403025095243,2.924079425044684e-05,-2.029079822684047e-05,5.348958294398848e-06,-0.00023636292839496908,1.089100592005204e-06,3.4885101353590405e-06,0.00025959164165901064,0.00019160066977018706,2.389583006908783e-05,-2.4118168706311487e-06,3.643711824989759e-06,1.733506335765149e-07,2.0354634204845075e-05,2.4083292594338954e-06,-1.388160831698351e-06,-9.304319392333366e-07,-2.404979291874483e-07,-1.7135240888673982e-05,-1.8640892120498413e-07,-1.3975559864724303e-06,7.80491594976833e-05,-0.0005792491810935788,7.884529363343166e-07,5.290057332345388e-07,7.812181808055852e-05,-2.1248431126001443e-05,8.571040471318782e-06,-2.4999254843602568e-06,-1.226581223477755e-07,-9.805153433405115e-07,-6.345326210178581e-08,0.004033588949255044,0.0009251587198040555,-0.0008404430398529753,0.003922831751317089,-0.0015230030339312434,0.0003011541067207405,0.6459394786372713,-5.498857529100576e-05,0.27130414442321776,nan,nan,nan,nan,nan,nan
914,4.574999999999925,Standing,0.8885548464324876,0.4464587803736907,1.5715470123592798,-2.092330009888283,0.004309838536075393,-0.4117823480522982,-1.4871823391379724,0.9580257327812045,0.023183079724410083,0.025829378840154658,0.016725180481676392,0.027779469911207184,-0.3509624790767229,0.011582852998274619,-0.021938452863470025,-0.3954029008027501,-0.024111997179235803,-2.097598333792264,0.004488488123109503,-0.40799119857661176,-1.2356209779666563,-0.6753582443537802,0.03217505729532453,0.025351901498489687,0.020178417968509346,0.028796777854365622,-0.3293705818998097,-0.014096342856832086,-0.02362581715381495,-0.3951744753482696,0.02365115043797713,-0.023896671607053308,-0.0569935078099714,0.07591396954028139,-0.023890767247739985,-0.05697784614783555,-0.07590974332074739,-3.6046759844790637e-06,3.0510283530243504e-06,-6.473711519617188e-06,0.0002183995748195658,-1.548474038380401e-06,-6.020640151418246e-06,-0.0003702493372721335,-0.0003290897769037784,2.0722316922588856e-05,-3.4992950865865405e-06,-1.4569870034076636e-06,5.727921167145308e-08,-2.7612489138475023e-05,-3.2702125752327956e-06,2.1023966359408733e-06,1.3291812446860063e-06,3.2744428411980593e-07,-8.860353071672418e-05,-1.3549368860088982e-07,4.601940754448783e-06,0.00036101727128952474,-0.0008623208110429003,2.7030109028859594e-06,8.148692769464745e-07,1.8812953898349682e-05,-3.6667299784934595e-06,3.0061092323148715e-05,-3.850251684492573e-06,-1.3002410634895667e-06,-2.864494675474659e-06,7.689099005350381e-07,0.0029186324502313366,-0.0031320667925896616,0.0002119209262292452,0.0037366920655295824,0.0012227631045765735,0.0008573860410078932,0.6459395728387147,-5.4988482410899174e-05,0.27130406564891796,nan,nan,nan,nan,nan,nan
915,4.579999999999925,Standing,0.8885551515103118,0.4464585864595383,1.5715470689742208,-2.092333336537329,0.004309856554229158,-0.41178228503618286,-1.4871780540950608,0.9580289868624614,0.023183205692191625,0.025829372986269406,0.016725219723962258,0.02777947156827513,-0.3509621505170426,0.011582891900694527,-0.02193847641581689,-0.3954029162004209,-0.02411200106797539,-2.0975978977788827,0.004488478498849671,-0.40799118901999143,-1.2356210220421522,-0.6753632215908826,0.032175061033819174,0.025351902236914334,0.02017818623204851,0.028796849579062953,-0.32937057133815134,-0.014096339186008437,-0.023625812758028678,-0.39517448671562505,0.023651154611778184,-0.023880602513215766,-0.05696722372919017,0.07590573437872314,-0.023879856803148435,-0.0570017756196467,-0.07591312156527832,6.1015564842830357e-05,-3.878283047719712e-05,1.13229881824395e-05,-0.0006653298092133553,3.6036307530103763e-06,1.260322306318067e-05,0.0008570085823346314,0.0006508162513690545,2.5193556308349248e-05,-1.17077704997087e-06,7.848457172987979e-06,3.3141358859888905e-07,6.57119360616994e-05,7.780483981583732e-06,-4.7104693727383725e-06,-3.079534155871376e-06,-7.777479177148808e-07,8.720267625554379e-05,-1.9248519664303868e-06,1.9113240684837794e-06,-8.815099193052334e-06,-0.0009954474204772932,7.476989295327197e-07,1.4768492966090142e-07,-4.6347292167569335e-05,1.4344939465851152e-05,2.1123316719231138e-06,7.341647298231771e-07,8.791572545476158e-07,-2.273471089729276e-06,8.347602110129686e-07,0.0032138187675087903,0.00525681615624661,-0.001647032311650233,0.0021820889183100343,-0.004785894362230736,-0.0006756489061883629,0.6459395731996103,-5.498863354760405e-05,0.2713040644264871,nan,nan,nan,nan,nan,nan
916,4.5849999999999245,Standing,0.8885546759388926,0.4464589227431026,1.5715468960062828,-2.092325263022702,0.004309807818904835,-0.41178246449086536,-1.4871896763345729,0.958019251603558,0.023183237043591324,0.025829341012557377,0.016725130701941895,0.027779469531948393,-0.3509630383889466,0.011582786777486077,-0.02193841225776799,-0.3954028740904692,-0.02411199055282518,-2.0976003154803675,0.004488482804600615,-0.40799107092020326,-1.2356140139254976,-0.675364367897446,0.0321751227309566,0.025351907603623356,0.02017791938149345,0.028796945066892912,-0.32937002137978116,-0.01409639748103279,-0.023625844569039833,-0.3951745255279906,0.02365116671511565,-0.023890500004544554,-0.057046010333941896,0.07592434006702492,-0.023865608268780442,-0.05693645212082329,-0.07589687445997301,-9.51142838465063e-05,6.725671286946479e-05,-3.4593587604199645e-05,0.001614702925399199,-9.747064864624673e-06,-3.5890936498075076e-05,-0.0023244479024179376,-0.0019470517806766433,6.2702799398526565e-06,-6.394742405811446e-06,-1.7804404072795752e-05,-4.0726534682481435e-07,-0.00017757438080046582,-2.1024641690087917e-05,1.2831609780069798e-05,8.421990333111872e-06,2.1030300417194444e-06,-0.0004835402969594168,8.611501886259934e-07,2.3619957636406875e-05,0.001401623330931404,-0.00022926131269591,1.2339427485349746e-05,1.0733418045571372e-06,-5.3370111011607674e-05,1.9097565992049663e-05,0.00010999167403138192,-1.165900487040003e-05,-6.362202230834109e-06,-7.762473114208783e-06,2.4206674928720066e-06,-0.001979498265757943,-0.015757320950345256,0.003721137660357441,0.002849706873598588,0.013064699764682717,0.0032494210610646444,0.6459397589264273,-5.498827415426755e-05,0.2713039175038435,nan,nan,nan,nan,nan,nan
917,4.589999999999924,Standing,0.8885556458514028,0.44645826355048157,1.5715471664866854,-2.0923436580969064,0.0043099214693447085,-0.41178206916418636,-1.4871636669456652,0.9580412897847211,0.023183442506040833,0.025829375822785744,0.016725335605094573,0.02777947516725872,-0.35096105630739893,0.011583021301017085,-0.021938555206004125,-0.395402966533647,-0.024112014006513093,-2.09759241357293,0.004488453859063982,-0.4079912577054204,-1.2356293338873778,-0.6753606201093929,0.032175041703079346,0.02535188176660126,0.020177633473126927,0.028797001710910916,-0.3293711844297462,-0.014096255200425548,-0.023625758521757523,-0.3951744796585664,0.02365115500121812,-0.023937552711917758,-0.05684353698268303,0.07588805948917364,-0.023959321904086842,-0.05711672074109886,-0.07595038373914616,0.00019398250204657016,-0.0001318385242099015,5.409608051722763e-05,-0.0036790148408479334,2.2730087974705057e-05,7.906533580563786e-05,0.00520187778154278,0.004407636232627135,4.1092489902114e-05,6.9620456732019144e-06,4.0980630535700025e-05,1.1270620654316388e-06,0.00039641630952868417,4.690470620183137e-05,-2.8589647227741444e-05,-1.8488635553387672e-05,-4.690737582280304e-06,0.001580381487514512,-5.78910732656872e-06,-3.735704342682941e-05,-0.0030639923760468583,0.0007495576106285143,-1.6205575450863015e-05,-5.167404419274751e-06,-5.718167330453658e-05,1.1328803601112117e-05,-0.0002326099930132632,2.8456121448380923e-05,1.720945646223266e-05,9.173884841852234e-06,-2.342779505688787e-06,-0.009410541474640792,0.040494670251772516,-0.007256115570256295,-0.01874272706127985,-0.03605372405511457,-0.01070185583462898,0.6459394921574493,-5.49893040975412e-05,0.271304121358765,nan,nan,nan,nan,nan,nan
918,4.594999999999924,Standing,0.8885549373810907,0.44645875905093063,1.5715468838303415,-2.092327051409139,0.0043098123954252035,-0.4117824222698232,-1.4871875742320917,0.9580195093468472,0.023183540092201926,0.0258293121603033,0.01672518005932499,0.0277794746396642,-0.3509628293875989,0.011582811210141397,-0.021938419827557218,-0.39540288193112355,-0.024111992990305368,-2.097600012500101,0.0044884797596530315,-0.407991036218077,-1.2356144984444541,-0.6753504384764657,0.0321751494263819,0.025351893419173478,0.0201775167243469,0.028797063780133504,-0.32937008051534783,-0.014096381059107902,-0.02362583840343637,-0.39517453297455646,0.023651170144433006,-0.024088135662727887,-0.056986651473567816,0.07594293468435843,-0.024081669853459376,-0.056905857467173214,-0.07592480868700113,-0.00014169406242645245,9.910008981293164e-05,-5.653126878903513e-05,0.003321337553396919,-2.1814783901048177e-05,-7.062112736481095e-05,-0.004781457285307122,-0.004356087574777511,1.9517232218324905e-05,-1.2732496488848443e-05,-3.1109153916907157e-05,-1.0551890369218108e-07,-0.00035461603999047814,-4.201817513756342e-05,2.7075689381740533e-05,1.6920504689922416e-05,4.203241544983937e-06,-0.001519785434182162,5.180117809930841e-06,4.429746868212088e-05,0.0029670885847569266,0.0020363265854381543,2.1544660510542473e-05,2.3305144429231656e-06,-2.33497560049156e-05,1.241384451776452e-05,0.00022078287968369458,-2.5171736470783396e-05,-1.597633576967383e-05,-1.0663198016173924e-05,3.0286429771243297e-06,-0.030116590162025426,-0.028622898176956846,0.010975039036959015,-0.024469589874506502,0.04217265478512914,0.005115010429004162,0.6459400645534514,-5.498666796090901e-05,0.2713036839051969,nan,nan,nan,nan,nan,nan
919,4.599999999999924,Standing,0.8885544349801004,0.44645911176261993,1.5715467890983237,-2.0923217600244435,0.004309788399571115,-0.4117825470866518,-1.4871949086574954,0.9580145009113398,0.02318326795905823,0.02582932370730821,0.016725100182978785,0.027779469878976174,-0.35096344692910364,0.011582738244856929,-0.02193838332780076,-0.3954028527606172,-0.02411198569175986,-2.097600686110821,0.004488483045286408,-0.4079909888575919,-1.2356105905427432,-0.6753523889320984,0.032175182164647556,0.025351901801288153,0.020177689761397916,0.028797029961107622,-0.3293697397293151,-0.014096424141982974,-0.023625863034467766,-0.3951745371268667,0.023651165600490524,-0.024152303203642724,-0.057022630206999846,0.07596091507693127,-0.024146496241919824,-0.0568534487375997,-0.0759239376944745,-0.00010048019805649982,7.054233786074866e-05,-1.894640354312401e-05,0.0010582769391236585,-4.799170817696782e-06,-2.496336571621513e-05,-0.0014668850807362899,-0.0010016871014788928,-5.442662873897249e-05,2.3094009823309568e-06,-1.5975269241053398e-05,-9.521376051911445e-07,-0.00012350830094963523,-1.459305689373997e-05,7.299951291196223e-06,5.834101266866595e-06,1.4597091018016287e-06,-0.00013472214404845815,6.571266753306176e-07,9.472097017328741e-06,0.0007815803421669159,-0.00039009112654488044,6.547653131399692e-06,1.6764229350071968e-06,3.460741020296645e-05,-6.763805176197039e-06,6.815720654552862e-05,-8.61657501440306e-06,-4.92620627875714e-06,-8.304620408514412e-07,-9.087884966631127e-07,-0.012833508182967333,-0.007195746686406011,0.0035960785145683315,-0.012965277692089503,0.010481745914703182,0.00017419850532710435,0.6459396941806156,-5.4989008899884984e-05,0.27130397187171784,nan,nan,nan,nan,nan,nan
920,4.604999999999924,Standing,0.8885544948974785,0.44645907842864874,1.5715469001055091,-2.0923274005888888,0.004309828983183167,-0.4117824354989868,-1.48718675132957,0.9580226599678868,0.02318319620530504,0.025829346555530677,0.01672512499524893,0.027779468104279476,-0.35096287375374974,0.011582806228907795,-0.02193843172058869,-0.3954028802108126,-0.024111992494459274,-2.097597100037749,0.004488471828937562,-0.4079910640328574,-1.2356160751585024,-0.6753502872209108,0.03217516254508385,0.025351892940059108,0.020177874661689226,0.02879697382842888,-0.32937013221190775,-0.01409638168585456,-0.023625834976404202,-0.39517451570613243,0.023651155468762206,-0.024167020971439697,-0.056952575395897966,0.0759481246501878,-0.024186507702662948,-0.05692119801243859,-0.07594480828744093,1.1983475613463283e-05,-6.666794234725182e-06,2.220143710670434e-05,-0.0011281128890926581,8.116722410379731e-06,2.231753300313811e-05,0.0016314655850670169,0.0016318113094173602,-1.435075063751321e-05,4.5696444931062905e-06,4.962454028836003e-06,-3.5493933956490804e-07,0.00011463507077933547,1.3596810173127587e-05,-9.678557586070483e-06,-5.490039074457423e-06,-1.3605398828655787e-06,0.000717214614378517,-2.243269769212118e-06,-1.5035053104868502e-05,-0.0010969231518061762,0.0004203422375161096,-3.923912739997293e-06,-1.7722458094616251e-06,3.6980058261928954e-05,-1.1226535748308256e-05,-7.849651853196379e-05,8.491225682771784e-06,5.611612712670706e-06,4.28414684904139e-06,-2.026345663511573e-06,-0.0029435535593946623,0.01401096222037581,-0.0025580853486947856,-0.008002292148624593,-0.013549854967778326,-0.004174118593286218,0.6459393685366822,-5.4989588413473936e-05,0.27130419747700657,nan,nan,nan,nan,nan,nan
921,4.609999999999924,Standing,0.8885546356557297,0.44645898828536157,1.571546994427489,-2.092331709823726,0.004309854710698624,-0.41178232878007953,-1.4871802353540302,0.9580281663316392,0.023183074753811355,0.025829378374699747,0.01672515716089983,0.027779469455230507,-0.35096237143422515,0.011582865753326921,-0.021938467448361705,-0.395402904786567,-0.024111998451444946,-2.097594934985995,0.0044884689616117674,-0.40799113329063563,-1.2356204394711716,-0.6753463566694387,0.03217513763040364,0.025351885782763327,0.020178149020063638,0.02879689046499502,-0.3293704761328775,-0.014096347139064717,-0.023625814164612288,-0.39517449852978254,0.023651148135550124,-0.024153660580685386,-0.056906095980342825,0.07593595480629471,-0.024188466789705657,-0.056973988963738426,-0.07595641400180125,2.815165023171087e-05,-1.802865743316188e-05,1.886439596936939e-05,-0.0008618469674495277,5.145503091436935e-06,2.1343781452240237e-05,0.0013031951079506394,0.001101272750484732,-2.42902987370339e-05,6.3638338138242966e-06,6.433130180082152e-06,2.701902061902399e-07,0.00010046390491484201,1.1904883825284159e-05,-7.145554603022026e-06,-4.9151508787188725e-06,-1.1913971346010604e-06,0.00043301035089587394,-5.734651587910738e-07,-1.3851555643811529e-05,-0.0008728625338519152,0.0007861102944394334,-4.982936043336013e-06,-1.4314591557443962e-06,5.487167488199989e-05,-1.6672686772275333e-05,-6.878419395144835e-05,6.909357968839176e-06,4.162358382724437e-06,3.435269981521934e-06,-1.4666424167909545e-06,0.0026720781508622806,0.009295883111028243,-0.0024339687786170128,-0.0003918174085419928,-0.010558190259967265,-0.0023211428720636583,0.6459393615376572,-5.498862975351804e-05,0.27130418362808684,nan,nan,nan,nan,nan,nan
922,4.614999999999924,Standing,0.8885545207549215,0.4464590679908417,1.571546984919815,-2.092329899781072,0.004309841696682537,-0.41178234741887876,-1.4871822883395867,0.9580259251620088,0.02318288389848615,0.02582940098289031,0.01672513983908872,0.027779470284962672,-0.35096250604188145,0.011582849851014697,-0.021938454836417945,-0.39540289926222966,-0.024111996862985943,-2.097595655263263,0.004488477399709024,-0.40799114069225456,-1.2356196746533257,-0.6753443575554452,0.03217513484024943,0.02535188816462596,0.02017850646803583,0.028796791228365846,-0.3293704374394635,-0.01409635941932178,-0.023625822111096397,-0.3951744965962607,0.02365114597213347,-0.024134417095474713,-0.056927924782239424,0.07593760838534468,-0.02416365732704116,-0.05696175441895761,-0.07594983455785326,-2.2980161638560874e-05,1.5941096020932293e-05,-1.9015347828594967e-06,0.0003620085308387658,-2.602803217332585e-06,-3.727759845079665e-06,-0.0004105971112910102,-0.0004482339260854734,-3.817106504091114e-05,4.52163811266455e-06,-3.464362222044989e-06,1.6594643291103148e-07,-2.692153126266721e-05,-3.1804624449528536e-06,2.5223887520495426e-06,1.1048674695466656e-06,3.176918006247995e-07,-0.0001440554535846267,1.6876194512411699e-06,-1.4803237804401635e-06,0.0001529635691940338,0.0003998227986900805,-5.580308420964672e-07,4.763725269770651e-07,7.148959443888397e-05,-1.984732583512803e-05,7.738682800793309e-06,-2.45605141246631e-06,-1.5892968220119524e-06,3.867043705223648e-07,-4.326833307850905e-07,0.003848697042134308,-0.004365760379319369,0.0003307158099937653,0.004961892532899635,0.0024469089561637777,0.0013158887895983124,0.6459394293210824,-5.498794392106269e-05,0.27130412902213896,nan,nan,nan,nan,nan,nan
923,4.619999999999924,Standing,0.8885543386599433,0.4464591964371526,1.5715469620017448,-2.0923267188419814,0.004309822736711239,-0.41178240410324674,-1.4871863510247216,0.9580222919655054,0.02318265895583409,0.02582942099375862,0.016725105061047518,0.02777946935775364,-0.35096281440280663,0.011582813399932534,-0.021938432605968266,-0.39540288523841943,-0.0241119932187613,-2.097597258494515,0.004488484460310215,-0.40799111594814214,-1.235616631612802,-0.6753477081222895,0.032175142599911756,0.025351896954598864,0.020178731490103623,0.0287967353353126,-0.3293702073214517,-0.014096391572613233,-0.023625841600356915,-0.39517450306345275,0.023651146721394012,-0.024108976089241105,-0.05696734973413846,0.07594208158622857,-0.024126302760410917,-0.0569295696108055,-0.07593699059194568,-3.641899565055681e-05,2.5689262183407903e-05,-4.583614041474087e-06,0.0006361878181929773,-3.791994259608819e-06,-1.133687359257663e-05,-0.0008125370269940368,-0.0007266393006763855,-4.498853041235847e-05,4.002173662030377e-06,-6.955608239954351e-06,-1.8544180653832235e-07,-6.167218504047313e-05,-7.290216432629593e-06,4.44608993608027e-06,2.804762043426012e-06,7.288449289978428e-07,-0.0003206462504624108,1.4121202381923914e-06,4.948822483278647e-06,0.0006086081047084612,-0.000670113368861183,1.5519324662855231e-06,1.757994580168235e-06,4.5004413558494204e-05,-1.1178610649171511e-05,4.602360234622024e-05,-6.43065829069942e-06,-3.897852103850741e-06,-1.2934384133795981e-06,1.498521081647325e-07,0.00508820124672139,-0.007884990379806577,0.0008946401767797021,0.007470913326048486,0.006436961630420969,0.002568793181513732,0.6459393593509786,-5.498818868662407e-05,0.27130418376363363,nan,nan,nan,nan,nan,nan
924,4.624999999999924,Standing,0.8885543611308945,0.4464591870256974,1.5715470008384438,-2.0923271797996987,0.004309827240012648,-0.41178239010747547,-1.4871853963632704,0.9580231883413716,0.023182513804592846,0.02582944100113623,0.016725104376013763,0.02777946841603124,-0.3509627523220515,0.011582820789144148,-0.021938438817642607,-0.395402888399561,-0.024111993959707655,-2.097597590429136,0.004488482599491229,-0.4079911112116272,-1.2356158282560525,-0.6753529777437374,0.03217514251578454,0.02535190159730574,0.02017878097434829,0.028796726275215914,-0.3293701356434363,-0.014096401544989395,-0.023625845888582787,-0.3951745079795345,0.02365114856852763,-0.02407588142132173,-0.056971078270115535,0.07593762288489271,-0.024089755716787252,-0.05693127483565087,-0.07593153214445748,4.4941902411390665e-06,-1.8822910338077303e-06,7.76733978031938e-06,-9.219154346198596e-05,9.006602817430592e-07,2.79915425059345e-06,0.00019093229023484494,0.0001792751732330372,-2.9030248248766844e-05,4.001475522428276e-06,-1.3700675092317512e-07,-1.8834448031983117e-07,1.2416151028480884e-05,1.4778423228714153e-06,-1.2423348683599083e-06,-6.322283166066106e-07,-1.4818927159788017e-07,-6.63869241960407e-05,-3.721637973579185e-07,9.473029915716123e-07,0.00016067134993145738,-0.001053924289568556,-1.682544316824495e-08,9.285413749620209e-07,9.896848933295834e-06,-1.8120193370200704e-06,1.433560308308246e-05,-1.99447523249019e-06,-8.576451745492304e-07,-9.832163481451257e-07,3.694267239468843e-07,0.006618933583874359,-0.0007457071954150019,-0.0008917402671731647,0.007309408724733307,-0.0003410449690741304,0.0010916894976385916,0.6459392357432324,-5.4988697233457265e-05,0.2713042685502426,nan,nan,nan,nan,nan,nan
925,4.6299999999999235,Standing,0.8885544868993375,0.4464591015492814,1.5715470464633015,-2.092329513757266,0.004309842321075443,-0.41178233490202276,-1.4871818439563713,0.9580262331028812,0.023182491927905603,0.025829452361556517,0.016725130215891695,0.02777946861747838,-0.3509624796896738,0.011582853051945938,-0.021938458311157677,-0.3954029013468751,-0.0241119971882201,-2.09759681737425,0.004488477585334418,-0.40799113012981747,-1.235617357547816,-0.675356528280291,0.032175133945570894,0.02535189987360777,0.020178755882999506,0.02879673319962019,-0.3293702476530657,-0.014096388404468483,-0.023625834913433234,-0.3951745106035566,0.023651151427742653,-0.024040390755220672,-0.056954566086183926,0.07592841058449304,-0.024057302515765492,-0.056959631004625415,-0.0759324214116202,2.5153688587798473e-05,-1.7095283202322045e-05,9.124971537978178e-06,-0.00046679151348679696,3.016212558910216e-06,1.1041090541088736e-05,0.0007104813798159648,0.0006089523019153908,-4.3753374487679215e-06,2.2720840568078513e-06,5.167975586460978e-06,4.0289427869094593e-08,5.4526475534714206e-05,6.4525603578365085e-06,-3.898703013989007e-06,-2.5894628224696416e-06,-6.457024887510534e-07,0.00015461097724656564,-1.0028313620826382e-06,-3.7836380586510857e-06,-0.00030585835266747936,-0.0007101073107266245,-1.7140427291998957e-06,-3.4473959410372163e-07,-5.0182697569944995e-06,1.3848808549644231e-06,-2.240192588012755e-05,2.6281041824741983e-06,2.1950299106491055e-06,-5.248044087117265e-07,5.71843004171941e-07,0.007098133220211776,0.0033024367863219847,-0.0018424600799348363,0.006490640204351746,-0.005671233794908637,-0.00017785343254145768,0.6459392250573479,-5.4988724357847896e-05,0.2713042621592391,nan,nan,nan,nan,nan,nan
926,4.634999999999923,Standing,0.8885544766427559,0.4464591002701365,1.5715470326898897,-2.092329444449028,0.00430984180259542,-0.4117823303462976,-1.487181740293657,0.9580262860762523,0.023182525849218438,0.025829449522074846,0.016725138562947117,0.02777946892049547,-0.3509624587987967,0.01158285548507974,-0.02193845791442488,-0.39540290234507625,-0.02411199743228857,-2.097596669277903,0.004488477507597354,-0.407991131571352,-1.2356180568693012,-0.6753553807426883,0.03217513688328936,0.02535189530141428,0.02017874358961363,0.02879673619591544,-0.32937030828241204,-0.014096381381435647,-0.02362582776539741,-0.3951745172691847,0.023651156019312423,-0.024009462108716396,-0.05696107869386648,0.07592490358454278,-0.024023746796189092,-0.056970360584212405,-0.0759293570404515,-2.0513163270013915e-06,-2.5582898520743133e-07,-2.7546823604069354e-06,1.3861647545574014e-05,-1.0369600453360775e-07,9.111450375571192e-07,2.0732542904067924e-05,1.0594674237733841e-05,6.784262566896654e-06,-5.678963344192573e-07,1.6694110840593368e-06,6.060341834204228e-08,4.178175423663944e-06,4.866267602843661e-07,7.934655911859334e-08,-1.9964022573751442e-07,-4.881369376473308e-08,2.9619269359582398e-05,-1.5547412807970474e-08,-2.883069004512999e-07,-0.00013986429703025232,0.00022950752054651236,5.87543693480546e-07,-9.144386978111583e-07,-2.458677174848301e-06,5.992590502613531e-07,-1.2125869261532146e-05,1.4046065672964675e-06,1.4296071647558903e-06,-1.3331256168058237e-06,9.183139542316709e-07,0.006185729300855678,-0.001302521536511044,-0.0007013999900531355,0.006711143915280095,-0.0021459159173986414,0.0006128742337372252,0.6459392888872248,-5.498842701035485e-05,0.27130420821164014,nan,nan,nan,nan,nan,nan
927,4.639999999999923,Standing,0.888554458347873,0.44645910204499695,1.571547020261046,-2.092328449734562,0.004309835063132406,-0.41178235193969276,-1.4871831610860493,0.9580250540818224,0.02318256736425532,0.025829441461800374,0.01672513572457574,0.027779468745120682,-0.35096256061586223,0.011582843407564478,-0.02193844965471368,-0.39540289746124907,-0.02411199622429989,-2.097597452757412,0.004488480490048748,-0.4079911173020077,-1.2356175884787013,-0.6753506365709383,0.03217514993552505,0.025351890968113144,0.02017879695455812,0.028796721814888567,-0.32937028175771516,-0.014096385841809488,-0.023625828919938127,-0.39517452292359356,0.02365115899764466,-0.02398258693209335,-0.05697869093651907,0.07592443392715371,-0.02399035927846566,-0.05696118911677318,-0.07592206614158514,-3.658976568406546e-06,3.549720870182369e-07,-2.485768747631626e-06,0.00019894289323856926,-1.3478926028263248e-06,-4.318679039307546e-06,-0.00028415847849978804,-0.00024639888598418234,8.303007377124175e-06,-1.6120548947061297e-06,-5.676742753463256e-07,-3.507495755934769e-08,-2.036341311592236e-05,-2.41550305235893e-06,1.6519422399110517e-06,9.767654326359312e-07,2.415977354757936e-07,-0.00015669590172954711,5.964902787646353e-07,2.8538688528989908e-06,9.367811996491155e-05,0.0009488343499941657,2.6104471395095026e-06,-8.666602277190385e-07,1.0672988897630921e-05,-2.876205374884849e-06,5.304939380196082e-06,-8.920747683660335e-07,-2.3090814344272526e-07,-1.1308817813824245e-06,5.956664473924685e-07,0.005375035324609238,-0.0035224485305167747,-9.393147781240651e-05,0.006677503544686575,0.0018342934878459215,0.0014581797732727913,0.6459392874141755,-5.498841583375586e-05,0.27130421329039406,nan,nan,nan,nan,nan,nan
928,4.644999999999923,Standing,0.8885545943038331,0.44645899868522915,1.571547051655816,-2.092329722190954,0.004309841904003601,-0.41178232956535116,-1.4871815504995205,0.9580264046057484,0.02318265080568892,0.025829434628134213,0.01672515516806205,0.027779469023737187,-0.3509624360393989,0.011582858138392967,-0.02193845844130755,-0.3954029031906437,-0.024111997697143412,-2.097597597618874,0.004488481682675236,-0.4079911338977387,-1.2356186959723752,-0.6753469009046124,0.03217514604116553,0.025351887714736343,0.02017890299341746,0.028796689579445794,-0.32937037149585635,-0.01409637797538643,-0.023625824598769114,-0.3951745155513499,0.02365115632574844,-0.023956137961576564,-0.056974181114398434,0.0759192485480973,-0.023962782867472113,-0.05696924610513201,-0.07591939741486431,2.7191191998417478e-05,-2.0671953564120466e-05,6.278954018106356e-06,-0.00025449127845814264,1.3681742389558572e-06,4.4748683181423225e-06,0.0003221173057759017,0.000270104785201789,1.668828671959578e-05,-1.366733232051213e-06,3.888697261977103e-06,5.5723300848762766e-08,2.4915292659492602e-05,2.9461656979171226e-06,-1.7573187741087548e-06,-1.1458789288554522e-06,-2.9456870412835867e-07,-2.8972292409547713e-05,2.3852529762065444e-07,-3.319146200857309e-06,-0.00022149873478833815,0.0007471332651875366,-7.788719040405271e-07,-6.506753601701804e-07,2.1207771868634067e-05,-6.4470885544302625e-06,-1.794762824174117e-05,1.5732846117610382e-06,8.642338024304574e-07,1.474448725998206e-06,-5.343792438617041e-07,0.005289794103357688,0.0009019644241265628,-0.0010370758112827239,0.005515282198709106,-0.0016113976717657447,0.0005337453441680928,0.6459392811339031,-5.498861127606058e-05,0.27130422094193696,nan,nan,nan,nan,nan,nan
929,4.649999999999923,Standing,0.8885546152462289,0.44645896851384964,1.5715470378936613,-2.0923299332976875,0.0043098427601871905,-0.4117823283368935,-1.4871814017563891,0.9580266321865117,0.02318276437044191,0.025829420844799472,0.016725165734611212,0.027779469353571375,-0.3509624182193296,0.011582860217405129,-0.021938458673966876,-0.39540290386934135,-0.0241119979041436,-2.0975972998360572,0.004488485568332411,-0.40799116607311037,-1.2356204763123484,-0.6753438915997991,0.03217513173155212,0.02535188547215767,0.020179049415475724,0.02879664380288277,-0.32937051636476267,-0.014096364653387611,-0.023625817904632824,-0.3951745021841857,0.023651151444668114,-0.023933547904287703,-0.056976983291287794,0.07591626938716099,-0.023938998232035606,-0.05698063604780783,-0.07591803448043857,4.188479154858444e-06,-6.034275902365558e-06,-2.752430963709944e-06,-4.2221346653269594e-05,1.7123671793456305e-07,2.4569153787257114e-07,2.9748626271698794e-05,4.551615266224621e-05,2.271295059811962e-05,-2.756666947890416e-06,2.113309832891651e-06,6.596683754165955e-08,3.5640138651785824e-06,4.1580243246772676e-07,-4.6531865448324344e-08,-1.357395331576256e-07,-4.140003756293705e-08,5.955656335734661e-05,7.771314351011367e-07,-6.435074332980909e-06,-0.0003560679946437753,0.0006018609626566834,-2.861922682171186e-06,-4.485157342034025e-07,2.9284411652863448e-05,-9.155312604306627e-06,-2.8973781264370687e-05,2.664399763573395e-06,1.3388272578716815e-06,2.673432843906561e-06,-9.762160653062043e-07,0.004518011457772452,-0.0005604353778721428,-0.0005958321872612056,0.00475692708730149,-0.0022779885351646373,0.0002725868851476749,0.6459393671138275,-5.4988527936213656e-05,0.27130416101814664,nan,nan,nan,nan,nan,nan
930,4.654999999999923,Standing,0.8885546816707626,0.44645891223337725,1.5715470408821586,-2.092329726048358,0.004309839662361332,-0.41178234011615467,-1.4871820390078252,0.9580260023370911,0.023182868280606346,0.025829406262959712,0.016725168764661215,0.02777946962857362,-0.35096246328651276,0.01158285487178424,-0.021938454949953227,-0.39540290160949815,-0.024111997368254735,-2.097597963328638,0.004488490764135027,-0.4079911846172538,-1.2356208028000393,-0.6753429467430995,0.03217512087052473,0.02535188720906407,0.020179239236778303,0.028796587794463858,-0.3293705517438835,-0.014096365225995262,-0.023625819743367266,-0.3951744929507484,0.023651147877353628,-0.023914736782434057,-0.056986393841449136,0.07591530335195479,-0.02391603628938926,-0.05697394940998607,-0.07591293831663985,1.328490673077694e-05,-1.1256094483175886e-05,5.976994539314472e-07,4.144986587212823e-05,-6.195651716707455e-07,-2.3558522386680963e-06,-0.00012745028719120843,-0.00012596988412218857,2.0782032887012827e-05,-2.91636795215514e-06,6.060100001982519e-07,5.500044967001388e-08,-9.013436633499898e-06,-1.0691241778384821e-06,7.448027300391417e-07,4.519686411266084e-07,1.0717777274445173e-07,-0.0001326985161563135,1.039160523287741e-06,-3.7088286929709054e-06,-6.529753819579665e-05,0.00018897133992913282,-2.172205478575674e-06,3.4738128010251017e-07,3.7964260515675416e-05,-1.120168378261921e-05,-7.075824170133476e-06,-1.1452153011755281e-07,-3.6774688822483424e-07,1.8466874585035762e-06,-7.134628973326705e-07,0.003762224370729253,-0.0018821100322687185,-0.00019320704124080253,0.004592388529268735,0.0013373275643512477,0.0010192327597445937,0.6459393956043876,-5.4988481384028006e-05,0.2713041569739194,nan,nan,nan,nan,nan,nan
931,4.659999999999923,Standing,0.8885548021484856,0.4464588166762033,1.571547054913962,-2.0923311266996927,0.0043098471568053685,-0.41178231695516604,-1.4871803761008096,0.9580274144396798,0.023182988075273723,0.025829394891670136,0.01672518867264348,0.02777947034605854,-0.35096233413480526,0.01158287014882377,-0.021938463870333016,-0.39540290754671087,-0.024111998894709264,-2.0975975021018005,0.004488493580262809,-0.40799123496489276,-1.235623309858025,-0.675343711629011,0.03217509357590726,0.02535188694130122,0.020179443430374904,0.028796522863196103,-0.3293707532860538,-0.014096346835540539,-0.023625808914309324,-0.39517447757981483,0.02365114354507536,-0.023896604273945653,-0.05697769036641068,0.07591054596423429,-0.023899832623363,-0.05699047023296152,-0.07591389627238371,2.4095544612557826e-05,-1.9111434788060143e-05,2.806360680620251e-06,-0.00028013026692633235,1.4988888073984167e-06,4.632197723912473e-06,0.00033258140313442686,0.0002824205177345414,2.3958933475309847e-05,-2.2742579152435917e-06,3.981596453445405e-06,1.434969838149405e-07,2.58303415029368e-05,3.055407905854643e-06,-1.784075957842837e-06,-1.1874425450014399e-06,-3.052909060234999e-07,9.22453674911507e-05,5.632255563511713e-07,-1.0069527792045233e-05,-0.0005014115971142398,-0.00015297718230980982,-5.458923493585793e-06,-5.355257009011711e-08,4.083871932011624e-05,-1.2986253550909732e-05,-4.030843406044797e-05,3.6780909447551063e-06,2.1658115884087126e-06,3.074186716718381e-06,-8.664556539979164e-07,0.0036265016976808426,0.0017406950076918868,-0.0009514775440997677,0.0032407332052520584,-0.0033041645950908183,-0.0001915911487714488,0.6459394472978062,-5.498859424452234e-05,0.27130413492293115,nan,nan,nan,nan,nan,nan
932,4.664999999999923,Standing,0.8885547560413103,0.44645883795358315,1.5715470189185683,-2.0923291130481845,0.004309833145692845,-0.41178236866720613,-1.4871836256669249,0.95802456520112,0.023183081054286032,0.025829375344652204,0.016725168757806164,0.0277794701897908,-0.35096257983141227,0.011582841057683375,-0.021938445798691027,-0.395402895834741,-0.024111995983763252,-2.09759860461927,0.00448850089215933,-0.4079912433665638,-1.235622798113927,-0.675345330055423,0.032175085429146384,0.025351890294015942,0.020179651132624404,0.028796461756346325,-0.32937072750342805,-0.014096355172044992,-0.023625812977670708,-0.39517447620237584,0.023651144380364926,-0.023886236310642732,-0.05700328199007313,0.0759144172753041,-0.023881748056683604,-0.05696876216881073,-0.07590634172101203,-9.221435049424107e-06,4.255475973087715e-06,-7.19907877650586e-06,0.00040273030163496116,-2.8022225047287303e-06,-1.0342408024192245e-05,-0.0006499132230423975,-0.0005698477119507584,1.8595802461878008e-05,-3.909403586298502e-06,-3.982967463701797e-06,-3.1253547396586935e-08,-4.9139321401991804e-05,-5.818228078683741e-06,3.6143283977284118e-06,2.3423939784059234e-06,5.821892020656263e-07,-0.00022050349382960458,1.462379304351999e-06,-1.6803342075880187e-06,0.00010234881959601068,-0.00032368528240195185,-1.6293521747955015e-06,6.705429439063543e-07,4.154044990008077e-05,-1.2221369955309235e-05,5.156525150072607e-06,-1.6673008907796821e-06,-8.126722765582261e-07,2.7548780218805546e-07,1.6705791349415274e-07,0.0020735926605841056,-0.0051183247324912045,0.0007742622139608774,0.0036169133358790843,0.004341612830158223,0.0015109102743364076,0.6459395344062775,-5.498842401985114e-05,0.27130409430682295,nan,nan,nan,nan,nan,nan
933,4.669999999999923,Standing,0.8885551973476303,0.44645852366663,1.5715471209755387,-2.0923358574720115,0.0043098727464450535,-0.41178223021467475,-1.4871744481852358,0.95803213675268,0.023183237544216424,0.025829377248349585,0.01672524683739234,0.02777947274661196,-0.3509618763186972,0.011582924323561502,-0.021938496021912834,-0.3954029288188268,-0.024112004309613477,-2.097596198856877,0.0044884965054409484,-0.4079913551675878,-1.2356298991402048,-0.6753473252232312,0.032175027073026476,0.02535188343712837,0.020179820684551392,0.028796395670012458,-0.32937128609591104,-0.014096294619121711,-0.023625775134547337,-0.39517444995329515,0.023651139626706515,-0.02387384790166952,-0.05693938956889345,0.07589866843740757,-0.023885680913546696,-0.057033337703087196,-0.07592085762276593,8.826126401644841e-05,-6.285739062519033e-05,2.0411394101998233e-05,-0.0013488847654282785,7.920150441805434e-06,2.7690506277907754e-05,0.001835496337815882,0.0015143103119832904,3.129798607818548e-05,3.8073947604762195e-07,1.5615917234889325e-05,5.113642315093342e-07,0.0001407025430187667,1.6653175625327565e-05,-1.004464436134662e-05,-6.596817171524594e-06,-1.6651700447213063e-06,0.00048115247852746726,-8.773436763038516e-07,-2.236020480156428e-05,-0.001420205255589418,-0.00039903356164296903,-1.1671223981078509e-05,-1.371377514173181e-06,3.391038539779124e-05,-1.3217266773305167e-05,-0.0001117184966002499,1.2110584656142175e-05,7.568624673962073e-06,5.2498161409570615e-06,-9.507316823796363e-07,0.0024776817946425386,0.012778484235934869,-0.003149767579304104,-0.0007865713726185842,-0.012915106855293056,-0.002903180350780304,0.6459395244386459,-5.4988755929139145e-05,0.27130413121047675,nan,nan,nan,nan,nan,nan
934,4.6749999999999226,Standing,0.8885541794029074,0.4464592148814477,1.5715468034792774,-2.092317969465629,0.004309763747395973,-0.41178262315087355,-1.4872000658309272,0.9580106389149059,0.023183185971177443,0.02582932248995647,0.016725045581058612,0.027779467592037452,-0.350963833723567,0.01158269252494222,-0.021938354859693233,-0.3954028357370918,-0.024111981125888964,-2.0976025929610564,0.0044885236810882235,-0.4079911953896237,-1.2356175425832325,-0.6753506235078288,0.03217509627348329,0.025351901673398253,0.020179943001911758,0.02879638047333124,-0.3293703565158065,-0.014096406753703113,-0.023625840070881057,-0.39517449507684965,0.023651155218187267,-0.02394814853033615,-0.05710509800331667,0.07594621162796941,-0.023910738367703726,-0.05685394035334445,-0.07588628204566596,-0.0002035889445906191,0.000138242963536217,-6.349925227775763e-05,0.003577601276515396,-2.179980981617908e-05,-7.858723975647433e-05,-0.005123529138283855,-0.0042995675548148215,-1.0314607796381031e-05,-1.0951678622997495e-05,-4.0251266745067296e-05,-1.0309149013135647e-06,-0.0003914809739553554,-4.635972385640582e-05,2.8232443920525644e-05,1.861634700909519e-05,4.636744902470073e-06,-0.0012788208358943598,5.435129455027746e-06,3.195559281753446e-05,0.0024713113944626313,-0.0006596569195233607,1.3840091362875017e-05,3.647253976628381e-06,2.4463472073217664e-05,-3.0393362441056746e-06,0.0001859160209159379,-2.2426916280332097e-05,-1.298726674379006e-05,-9.024710897266883e-06,3.1182961502462207e-06,-0.01486012573332562,-0.03314168688464365,0.009508638112369214,-0.005011490831405729,0.035879469948548966,0.006915115419995685,0.645939803027044,-5.498786206999205e-05,0.2713039554686708,nan,nan,nan,nan,nan,nan
935,4.6799999999999224,Standing,0.888554859627689,0.4464587414845995,1.571547067769486,-2.0923349398943882,0.004309875422931778,-0.4117822678879742,-1.487175945854032,0.9580325135315685,0.02318322296947322,0.025829368779108478,0.01672520134945138,0.027779468868857342,-0.35096204496492356,0.011582904153334673,-0.02193849062747066,-0.39540291838385794,-0.024112002293769825,-2.097594130805994,0.0044884998566993494,-0.40799144128722314,-1.2356349332822312,-0.6753564107272859,0.032174977180103655,0.02535188197475207,0.020179978325986378,0.028796334776648207,-0.3293716750052469,-0.01409625452834957,-0.02362574395074915,-0.3951744353778295,0.02365114173507123,-0.024058987588523865,-0.05689685871734464,0.07591893567046963,-0.024071017909948002,-0.05701743275679766,-0.07594703810355363,0.0001360449563330139,-9.4679369637137e-05,5.285804173988316e-05,-0.003394085751814835,2.2335107161065173e-05,7.105257987252648e-05,0.0048239953790448955,0.004374923332508343,7.3996591552716196e-06,9.257830401882175e-06,3.1153678553748825e-05,2.5536397769333226e-07,0.00035775172869073667,4.232567849036279e-05,-2.7153555485488708e-05,-1.652935323474609e-05,-4.233576171962765e-06,0.0016924310124926275,-4.764877774760898e-06,-4.917951989273911e-05,-0.003478139799731584,-0.001157443891414277,-2.3818675926944368e-05,-3.939729236864168e-06,7.06481492396307e-06,-9.139336606109985e-06,-0.00026369788808032046,3.0445070708494843e-05,1.922402638107825e-05,1.193980403722692e-05,-2.696623207260315e-06,-0.02216781163754307,0.041647857194406966,-0.005455191499955396,-0.0320559084488551,-0.03269848069064173,-0.012151211577534156,0.6459392214631476,-5.499028882699157e-05,0.2713044322894205,nan,nan,nan,nan,nan,nan
936,4.684999999999922,Standing,0.8885549435156369,0.4464586795471853,1.571547059530448,-2.0923353052459635,0.004309870689905035,-0.41178225281797043,-1.487175583757172,0.9580318388662904,0.023183466286122095,0.025829343084439956,0.016725217527300218,0.027779472128457994,-0.3509619706670628,0.011582912893610115,-0.021938489518362803,-0.39540292230647284,-0.02411200316780846,-2.0975940173283187,0.004488503831849857,-0.4079914679829839,-1.2356373725667025,-0.675353454168684,0.03217494684802078,0.025351876030812195,0.020179594319976613,0.028796429981230203,-0.32937192022096534,-0.014096219084825624,-0.02362572911806478,-0.3951744336146762,0.023651147536296085,-0.024127924561800847,-0.056876586176961286,0.07592551626414923,-0.02414183260712016,-0.057011266529488465,-0.07595703198565816,1.6777589577179455e-05,-1.238748284055545e-05,-1.6478076350103554e-06,-7.307031501200536e-05,-9.466053484942326e-07,3.014000750941161e-06,7.241937195128206e-05,-0.00013493305562441507,4.866332977454204e-05,-5.138933704578839e-06,3.2355697673591836e-06,6.51920130718778e-07,1.4859572153859651e-05,1.748055088364491e-06,2.2182157135555028e-07,-7.845229815754294e-07,-1.7480772741150912e-07,2.2695535058816357e-05,7.950301014922861e-07,-5.339152154756897e-06,-0.00048785689425317243,0.0005913117203804339,-6.066416575103276e-06,-1.1887879748664043e-06,-7.68012019528222e-05,1.904091639934911e-05,-4.904314369139434e-05,7.088704789231937e-06,2.9665368745523036e-06,3.5263065341555345e-07,1.1602449712227308e-06,-0.013787394655396213,0.0040545080766697175,0.0013161187359196948,-0.014162939434432066,0.0012332454618382768,-0.0019987764209057277,0.645939586688587,-5.4987738221664923e-05,0.27130417078031394,nan,nan,nan,nan,nan,nan
937,4.689999999999922,Standing,0.8885545207444456,0.44645896778603567,1.5715469185265705,-2.0923271752204164,0.00430981919164693,-0.4117824166811801,-1.4871868894168578,0.9580217128194393,0.023183263979112162,0.025829344587632426,0.016725139400864137,0.027779471290763486,-0.350962819164022,0.011582812542372511,-0.021938426549311378,-0.39540288311133354,-0.024111993129493327,-2.097597253265489,0.004488517854421649,-0.4079913952123007,-1.2356320415023239,-0.6753541357497014,0.03217496266922342,0.025351884737733796,0.020179299269756767,0.02879651580028922,-0.32937154645506256,-0.014096257828180829,-0.02362575900101348,-0.39517445084615993,0.023651156172242664,-0.02416720647010991,-0.05695395975724456,0.0759484405519525,-0.024158268231758772,-0.0569242530463452,-0.07594094985322591,-8.455423824879343e-05,5.764777007300925e-05,-2.8200775474414878e-05,0.0016260051093584262,-1.029965162094323e-05,-3.277264192963499e-05,-0.0022611319371572025,-0.0020252093702278168,-4.04614019868628e-05,3.0063849374106734e-07,-1.5625287215960366e-05,-1.6753890169735583e-07,-0.00016969939183885747,-2.007024752072636e-05,1.2593810285104528e-05,7.8390278553956e-06,2.0076630268639505e-06,-0.0006471874340757052,2.8045143583715737e-06,1.455413664247662e-05,0.0010662128757208222,-0.00013631620348162027,3.164240528262872e-06,1.7413843200575646e-06,-5.901004396907109e-05,1.716381180332138e-05,7.475318055320159e-05,-7.748671040785768e-06,-5.976589740342313e-06,-3.446296743104594e-06,1.7271893158165745e-06,-0.00785638166181233,-0.015474716056654167,0.004584857560655076,-0.0032871249277217334,0.0174026966286524,0.003216426486450017,0.6459396643345989,-5.498763878273687e-05,0.2713041528893127,nan,nan,nan,nan,nan,nan
938,4.694999999999922,Standing,0.8885542401641312,0.44645917471777197,1.571546869853344,-2.0923238751943365,0.004309803504261896,-0.41178248777367543,-1.4871912235569622,0.958018547411677,0.02318297142933124,0.025829368758826864,0.01672508888369183,0.027779468343105386,-0.350963184512479,0.011582769469795348,-0.021938405426975453,-0.3954028666122671,-0.024111988822058734,-2.0975982555654547,0.0044885152064201616,-0.40799132835077895,-1.235628785932626,-0.6753573598773294,0.032174974903583994,0.02535189153374976,0.020178452827071768,0.028796759658917193,-0.32937129139116184,-0.014096270635079677,-0.023625777136388814,-0.3951744599122439,0.02365116050512345,-0.024167247921461864,-0.056987264911483225,0.07595563015881428,-0.024149311813607986,-0.05689432390961638,-0.0759330792562264,-5.611606287934541e-05,4.1386347256861504e-05,-9.734645330485845e-06,0.0006600052160344176,-3.137477006884668e-06,-1.421849906278112e-05,-0.0008668280208788198,-0.0006330815524583043,-5.850995618392472e-05,4.8342388873426066e-06,-1.010343446156564e-05,-5.895316197637152e-07,-7.306969139428376e-05,-8.614515432508624e-06,4.224467184786043e-06,3.2998132918205964e-06,8.614869184905641e-07,-0.00020045999316494872,-5.296002975361216e-07,1.3372304354346579e-05,0.0006511139395540939,-0.0006448255255896687,2.4468721145053844e-06,1.3592031927708673e-06,-0.00016928853700003311,4.877172559529499e-05,5.1012780148228095e-05,-2.561379769624423e-06,-3.6270750670071856e-06,-1.8132168035948955e-06,8.665761573827642e-07,-8.290270391181007e-06,-0.006661030847733859,0.0014379213723553393,0.0017912836301570527,0.0059858273457640155,0.001574119399903581,0.6459394262386906,-5.4988787600519616e-05,0.27130435683814697,nan,nan,nan,nan,nan,nan
939,4.699999999999922,Standing,0.88855431270304,0.4464591456388423,1.5715469361017183,-2.0923269772012527,0.004309826127338434,-0.4117824202076533,-1.4871864900318594,0.9580230772770643,0.023182800489174493,0.025829398952817186,0.016725100828881928,0.027779467060103116,-0.3509628525368228,0.011582808883901681,-0.021938433809965165,-0.3954028828357943,-0.024111992767028263,-2.097596856433927,0.004488501844735775,-0.4079913123302335,-1.2356299119196228,-0.6753574481030669,0.03217497115023942,0.025351888821283555,0.020177564660364727,0.028797008360146946,-0.32937136441158554,-0.014096243445222215,-0.023625770178809322,-0.3951744565130957,0.02365116075785549,-0.024143835366058495,-0.05695781254481827,0.07594555384631103,-0.02413458221995082,-0.05693126983269483,-0.07593866709588035,1.4507781751433798e-05,-5.815785927049194e-06,1.3249674879843875e-05,-0.0006204013832706421,4.524615307652752e-06,1.3513204418136085e-05,0.0009467050205574762,0.0009059730774545955,-3.418803134986449e-05,6.038798064200337e-06,2.3890380194460614e-06,-2.5660045411804284e-07,6.639513123795158e-05,7.882821266614641e-06,-5.676597942588707e-06,-3.2447054346574844e-06,-7.889939054966504e-07,0.00027982630547414105,-2.672336877254845e-06,3.204109083822887e-06,-0.00022519739935446877,-1.7645147493588467e-05,-7.506689147281739e-07,-5.424932412600148e-07,-0.00017763334140805115,4.974024595033735e-05,-1.4604084741045227e-05,5.437971492417667e-06,1.3915158983565793e-06,6.798296529353357e-07,5.054640819337951e-08,0.004682511080673626,0.005890473332991612,-0.0020152625006472935,0.0029459187314335106,-0.007389184615690074,-0.0011175679307877469,0.6459392307129995,-5.498924340868644e-05,0.2713044958624965,nan,nan,nan,nan,nan,nan
940,4.704999999999922,Standing,0.8885544965456873,0.44645903940221604,1.5715470027842144,-2.092330224146237,0.004309845454124241,-0.41178234166870203,-1.4871815974569946,0.9580270451401594,0.023182739894485396,0.025829418887754335,0.0167251281081117,0.027779467830922326,-0.3509624748271017,0.011582853627590605,-0.021938460699892554,-0.3954029011967786,-0.024111997245108374,-2.0975959021373622,0.0044884914301590965,-0.40799129487795954,-1.2356305861847543,-0.6753545482725934,0.03217497187937092,0.025351885198812138,0.020176858511842283,0.028797205640742445,-0.3293714128757097,-0.014096222268097074,-0.023625766288274785,-0.3951744536677085,0.02365116022839132,-0.024110475454162065,-0.05693085612582745,0.07593444263552361,-0.024109334034895874,-0.05696707093448127,-0.075942333792033,3.6768529468783376e-05,-2.124732525360087e-05,1.3336499243498393e-05,-0.000649388996914989,3.865357161393517e-06,1.5707790254001852e-05,0.0009785149729382252,0.0007935726190268946,-1.2118937819054258e-05,3.98698742973958e-06,5.455845954426153e-06,1.5416384182012965e-07,7.554194421880908e-05,8.948737784914315e-06,-5.377985477765132e-06,-3.672196866271073e-06,-8.956160223815857e-07,0.0001908593129718783,-2.0829153356854972e-06,3.4904547907717766e-06,-0.00013485302630725015,0.0005799660946827851,1.458262999674344e-07,-7.244942835448162e-07,-0.00014122970448866205,3.9456119099548776e-05,-9.692824834411625e-06,4.235425028030488e-06,7.78106907680099e-07,5.690774392463526e-07,-1.0589283418946638e-07,0.006671982379286224,0.005391283798164139,-0.0022222421574846383,0.005049637010988951,-0.007160220357289163,-0.0007333392305285774,0.6459392386976504,-5.498879368316699e-05,0.27130446896282534,nan,nan,nan,nan,nan,nan
941,4.709999999999922,Standing,0.8885545230620918,0.44645903467160575,1.5715469987070416,-2.0923295609592683,0.004309839556095285,-0.4117823460222916,-1.4871823186703286,0.9580259532980834,0.023182704853633437,0.025829423757132826,0.01672512540682925,0.027779468435478193,-0.35096251171653375,0.01158284925262693,-0.02193845563550705,-0.395402899849649,-0.024111996809195266,-2.0975966872998013,0.004488489446984179,-0.40799124400854747,-1.235627939770946,-0.6753512134024682,0.032174993088323986,0.025351886842908736,0.020176497585644836,0.028797311332498236,-0.3293712067012501,-0.014096237522509774,-0.023625781570193523,-0.39517445888620695,0.02365116032055564,-0.02407910796094565,-0.05694592354042048,0.07593271111715591,-0.024074824046968223,-0.05696162261324058,-0.07593564747680397,5.303280895732923e-06,-9.461220547015617e-07,-8.154345630360463e-07,0.00013263739375899786,-1.1796057914257578e-06,-8.70717912634031e-07,-0.0001442426667689527,-0.00021836841520328845,-7.008170391767303e-06,9.738756981813991e-07,-5.402564893458154e-07,1.2091117348101893e-07,-7.377886417374947e-06,-8.749927348897126e-07,1.012877101071392e-06,2.694259222866666e-07,8.718262124822708e-08,-0.00015703248783348943,-3.9663498352451784e-07,1.017388241170315e-05,0.0005292827616600378,0.0006669740250495684,4.241790613826886e-06,3.2881931984090045e-07,-7.218523948940133e-05,2.113835115826288e-05,4.1234891919805636e-05,-3.0508825400291156e-06,-3.0563837472987253e-06,-1.0436996939081802e-06,1.843286343472388e-08,0.006273498643283172,-0.003013482918606175,-0.0003463036735402423,0.006901997585530595,0.0010896642481383412,0.0013372630458069416,0.6459393338898662,-5.498835580707899e-05,0.27130437660884227,nan,nan,nan,nan,nan,nan
942,4.714999999999922,Standing,0.8885544579549024,0.44645908582918487,1.5715469740663517,-2.092327780766021,0.004309828693050425,-0.4117823804255008,-1.4871847014970647,0.9580237780764085,0.023182669875492404,0.025829423275179796,0.01672511043201415,0.027779467934187077,-0.3509626876539085,0.011582828420284845,-0.021938442157307496,-0.3954028916855832,-0.024111994726474767,-2.097597675693423,0.004488489903097444,-0.40799119622798113,-1.2356246406867506,-0.6753496721804212,0.032175019512372074,0.025351891079391183,0.020176491832504865,0.028797318993858213,-0.3293709375060731,-0.014096267197817106,-0.023625800763194437,-0.39517446440370285,0.02365115887425263,-0.024048589814538807,-0.056972199164564155,0.07593352405866988,-0.02403835062925068,-0.05694682804454409,-0.0759266409344541,-1.302143789448985e-05,1.0231515819894535e-05,-4.928137984653715e-06,0.0003560386493979476,-2.172608971887104e-06,-6.880641849488785e-06,-0.00047656534722638347,-0.0004350443349790075,-6.995628206457414e-06,-9.639060619481975e-08,-2.994963019658097e-06,-1.0025822354066593e-07,-3.518747494973627e-05,-4.166468417023699e-06,2.6956399102804833e-06,1.632813163993319e-06,4.1654410008283833e-07,-0.0001976787242853703,9.122265307783934e-08,9.556113267401365e-06,0.000659816839086226,0.00030824440939366166,5.284809617164159e-06,8.472964891341048e-07,-1.1506279942208217e-06,1.532271995564511e-06,5.3839035396761305e-05,-5.935061466383866e-06,-3.8386001826377e-06,-1.1034991810224256e-06,-2.8926060137133447e-07,0.0061036292813681685,-0.005255124828735106,0.00016258830279427487,0.0072946835435084255,0.002958913739298778,0.001801308469972355,0.6459393518542981,-5.498848930451686e-05,0.2713043420039306,nan,nan,nan,nan,nan,nan
943,4.719999999999922,Standing,0.8885545087158179,0.44645905121745183,1.5715469942202334,-2.092328631893097,0.004309834794704301,-0.4117823631533826,-1.4871834578115761,0.9580249364384045,0.023182689517881067,0.025829423319476158,0.016725121443264438,0.027779467615366215,-0.3509625950508572,0.011582839371328622,-0.02193844912920146,-0.3954028959902967,-0.024111995822413003,-2.09759743768605,0.004488487667390671,-0.40799119221140584,-1.2356239781304819,-0.6753489754464069,0.032175031307408494,0.025351892046879643,0.02017675921702008,0.028797245166411536,-0.3293708644183793,-0.014096279529753328,-0.023625805032363657,-0.39517446222453667,0.023651154852149726,-0.024016268818363152,-0.05697087966517296,0.07592809527272065,-0.024007736797616343,-0.056959888140927555,-0.07592456239727552,1.0152183105065392e-05,-6.922346606076147e-06,4.030776320141559e-06,-0.0001702254151497797,1.220330775146953e-06,3.454423641055242e-06,0.0002487370977265357,0.00023167239919753997,3.928477732442249e-06,8.859272124432615e-09,2.202250057583198e-06,-6.376417214143582e-08,1.8520610253714138e-05,2.1902087553956816e-06,-1.3943787931195572e-06,-8.609427050040756e-07,-2.1918764742440012e-07,4.760147454105601e-05,-4.471413546108883e-07,8.033150554561303e-07,0.0001325112537677518,0.00013934680285101821,2.35900728393935e-06,1.9349769197833229e-07,5.34769030433819e-05,-1.4765489335093359e-05,1.461753875269587e-05,-2.466387244379425e-06,-8.538338435862915e-07,4.358332383958856e-07,-8.044205805752857e-07,0.006464199235131223,0.0002638998782382848,-0.0010857571898461866,0.0061227663268674645,-0.002612019276692925,0.0004157074357171351,0.6459393129084889,-5.49887682590814e-05,0.2713043457527795,nan,nan,nan,nan,nan,nan
944,4.7249999999999215,Standing,0.8885546297801445,0.4464589636975447,1.571547027548158,-2.092330119128127,0.00430984317125928,-0.4117823331312269,-1.487181451944632,0.9580265642966491,0.023182774173138555,0.025829417605017734,0.016725142715778595,0.027779468068445053,-0.3509624364887286,0.011582858112125269,-0.02193845974864434,-0.3954029033684898,-0.024111997696954428,-2.097597155340009,0.004488486694087328,-0.4079912046074092,-1.2356241166990836,-0.6753481537839453,0.03217503738319663,0.025351891581450868,0.02017720584531721,0.028797118801188237,-0.32937086002991034,-0.014096287732744218,-0.023625804308056983,-0.39517445980483595,0.023651151274393885,-0.023985607893908408,-0.056963496646540365,0.0759216335633916,-0.023980016324081185,-0.05697616343222342,-0.07592363216603025,2.421286533713762e-05,-1.7503981432897616e-05,6.665584943059208e-06,-0.00029744700596496355,1.6753109959044726e-06,6.00443114126654e-06,0.0004011733888021696,0.0003255716489293421,1.693105149756551e-05,-1.1428916844689733e-06,4.254502831201192e-06,9.061576778002046e-08,3.171242571567738e-05,3.7481593294496814e-06,-2.1238885764150895e-06,-1.475638622753119e-06,-3.7490828482561803e-07,5.646920820384027e-05,-1.9466066843172942e-07,-2.479200662830156e-06,-2.771372033156204e-05,0.00016433249233303388,1.2151576269623637e-06,-9.308575515409949e-08,8.932565942551524e-05,-2.5273044660092993e-05,8.7769379443361e-07,-1.6405981779739389e-06,1.4486133504366657e-07,4.839401394733309e-07,-7.155511684097634e-07,0.006132184890949082,0.0014766037265188036,-0.0012923418658118855,0.005544094707031427,-0.0032550582591735194,0.0001860462490539945,0.6459393386248236,-5.498866346391195e-05,0.2713043005209414,nan,nan,nan,nan,nan,nan
945,4.729999999999921,Standing,0.8885546535666954,0.44645893950815196,1.571547023402872,-2.0923294781667594,0.004309837842236481,-0.4117823499809731,-1.4871825559903826,0.9580254730309181,0.02318286326890855,0.025829404302419597,0.016725143031228337,0.02777946825729208,-0.3509625122044598,0.011582849116071542,-0.02193845301505802,-0.3954028996707555,-0.02411199679671471,-2.0975977695854366,0.004488490023188363,-0.4079912024826654,-1.2356228834756557,-0.675348207970222,0.032175049934680656,0.025351893440981037,0.02017775410051913,0.028796966273399782,-0.32937075570057633,-0.014096310109525419,-0.023625810538239547,-0.3951744639127433,0.02365115006774645,-0.023960901410740212,-0.056977509675725055,0.07592073095613841,-0.023952300448812438,-0.05696971295215685,-0.07591781323794738,4.757310160805956e-06,-4.837878541515818e-06,-8.290572143504822e-07,0.00012819227355045188,-1.0658045599114265e-06,-3.3699492331895565e-06,-0.00022080915012597402,-0.00021825314619169055,1.781915399903588e-05,-2.6605196273767953e-06,6.308994874648658e-08,3.776940540857983e-08,-1.5143146232146516e-05,-1.7992107454305468e-06,1.3467172643063211e-06,7.395468688177769e-07,1.800479431789027e-07,-0.00012284908558224226,6.658202070283745e-07,4.2494875167984164e-07,0.000246644685544564,-1.0837255327075514e-05,2.5102968047199884e-06,3.719060339843579e-07,0.00010965104038454366,-3.0505557690740173e-05,2.0865866799075026e-05,-4.475356240139881e-06,-1.246036512910081e-06,-8.215814679168946e-07,-2.413294872676043e-07,0.004941296633638961,-0.0028026058369382875,-0.0001805214506368448,0.005543175053749158,0.0012900960133136689,0.0011637856165736921,0.6459394131381281,-5.49884908707053e-05,0.27130422574254015,nan,nan,nan,nan,nan,nan
946,4.734999999999921,Standing,0.8885546973808748,0.44645889870734534,1.5715470274613514,-2.092329808999684,0.004309839439857365,-0.4117823478450037,-1.487182297239911,0.9580257196171018,0.0231829517396669,0.02582939358699123,0.016725151854065912,0.027779468405123162,-0.35096249045841377,0.011582851667205171,-0.021938454176793642,-0.3954029005097215,-0.024111997051011847,-2.0975976817392366,0.004488492001557068,-0.4079912225654476,-1.235623188377872,-0.6753495782957563,0.03217505103777968,0.02535189386992802,0.02017830816826268,0.028796809573587188,-0.3293707692950816,-0.014096319323687698,-0.02362580786080902,-0.3951744643713914,0.02365114856615091,-0.023937766096269558,-0.056980260312998625,0.07591764014131448,-0.023929652564130526,-0.05697687576973809,-0.0759157437441338,8.76283588095279e-06,-8.160161327847602e-06,8.11695920841592e-07,-6.61665849238528e-05,3.1952417695674076e-07,4.271938705353785e-07,5.175009434542333e-05,4.9317236749615195e-05,1.7694151670545586e-05,-2.143085673558898e-06,1.7645675151352125e-06,2.9566216305046618e-08,4.349209208224483e-06,5.102267258485094e-07,-2.3234712420404318e-07,-1.6779319669276908e-07,-5.085942684279972e-08,1.756924002563944e-05,3.9567374091891556e-07,-4.016556439668399e-06,-6.098044327054888e-05,-0.0002740651068615119,2.2061980423273618e-07,8.578939648331865e-08,0.00011081354871004809,-3.133996251877355e-05,-2.7189010440837228e-06,-1.84283245564948e-06,5.35486105185772e-07,-9.172962590805786e-08,-3.0031910811942304e-07,0.0046270628941310005,-0.000550127454713755,-0.0006181629647855509,0.0045295769363825795,-0.0014325635162470572,0.000413898762717421,0.6459394368607609,-5.4988624298856076e-05,0.2713041979356994,nan,nan,nan,nan,nan,nan
947,4.739999999999921,Standing,0.8885548201915833,0.4464588115166375,1.5715470464687653,-2.09233073063351,0.004309843493275333,-0.4117823346508278,-1.4871813081598189,0.9580263889776905,0.02318306124292223,0.025829382097489965,0.016725166495947477,0.027779468991633152,-0.35096241162674785,0.011582860985349821,-0.021938459373829752,-0.395402904087585,-0.02411199798182697,-2.0975977938831836,0.004488491343556366,-0.4079912308012636,-1.2356231165409028,-0.6753528164466526,0.03217505069550423,0.025351895707634648,0.020178572642896745,0.028796736646964735,-0.32937075746538624,-0.014096325979219108,-0.02362580672443472,-0.39517446863984274,0.023651149215753963,-0.023916946124630266,-0.056978025798209694,0.07591385470504274,-0.02390981130727959,-0.05698326206540145,-0.07591393878723605,2.4562141696480944e-05,-1.7438141568387345e-05,3.8014827762628455e-06,-0.00018432676522102127,8.106835934323627e-07,2.638835184879063e-06,0.0001978160184274071,0.00013387211774105976,2.1900651065370562e-05,-2.297900252636661e-06,2.9283763129639678e-06,1.1730199802263075e-07,1.5766333181884498e-05,1.863628929922907e-06,-1.0394072218809905e-06,-7.155727020862845e-07,-1.8616302459281502e-07,-2.2428789362027717e-05,-1.3160014025747622e-07,-1.6471631990396082e-06,1.4367393858509967e-05,-0.000647630179266793,-6.845508951833227e-08,3.675413258448771e-07,5.2894926813026375e-05,-1.4585324490827187e-05,2.3659390633996755e-06,-1.3311062821344554e-06,2.2727485991180349e-07,-8.536902599708325e-07,1.2992061007827466e-07,0.004163994327858361,0.00044690295778632627,-0.0007570872543487541,0.003968251370187348,-0.0012772591326712292,0.00036099137954953716,0.6459394711252249,-5.498858914414378e-05,0.2713041692945203,nan,nan,nan,nan,nan,nan
948,4.744999999999921,Standing,0.8885548295348554,0.44645880580977565,1.571547022483121,-2.092329998842252,0.004309837909534012,-0.4117823562482479,-1.4871826227942817,0.9580251386292898,0.023183156025665955,0.025829367022045184,0.016725162724136523,0.027779469177401744,-0.35096250853983835,0.011582849500808352,-0.02193845183008865,-0.3954028993884992,-0.024111996831901038,-2.097598212342965,0.004488490701022814,-0.4079912146111823,-1.2356219300320974,-0.6753566455076875,0.03217505885647593,0.025351898304188377,0.02017860154431877,0.028796733403130364,-0.32937066075264376,-0.014096337923415483,-0.023625810372273043,-0.39517447991033566,0.023651152949174335,-0.023900960101560054,-0.056990661561239095,0.07591403230613215,-0.023891257511765473,-0.056978802446503586,-0.07591002562981508,1.8686544229439831e-06,-1.1413723777941254e-06,-4.7971288852313694e-06,0.00014635825165911203,-1.1167482641555966e-06,-4.319484014239818e-06,-0.0002629268925504419,-0.0002500696801426953,1.8956548745457913e-05,-3.015088956036278e-06,-7.54362190890516e-07,3.715371799854486e-08,-1.9382618095953162e-05,-2.296908293697215e-06,1.5087482205686802e-06,9.398171560316412e-07,2.2998518662499405e-07,-8.369195630550082e-05,-1.285067105424184e-07,3.2380162523537094e-06,0.00023730176109888464,-0.0007658122069852643,1.6321943410733805e-06,5.193107461173081e-07,5.780284405387596e-06,-6.487668744342869e-07,1.9342548498877504e-05,-2.388839275035591e-06,-7.295676648836425e-07,-2.2540985868755135e-06,7.466840744423379e-07,0.0031972046140421205,-0.0025271526058801546,3.552021788484909e-05,0.003710759102823667,0.0008919237795728986,0.0007826314841951104,0.6459395512406348,-5.498852038753782e-05,0.2713041082575778,nan,nan,nan,nan,nan,nan
949,4.749999999999921,Standing,0.8885550416814172,0.4464586692928474,1.571547053794134,-2.092332347280252,0.004309850721788019,-0.4117823124114756,-1.4871796218117668,0.9580274032062639,0.02318326574872934,0.025829360160702773,0.016725191585902015,0.02777947029767126,-0.35096227777276506,0.011582876817647495,-0.021938468237819482,-0.39540291016492796,-0.024111999562448493,-2.097597769331928,0.0044884835975702465,-0.40799121158511087,-1.2356223407847604,-0.6753608616971268,0.03217505813739403,0.02535189822982892,0.020178381259079878,0.02879679865266878,-0.32937068458670726,-0.014096330722352255,-0.023625804902018974,-0.39517448752459106,0.023651156368742095,-0.023884375127352815,-0.056973061930429,0.07590760641270865,-0.023879461610212403,-0.05699919170715791,-0.07591250705511716,4.2429312360668076e-05,-2.7303385657918763e-05,6.262202615051757e-06,-0.000469687600003343,2.5624508013834647e-06,8.767354457489618e-06,0.000600196502987809,0.00045291539481263747,2.1944612677102765e-05,-1.3722684823946487e-06,5.772353098572992e-06,2.2405390318501197e-07,4.615341465163965e-05,5.463367828631678e-06,-3.281546166576157e-06,-2.155285746382289e-06,-5.461094912960998e-07,8.860220740395088e-05,-1.420690513574756e-06,6.052142902906078e-07,-8.215053261797329e-05,-0.0008432378878621295,-1.43816379649644e-07,-1.48718911220376e-08,-4.4057047778677284e-05,1.304990768291943e-05,-4.766812702586619e-06,1.440212645520164e-06,1.0940508137031553e-06,-1.5228510807978596e-06,6.839135519697976e-07,0.003316994841447718,0.0035199261620181286,-0.0012851786847008666,0.002359180310613879,-0.004077852130866105,-0.0004962850604159259,0.6459395673238544,-5.498863475020476e-05,0.2713041004293223,nan,nan,nan,nan,nan,nan
950,4.754999999999921,Standing,0.8885548629739494,0.4464588032997721,1.5715469665349546,-2.0923274700459675,0.004309819307245133,-0.4117824255236079,-1.4871869081077087,0.9580209369400419,0.023183316139206215,0.025829336384818543,0.01672513773031033,0.027779469267042122,-0.3509628329009497,0.011582811096812312,-0.021938428053179908,-0.3954028838427628,-0.024111992988244887,-2.097600227802535,0.0044884856889747665,-0.40799111650110503,-1.235616731506568,-0.6753611796480549,0.03217510736626945,0.025351901885969755,0.020178156457321794,0.02879687674586009,-0.3293702482644412,-0.01409637689432507,-0.0236258309921039,-0.3951745179079682,0.02365116616092202,-0.023883630169708812,-0.057026462394156756,0.07591899376506092,-0.02386423911073972,-0.05694507761021809,-0.0758984839581427,-3.574149356995907e-05,2.6801384944220908e-05,-1.7451835881440862e-05,0.0009754468569090855,-6.2829085771466296e-06,-2.2622426454385024e-05,-0.001457259188378984,-0.001293253244408995,1.0078095375078932e-05,-4.755176846165416e-06,-1.0771118337069425e-05,-2.0612582718385338e-07,-0.00011102563692911198,-1.3144167036633441e-05,8.036927914874836e-06,5.264433034584777e-06,1.31484072099166e-06,-0.0004916941214600461,4.18280904091807e-07,1.9016801164745286e-05,0.0011218556384703132,-6.359018560571871e-05,9.845775082927488e-06,7.312281666076788e-07,-4.4960351616889023e-05,1.5618638262495446e-05,8.726445320956822e-05,-9.23439456300724e-06,-5.21801698487268e-06,-6.076675428514187e-06,1.958435984784803e-06,0.0001489915288007274,-0.010680092745550481,0.002277470470454333,0.003044499894537179,0.010822819387965175,0.0028046193948905737,0.6459396998465434,-5.498836201323558e-05,0.27130400171760644,nan,nan,nan,nan,nan,nan
951,4.759999999999921,Standing,0.8885554670725208,0.4464583805750911,1.5715471136930976,-2.092341481506328,0.00430990822099429,-0.41178211867147196,-1.4871668402578015,0.9580382357695816,0.023183509235529493,0.025829359268131426,0.01672530156026749,0.0277794737968292,-0.3509612972035396,0.011582992784394367,-0.021938537556250935,-0.3954029554881748,-0.024112011157426366,-2.097592391597613,0.00448846426613848,-0.40799130323121524,-1.2356315580950636,-0.6753580988147709,0.0321750225566126,0.025351878293962654,0.020177922030156926,0.028796917032019694,-0.32937138035044855,-0.014096239613924975,-0.0236257487352863,-0.395174469910503,0.023651153792113532,-0.023898633163776092,-0.05687113333106406,0.07588791424151474,-0.02394038907495652,-0.057112440774819834,-0.0759465038753699,0.00012081971428594632,-8.454493620800794e-05,2.9431628614378995e-05,-0.0028022920720572847,1.7782749831260945e-05,6.13704271828058e-05,0.004013569981453459,0.0034597659079460257,3.861926465544919e-05,4.5766625763991595e-06,3.276599143161755e-05,9.059574156381452e-07,0.00030713948203085,3.6337516411040355e-05,-2.1900614205237594e-05,-1.4329082400750787e-05,-3.633836295558683e-06,0.0015672409844096576,-4.2845672572332955e-06,-3.734602203882621e-05,-0.0029653176991226104,0.0006161666567897067,-1.6961931369285293e-05,-4.71840142014645e-06,-4.688543297345965e-05,8.057231920418421e-06,-0.00022641720146181866,2.7456080018879024e-05,1.645136352036741e-05,9.599493046816173e-06,-2.473761697569419e-06,-0.0030005988134561338,0.031065812618539097,-0.006215904709237423,-0.015229992843360008,-0.033472632920348855,-0.009603983445439203,0.6459396075074956,-5.4989097638140484e-05,0.27130407428904124,nan,nan,nan,nan,nan,nan
952,4.764999999999921,Standing,0.8885541985441947,0.44645924865475833,1.5715467188425334,-2.0923197267334963,0.004309773671615223,-0.4117825819151354,-1.487197616016901,0.9580117983311327,0.023183489901851585,0.025829291457078886,0.016725078627393027,0.0277794697812438,-0.35096361851722474,0.011582717783118581,-0.021938365760162972,-0.3954028446516717,-0.024111983650818215,-2.0975998622260983,0.004488496722876767,-0.4079910749459095,-1.2356156809200218,-0.6753508573864853,0.032175129783384944,0.02535189395498018,0.02017786004744696,0.028796963725513654,-0.32937019568503106,-0.014096376321738659,-0.023625834485333584,-0.3951745244696827,0.02365116952192324,-0.0240554278295148,-0.05705587940587158,0.07595262788246096,-0.024064689038285653,-0.05688145073924422,-0.07591684930479772,-0.00025370566521926716,0.00017361593344721773,-7.897011282692163e-05,0.0043509545663234575,-2.6909875813386877e-05,-9.264873268403532e-05,-0.006155151819882815,-0.00528748768977616,-3.866735581879628e-06,-1.3562210508218543e-05,-4.4586574892337765e-05,-8.031170795629898e-07,-0.0004642627370330935,-5.500025515718104e-05,3.435921759246801e-05,2.2167300612215377e-05,5.501321629951569e-06,-0.0014941256970231,6.491347657267621e-06,4.5657061141323057e-05,0.003175435008367086,0.0014482856571429864,2.144535446904038e-05,3.132203504904235e-06,-1.2396541993727976e-05,9.33869879213463e-06,0.0002369330834990044,-2.7341562736741924e-05,-1.7150009457349133e-05,-1.091183594622904e-05,3.1459619413313457e-06,-0.03135893314774162,-0.03694921496150394,0.012942728189245335,-0.024859992665826874,0.046198007115122994,0.005930914114436053,0.6459399795726535,-5.498679946529488e-05,0.2713038090341444,nan,nan,nan,nan,nan,nan
953,4.7699999999999205,Standing,0.8885544083926697,0.44645913171106194,1.57154689662352,-2.0923233225830637,0.004309799919877562,-0.41178253107197466,-1.4871929400704158,0.9580165981250245,0.02318326842995442,0.02582932281444339,0.016725072719444855,0.027779466108689282,-0.35096334015664205,0.01158275087996615,-0.021938397474776307,-0.3954028574319565,-0.024111986962861893,-2.0976004963754296,0.00448848808876892,-0.4079910604784314,-1.235613947416151,-0.675354680481893,0.032175145854728984,0.025351900145421165,0.020178055375658786,0.02879691746758865,-0.3293700202751997,-0.014096400819730884,-0.023625847744704484,-0.395174522291896,0.023651164288258114,-0.024137183028337617,-0.057005938581142626,0.07595487154548267,-0.024145355531817157,-0.056856798440956105,-0.07592443704847265,4.196969499975793e-05,-2.338873927415421e-05,3.555619733500764e-05,-0.0007191699135048355,5.249652467699989e-06,1.0168632147546198e-05,0.0009351892970172644,0.0009599587783496056,-4.4294379433394406e-05,6.271472900912065e-06,-1.1815896342768503e-06,-7.345109037792422e-07,5.56721165442495e-05,6.6193695136338554e-06,-6.342922666810028e-06,-2.5560569681172257e-06,-6.624087355409998e-07,-0.000126829866240839,-1.7268215694144658e-06,2.8934956198242213e-06,0.00034670077419577533,-0.0007646190815406833,3.2142688073815594e-06,1.2380881972761437e-06,3.906564236533223e-05,-9.251585000903464e-06,3.508196628061936e-05,-4.899598445134568e-06,-2.6518741796961522e-06,4.355573466036124e-07,-1.0467330252395226e-06,-0.016351039764563126,0.009988164945791148,0.00044873260434133595,-0.016133298706300855,0.004930459657623468,-0.0015175487349859823,0.6459392551104678,-5.498958987584081e-05,0.27130436762298343,nan,nan,nan,nan,nan,nan
954,4.77499999999992,Standing,0.8885548239663374,0.44645885581127875,1.57154705974552,-2.092331909391217,0.004309853148239794,-0.41178235332635144,-1.4871809241365543,0.9580271056165347,0.02318336058512425,0.025829336971485085,0.016725137225852088,0.027779466886519444,-0.3509624406014288,0.011582857430718307,-0.021938464916840903,-0.39540290040447973,-0.024111997623631184,-2.0975969156098344,0.004488474211648722,-0.4079911519048171,-1.2356207921420124,-0.6753524159211856,0.03217511533874966,0.025351888705550666,0.0201781750370197,0.028796874473101405,-0.3293705261483146,-0.014096343960891851,-0.023625811420644915,-0.39517449820790457,0.023651154978912133,-0.024161060735299996,-0.056908239249648974,0.07593762248368115,-0.024193108426319963,-0.05693700835774064,-0.07594924537966026,8.31147335400522e-05,-5.517995663267558e-05,3.262439997552221e-05,-0.0017173616307194336,1.0645672446533173e-05,3.554912464282541e-05,0.002403186772314694,0.002101498302036348,1.8431033966579292e-05,2.8314083393634178e-06,1.2901281446802637e-05,1.5556603242110769e-07,0.00017991104265531303,2.1310150431557914e-05,-1.3488412918958764e-05,-8.594504637056832e-06,-2.1321538584987557e-06,0.0007161531190670489,-2.7754240395030963e-06,-1.828527713650293e-05,-0.0013689451722752486,0.00045291214147144716,-6.103195865232254e-06,-2.28797409998341e-06,2.39322721826795e-05,-8.598897448785122e-06,-0.0001011746229786819,1.1371767806630992e-05,7.264811913507023e-06,4.816798278089601e-06,-1.8618691962246422e-06,-0.004775541392475654,0.019539866298729728,-0.0034498123603050033,-0.009550578900561404,-0.01604198335690638,-0.004961666237522255,0.6459393074594598,-5.498941964703043e-05,0.2713042789553754,nan,nan,nan,nan,nan,nan
955,4.77999999999992,Standing,0.8885546725333131,0.4464589507065099,1.5715470032718106,-2.092332102212738,0.004309854563697477,-0.4117823224068193,-1.4871799454813834,0.9580278048838601,0.02318323062430186,0.025829359438187184,0.016725144236695726,0.027779468457713383,-0.35096233594516335,0.01158286983120502,-0.021938467988068932,-0.3954029063135069,-0.024111998866115553,-2.097594638179536,0.004488477687845943,-0.4079912164580495,-1.2356249375856923,-0.6753486540124891,0.032175087527444614,0.025351881962807344,0.020178363126778603,0.02879681326951455,-0.32937086247226,-0.014096308698591554,-0.023625790815372263,-0.3951744820029147,0.0236511491184244,-0.02416097235251238,-0.056897443761930865,0.07593527785083432,-0.02419638924079729,-0.05697894087159306,-0.0759587572722664,-3.0286604876658568e-05,1.89790462344268e-05,-1.1294741841531628e-05,-3.8564304152863315e-05,2.830915364410506e-07,6.183906434516111e-06,0.00019573103418265647,0.0001398534650825095,-2.5992164478051782e-05,4.49334041969726e-06,1.402168727590186e-06,3.1423878808412454e-07,2.0931253086882337e-05,2.480097342615024e-06,-6.142456057390864e-07,-1.1818054265382414e-06,-2.484968740794114e-07,0.00045548605972165173,6.952394442044628e-07,-1.2910646478239607e-05,-0.0008290887359916209,0.000752381739290582,-5.562261009052474e-06,-1.348548664256545e-06,3.7617951780784614e-05,-1.2240717371157436e-05,-6.726478908809417e-05,7.052460059368648e-06,4.1210545303435805e-06,3.240997974514289e-06,-1.1720975470474163e-06,1.7676557522982098e-05,0.002159097543622094,-0.0004689265693650917,-0.0006561628954656409,-0.008386502770484635,-0.0019023785212294686,0.6459395395947649,-5.498818911348469e-05,0.271304097131677,nan,nan,nan,nan,nan,nan
956,4.78499999999992,Standing,0.88855425253302,0.4464592281496304,1.5715469044401582,-2.092327129000904,0.004309825588569538,-0.4117824060629082,-1.4871861901662413,0.9580224801373041,0.023182941566269977,0.025829383975738765,0.016725098361761788,0.027779467848494603,-0.35096279900757843,0.011582815073849536,-0.021938432739559446,-0.3954028852829314,-0.024111993390327664,-2.097595324813001,0.004488490022020651,-0.4079912129847211,-1.2356237130486232,-0.6753453991741065,0.03217508747130014,0.02535188399943027,0.020178630693065074,0.028796737915297188,-0.32937079341102005,-0.014096322745353662,-0.023625800822459592,-0.39517448117856335,0.02365114807164623,-0.024150357739474188,-0.056946328757837,0.0759441178759287,-0.024171710354600088,-0.05695489114471174,-0.07594965866642119,-8.400005861719878e-05,5.548862409051964e-05,-1.9766330465265775e-05,0.0009946423668473097,-5.795025587610296e-06,-1.6731217787002882e-05,-0.001248936971574755,-0.0010649493112044937,-5.781160637666613e-05,4.9075103163247945e-06,-9.174986787465192e-06,-1.2184375618099189e-07,-9.261248301277989e-05,-1.0951471097012607e-05,7.049701897471537e-06,4.2061151033511524e-06,1.0951575779055024e-06,-0.00013732669299970667,2.466834941772069e-06,6.946656821859984e-07,0.0002449074138374419,0.0006509676765119201,-1.122889376146365e-08,4.073245849739019e-07,5.351325729436336e-05,-1.5070843472351076e-05,1.381224799494356e-05,-2.809352421369777e-06,-2.001417466056789e-06,1.6487027638415323e-07,-2.0935563335835354e-07,0.0021229226076385404,-0.009776999181226324,0.001768005018877139,0.004935777239440756,0.004809945376263031,0.001819721169044818,0.6459394717115087,-5.498786758189797e-05,0.2713041704432074,nan,nan,nan,nan,nan,nan
957,4.78999999999992,Standing,0.8885541339886927,0.44645931496625657,1.571546932456936,-2.092325115912391,0.004309814513775264,-0.41178244239697304,-1.4871886253292097,0.9580204201463665,0.023182652270502112,0.025829414507020407,0.016725070128124752,0.027779466249140385,-0.3509630001502205,0.01158279136625926,-0.021938420882823113,-0.3954028763390989,-0.02411199102066163,-2.097597065380357,0.004488495212262749,-0.40799118688086616,-1.2356207376596557,-0.6753475421087328,0.03217509433499623,0.025351892339463056,0.020178786128608538,0.028796699628062583,-0.329370569299077,-0.014096352822465017,-0.023625820835427327,-0.3951744851796318,0.023651148130877563,-0.024125008394291925,-0.05697536376322831,0.07594634589547328,-0.02413450860404049,-0.05692297670753151,-0.07593688239604318,-2.370886546544008e-05,1.736332523287085e-05,5.603355572091512e-06,0.00040261770258397307,-2.2149588548867753e-06,-7.26681295922655e-06,-0.00048703259366154536,-0.00041199818752766094,-5.7859153573197415e-05,6.106256328181005e-06,-5.646727407303164e-06,-3.19870843985842e-07,-4.022852842441151e-05,-4.741518055339025e-06,2.371347266446757e-06,1.7887665065938785e-06,4.739332064071429e-07,-0.0003481134711936663,1.0380484196693888e-06,5.220770986895488e-06,0.0005950777934925536,-0.00042858692527167265,1.3727392182164362e-06,1.6680065572133154e-06,3.1087108693092865e-05,-7.657446921057448e-06,4.482238860859075e-05,-6.015422270901647e-06,-4.002593546840666e-06,-8.002136896630226e-07,1.1846266312394563e-08,0.005069869036452587,-0.005807001078261588,0.000445603908916408,0.007440350111919635,0.006382887436046524,0.002555254075599878,0.6459392200421977,-5.498841655777975e-05,0.27130436688134674,nan,nan,nan,nan,nan,nan
958,4.79499999999992,Standing,0.8885543434169031,0.4464591787205329,1.5715470357392762,-2.0923276792242373,0.004309830525370409,-0.4117823846879267,-1.4871848061946362,0.9580235626649156,0.023182498574351056,0.02582944239415599,0.01672508924677631,0.027779465818161143,-0.350962720768989,0.011582824491014674,-0.02193844312042812,-0.3954028898135539,-0.024111994335939843,-2.0975974667822164,0.004488491980089337,-0.4079911934025535,-1.2356207097008867,-0.6753503117640998,0.032175090068220585,0.025351895002677163,0.020178891787718405,0.028796670693328807,-0.3293705594119082,-0.014096356759256707,-0.02362582212976057,-0.3951744840240482,0.02365114791944779,-0.024090342077648163,-0.05696087997578863,0.07593771373023471,-0.024098649823572984,-0.05693064766784838,-0.07593281043269683,4.188564208489227e-05,-2.7249144728377045e-05,2.06564680614505e-05,-0.0005126623692974413,3.2023190291209653e-06,1.1541809264104073e-05,0.0007638269147152783,0.000628503709840584,-3.073923021094975e-05,5.577427117000882e-06,3.823730311416849e-06,-8.619584816847278e-08,5.5876246302896446e-05,6.624951082745222e-06,-4.4475210011738895e-06,-2.694891015530381e-06,-6.630556420581716e-07,-8.028037188316804e-05,-6.464346825384234e-07,-1.304337469787698e-06,5.591753818132801e-06,-0.0005539310733887796,-8.53355130105383e-07,5.326428217728079e-07,2.1131821973501706e-05,-5.786946755376774e-06,1.9774337598271608e-06,-7.873583380156639e-07,-2.588666487043205e-07,2.3111672002163606e-07,-4.228595431254856e-08,0.006933263328752731,0.00289675748793546,-0.0017264330477122954,0.0071717560935012515,-0.0015341920633741343,0.0008143926692712369,0.6459391134719685,-5.49888545231432e-05,0.27130442668301846,nan,nan,nan,nan,nan,nan
959,4.79999999999992,Standing,0.8885544623325782,0.4464590922825744,1.5715470668032236,-2.0923297763850797,0.004309843850035214,-0.41178233033029077,-1.4871815224589524,0.9580262916867338,0.023182467953098845,0.02582945516621948,0.016725116565212347,0.0277794664056624,-0.3509624603940571,0.011582855288483932,-0.021938460478848305,-0.3954029022469711,-0.024111997417811004,-2.0975965837597648,0.004488489618573845,-0.4079912261175978,-1.2356228830850422,-0.6753520726091761,0.0321750743260126,0.02535189286135878,0.020178964838130194,0.02879664605840141,-0.32937072467755313,-0.01409633951824623,-0.023625809246587293,-0.3951744791838855,0.023651147932262976,-0.02405424225428173,-0.05694682378836689,0.07592895125585575,-0.024065692271745508,-0.056960476713554156,-0.0759339438742529,2.378313501766304e-05,-1.7287591707087792e-05,6.212789466243403e-06,-0.0004194321684623636,2.664932961007343e-06,1.0871527193890314e-05,0.000656747136757041,0.0005458043636316452,-6.124250442377541e-06,2.5544126982735973e-06,5.463687207406295e-06,1.1750025121726445e-07,5.207498638394254e-05,6.159493851822041e-06,-3.4716840365932926e-06,-2.4866834371261217e-06,-6.163742325341362e-07,0.00017660449031549135,-4.723030982910809e-07,-6.543008860340501e-06,-0.0004346768310868857,-0.00035216901525499035,-3.148441597258717e-06,-4.282636766936191e-07,1.4610082357986452e-05,-4.9269854793144745e-06,-3.305312898675186e-05,3.44820209521487e-06,2.576634655354542e-06,9.68032543040439e-07,2.5630374490089457e-09,0.007219964673286241,0.0028112374843471486,-0.0017524948757923731,0.006591510365495119,-0.005965809141154789,-0.00022668831121518997,0.6459392098490916,-5.498870669472458e-05,0.271304334824198,nan,nan,nan,nan,nan,nan
960,4.80499999999992,Standing,0.8885543559186402,0.4464591517342126,1.5715470218156156,-2.0923286446356886,0.0043098376434937856,-0.4117823452325485,-1.4871827896124235,0.9580252918328049,0.023182471523241696,0.025829453286343916,0.016725117017274856,0.027779466542095472,-0.3509625417465739,0.011582845616232925,-0.021938452289465386,-0.3954028984456971,-0.0241119964508077,-2.097596348186859,0.004488492844426669,-0.40799124062277287,-1.2356237177534166,-0.6753526868540374,0.032175066670455096,0.02535189146151277,0.020179057039582646,0.02879661717685456,-0.32937079742237485,-0.014096333521480101,-0.023625803037773653,-0.3951744802194458,0.02365115027008519,-0.024023535330615544,-0.05696292176633167,0.07592754169762783,-0.02403099714539887,-0.056968795690885775,-0.07593018234627259,-2.128278759796654e-05,1.1890327635852046e-05,-8.997521598603636e-06,0.00022634987824349966,-1.2413082856405032e-06,-2.9804515396408102e-06,-0.0002534306942223551,-0.0001999707857815577,7.140285700262177e-07,-3.759751130895455e-07,9.041250200757062e-08,2.7286614608042073e-08,-1.6270503355522477e-05,-1.9344502015320688e-06,1.6378765833953851e-06,7.602548043435838e-07,1.9340066043666834e-07,4.711458112474103e-05,6.451705648526195e-07,-2.901035012026436e-06,-0.00016693367488278136,-0.00012284897226290192,-1.5311114995041798e-06,-2.799692018618027e-07,1.844029049055672e-05,-5.776309370392692e-06,-1.4548964347065581e-05,1.1993532257663073e-06,1.241762727843788e-06,-2.0711206047332584e-07,4.675644429490238e-07,0.006141384733237579,-0.003219595592955018,-0.0002819116455827929,0.006939025269327967,-0.001663795466323381,0.0007523055960597341,0.6459392813617986,-5.498841551002988e-05,0.2713042823924271,nan,nan,nan,nan,nan,nan
961,4.80999999999992,Standing,0.888554371966361,0.4464591311656782,1.571547026648492,-2.0923280385263636,0.004309833244609514,-0.41178235892271153,-1.4871836549865203,0.9580245441261764,0.02318249506417409,0.025829448713110173,0.016725118856221854,0.02777946640948157,-0.35096260347375385,0.011582838298327255,-0.021938447331684322,-0.3954028954754447,-0.024111995718588342,-2.097597206272745,0.004488495918715389,-0.4079912374384891,-1.2356231836385583,-0.6753528008548191,0.03217506865205641,0.025351891575865423,0.020179193412076975,0.028796577860746263,-0.32937076490530554,-0.014096340788718072,-0.023625804901292412,-0.39517448509935693,0.023651153448946263,-0.023994849124491378,-0.056977925330983344,0.07592621247535651,-0.023996681762252645,-0.05695940690223941,-0.07592269127604899,3.209544168844733e-06,-4.113706875582485e-06,9.665753223269143e-07,0.00012122186502353054,-8.797768542376649e-07,-2.7380326100593882e-06,-0.0001730748193587357,-0.00014954132570585044,4.708186478917706e-06,-9.146467489459706e-07,3.6778939952127093e-07,-2.652278070055296e-08,-1.2345435993066892e-05,-1.463581134004811e-06,9.91556212639033e-07,5.940504801079423e-07,1.4644387190316642e-07,-0.0001716171771533782,6.148577439238456e-07,6.368567538224304e-07,0.0001068229716808249,-2.2800156339415614e-05,3.9632026313916946e-07,2.2870530325968727e-08,2.7274498865870756e-05,-7.863221658934354e-06,6.50341386185508e-06,-1.4534475940553176e-06,-3.7270375176430324e-07,-9.7598223249412e-07,6.357722145881324e-07,0.005737241224833229,-0.0030007129303340576,-0.00026584445426460526,0.006863076629244619,0.0018777577292727562,0.0014982140447209664,0.6459392268700801,-5.498849279442599e-05,0.27130433307949103,nan,nan,nan,nan,nan,nan
962,4.81499999999992,Standing,0.8885545506127235,0.44645899895781394,1.5715470694521843,-2.092329707186361,0.00430984218230071,-0.4117823280327077,-1.4871814988847551,0.9580263203618412,0.023182580883852062,0.025829443038288446,0.016725144063196775,0.027779466930672656,-0.35096243615914335,0.011582858091974837,-0.021938459083584924,-0.3954029032390049,-0.02411199769751611,-2.0975973847264435,0.004488496122646504,-0.4079912592981074,-1.2356243456044818,-0.6753532556884713,0.03217505929288152,0.025351890001263883,0.020179351121884966,0.028796529211762584,-0.32937085864634197,-0.014096333817511806,-0.02362579817942942,-0.39517448230242275,0.02365115398489489,-0.023966596181751332,-0.056970651383319776,0.0759201514652926,-0.023968407978422677,-0.056968400660673275,-0.0759201132071063,3.5729272493302346e-05,-2.644157285661794e-05,8.56073844122621e-06,-0.0003337319994708401,1.7875382390569847e-06,6.178000769015578e-06,0.00043122035301015367,0.00035524713294658326,1.7163935594099645e-05,-1.1349643456534746e-06,5.041394983784421e-06,1.0423821738249442e-07,3.3462922094886394e-05,3.958729516328841e-06,-2.3503801206526184e-06,-1.5527120338320467e-06,-3.957855539681161e-07,-3.569073965774635e-05,4.078622303833829e-08,-4.371923661990003e-06,-0.00023239318470030037,-9.096673043766319e-05,-1.8718349787050334e-06,-3.1492030810382837e-07,3.154196159785549e-05,-9.729796735938395e-06,-1.8748207281268654e-05,1.394241253300566e-06,1.3443725987413227e-06,5.593868313841484e-07,1.0718972510936106e-07,0.005650588548008842,0.001454789532714109,-0.001212202012782798,0.005654756765993773,-0.0017987516867732606,0.0005156137885380522,0.6459392343320696,-5.498866711853049e-05,0.2713043289966762,nan,nan,nan,nan,nan,nan
963,4.8199999999999195,Standing,0.8885545477113818,0.44645898318336336,1.5715470435965775,-2.092329625955431,0.004309841441125291,-0.41178233200464487,-1.48718172884158,0.9580262747814515,0.023182694489462467,0.025829428572780366,0.016725153911095098,0.027779467343201473,-0.3509624453126894,0.01158285697574664,-0.021938457058877914,-0.3954029026462315,-0.024111997584576703,-2.097597036260002,0.004488499361204692,-0.40799129171185516,-1.2356261981820902,-0.6753532805171304,0.032175043893321396,0.025351887518490008,0.020179513282479314,0.028796477149827585,-0.3293710100292179,-0.014096320277354267,-0.023625787819975253,-0.3951744760621754,0.023651153580755865,-0.023943025544416678,-0.0569763586518051,0.0759176421933803,-0.023943844327105314,-0.05697986153686521,-0.07591864437749885,-5.802683519577523e-07,-3.154890118336488e-06,-5.171121342607888e-06,1.624618596086214e-05,-1.482350837391019e-07,-7.943874311564455e-07,-4.599136498791668e-05,-9.116077936534761e-06,2.2721122081336043e-05,-2.893101615975635e-06,1.969579664734471e-06,8.25057636122404e-08,-1.830709210501891e-06,-2.2324563932213923e-07,4.0494140171994145e-07,1.1855467517703436e-07,2.258788160352562e-08,6.969328828834065e-05,6.477116376353599e-07,-6.482749547721146e-06,-0.0003705155217027449,-4.965731818758361e-06,-3.0799120239760624e-06,-4.965547747309049e-07,3.243211886965466e-05,-1.0412386999956849e-05,-3.0276575189579952e-05,2.7080315076714284e-06,2.0718908332039627e-06,1.248049474116187e-06,-8.082780452142818e-08,0.004714127466930726,-0.0011414536970652325,-0.000501854382460462,0.004912730263472779,-0.002292175238387396,0.0002937659214907698,0.6459393436466463,-5.498855314886482e-05,0.2713042528184948,nan,nan,nan,nan,nan,nan
964,4.824999999999919,Standing,0.8885546371278172,0.4464589102766524,1.571547050842758,-2.092329619741408,0.004309839419483179,-0.41178233974245476,-1.4871820984493436,0.9580258806282691,0.023182799687403374,0.02582941454140831,0.01672516060058999,0.027779467793601315,-0.35096246967348343,0.011582854084991458,-0.021938454804822507,-0.3954029013610192,-0.024111997293805604,-2.097597736159084,0.004488503204804412,-0.40799130760718016,-1.235626638721516,-0.6753537839475512,0.03217503483856355,0.025351887598307372,0.02017968861767864,0.028796423362935027,-0.3293710561215509,-0.01409631945683149,-0.02362578595309689,-0.39517447372735287,0.02365115420893628,-0.02392275614996255,-0.056984643549026735,0.07591619936409034,-0.023920211353877577,-0.05697352675571819,-0.07591351144521126,1.7883287090625352e-05,-1.4581342190486457e-05,1.4492361237087407e-06,1.242804625127783e-06,-4.043284223287606e-07,-1.5475619830428375e-06,-7.392155272338441e-05,-7.883063649201617e-05,2.1039588181735918e-05,-2.8062744115876623e-06,1.3378989782324189e-06,9.007996815127389e-08,-4.872158810092455e-06,-5.781510365914778e-07,4.5081108166644944e-07,2.570424600608821e-07,5.815421948363479e-08,-0.00013997981633270346,7.687199440162915e-07,-3.179064995018971e-06,-8.810788514356015e-05,-0.00010068608415941876,-1.810951568967028e-06,1.5963472856929032e-08,3.506703986478096e-05,-1.0757378511740337e-05,-9.218466592673558e-06,1.6410455535948708e-07,3.733756727950185e-07,4.669645050956613e-07,1.256360826869853e-07,0.004053878890825823,-0.001656979444326421,-0.00028856585799299627,0.004726594645547082,0.0012669562294032768,0.0010265864575160072,0.64593935921253,-5.498852589698795e-05,0.27130426278345027,nan,nan,nan,nan,nan,nan
965,4.829999999999919,Standing,0.8885547538596164,0.446458815919675,1.5715470595721164,-2.0923308651206582,0.004309845909002683,-0.4117823201116639,-1.4871806688048987,0.9580271233073198,0.02318292343239349,0.02582940220654483,0.016725180270396923,0.027779468605364382,-0.35096235763772254,0.011582867337232296,-0.021938462383517994,-0.39540290648521104,-0.024111998617350194,-2.097597345346888,0.004488505365086794,-0.40799135276220194,-1.2356291552340648,-0.6753547774062388,0.03217501098332434,0.025351885431972414,0.020179856597310118,0.028796367183958078,-0.32937126057095695,-0.014096300092981615,-0.0236257729142931,-0.39517446337966744,0.02365115276475279,-0.02390360669578054,-0.056978009035457564,0.07591172979098831,-0.023903088117338007,-0.05698865217025815,-0.07591402978071399,2.3346359826407643e-05,-1.88713954800329e-05,1.7458716772505e-06,-0.00024907585003581384,1.2979039007242973e-06,3.9261581737947265e-06,0.000285928888947742,0.0002485358101411434,2.4748998023248738e-05,-2.4669726952454926e-06,3.9339613862294556e-06,1.6235261309278205e-07,2.2407152183226637e-05,2.650448167450308e-06,-1.5157390974151484e-06,-1.0248383672665156e-06,-2.6470891830736024e-07,7.816243921755184e-05,4.320564765958271e-07,-9.031004354269163e-06,-0.0005033025097544066,-0.000198691737539311,-4.771047841868925e-06,-4.3326699188260786e-07,3.3595926295595395e-05,-1.1235795389967733e-05,-4.088988121880487e-05,3.872769975276891e-06,2.6077607583451363e-06,2.069537087837285e-06,-2.88836697634598e-07,0.0038298908364011604,0.001326902713834479,-0.000893914620405689,0.0034246473079142456,-0.003025082907990789,-0.00010366710054514946,0.6459394239078912,-5.4988624885773954e-05,0.27130423305256207,nan,nan,nan,nan,nan,nan
966,4.834999999999919,Standing,0.8885547660841593,0.4464587967143211,1.5715470356280818,-2.0923295644654907,0.004309835921806853,-0.4117823569709663,-1.4871829486324217,0.9580250714980943,0.023183027720421617,0.025829383653578,0.016725169699862232,0.027779468846809117,-0.35096252840339415,0.011582847119523076,-0.0219384495990309,-0.3954028983102112,-0.02411199659340061,-2.0975983155639875,0.004488511261192221,-0.40799136363493327,-1.23562917433953,-0.6753557831163824,0.032175002299286694,0.025351886437179325,0.020180013276258298,0.028796318195050314,-0.3293712776281951,-0.014096302467136168,-0.02362577331166082,-0.3951744621622462,0.023651154231868206,-0.02389090371890216,-0.05699760501488222,0.07591393136877346,-0.02388473205437964,-0.05697206905868413,-0.07590752137065818,2.4449085963527667e-06,-3.841070779671398e-06,-4.78880690730122e-06,0.00026013103347724727,-1.9974391659745015e-06,-7.371860492247304e-06,-0.00045596550460766936,-0.00041036184507707124,2.0857605625540772e-05,-3.7105933657931837e-06,-2.1141069382082204e-06,4.828894733712901e-08,-3.4153134324810237e-05,-4.043541844030543e-06,2.556897418728238e-06,1.6349999669073412e-06,4.0478991681040044e-07,-0.0001940434199434717,1.1792210852966858e-06,-2.1745462602209847e-06,-3.821093059146966e-06,-0.00020114202872665007,-1.7368075292380486e-06,2.010413822524381e-07,3.1335789636243786e-05,-9.797781553013048e-06,-3.411447633295006e-06,-4.748309105364952e-07,-7.947354468783056e-08,2.434842417903878e-07,2.934230827368972e-07,0.002540595375676141,-0.003919195884930809,0.00044031555702958613,0.0036712125916736967,0.003316622314804813,0.001301682011163123,0.6459395103939717,-5.498847616424994e-05,0.27130419602742567,nan,nan,nan,nan,nan,nan
967,4.839999999999919,Standing,0.8885550409062648,0.4464585941503261,1.5715470868726449,-2.0923339815402135,0.0043098620186950735,-0.4117822682830536,-1.487177018768912,0.9580300674348996,0.023183168868443692,0.025829379711230505,0.016725222800874236,0.027779470742230177,-0.35096207348480046,0.011582900962234443,-0.021938481931785894,-0.39540291959098917,-0.024112001976254963,-2.0975963930159165,0.004488509598818188,-0.4079914553858427,-1.2356350658309163,-0.6753569518555028,0.0321749536081645,0.02535188012589765,0.020180135134310023,0.028796266957522302,-0.32937174502327177,-0.01409625164138418,-0.023625742133685346,-0.3951744395612172,0.023651150212583794,-0.023875955551343125,-0.056956792200083955,0.07590275563925104,-0.023882394354891957,-0.05702142329519835,-0.07591779313364708,5.4964421111849206e-05,-4.0512798991880566e-05,1.0248912609303917e-05,-0.000883414944604462,5.219377644149509e-06,1.7737582545758265e-05,0.001185972701950319,0.0009991873610424996,2.822960441513479e-05,-7.884694992554683e-07,1.0620202400770762e-05,3.790842116626853e-07,9.098371874078143e-05,1.0768542273566114e-05,-6.466550998614065e-06,-4.2561555994784995e-06,-1.0765708706122337e-06,0.0003845096142116507,-3.3247480663521804e-07,-1.8350181889579237e-05,-0.0011782982772404018,-0.00023374782407313324,-9.738224439116176e-06,-1.2622563345411956e-06,2.4371610345248786e-05,-1.0247505602711237e-05,-9.347901532289512e-05,1.0165150397433092e-05,6.235595095127287e-06,4.520205815103194e-06,-8.038568825697346e-07,0.0029896335118076507,0.008162562959652297,-0.0022351459044830575,0.00046753989753650334,-0.009870847302843976,-0.0020543525977801784,0.6459395369826724,-5.498872600157526e-05,0.2713042076312832,nan,nan,nan,nan,nan,nan
968,4.844999999999919,Standing,0.8885545341480294,0.4464589432914794,1.5715469143807685,-2.092322170827321,0.0043097869479935,-0.411782536073791,-1.4871943675457768,0.9580150737451351,0.02318316594613616,0.02582933858138854,0.016725087225651126,0.027779467675900078,-0.3509633999915917,0.011582743907748182,-0.021938386679979015,-0.39540285661804125,-0.024111986267452507,-2.097602253269361,0.004488528963537175,-0.407991327173528,-1.2356250968423732,-0.6753590873364553,0.032175008514888394,0.025351894599305463,0.020180228166255292,0.028796254590507452,-0.32937099804757974,-0.014096341964686147,-0.023625795921273514,-0.39517447398895705,0.023651161981924722,-0.023909460560025048,-0.057076643797367224,0.07593393124853608,-0.023888574150071232,-0.05687793908533979,-0.07588783391513436,-0.00010135164707804508,6.982823065391735e-05,-3.4498375270531034e-05,0.0023621425784936716,-1.5014140314711072e-05,-5.355814748223109e-05,-0.003469755372974678,-0.002998737952907888,-5.844615065841012e-07,-8.225968393210503e-06,-2.711504462191116e-05,-6.132660201988199e-07,-0.0002653013582494204,-3.1410897252388537e-05,1.905036137574562e-05,1.2594589580396604e-05,3.141760491497385e-06,-0.0011720506888391008,3.872943797510892e-06,2.5642462937488395e-05,0.001993797708629612,-0.00042709619051337956,1.0981344778821972e-05,2.8946815628194343e-06,1.8606389053517868e-05,-2.473402970074567e-06,0.0001493951384084193,-1.806466039321455e-05,-1.0757517633501792e-05,-6.885547977138756e-06,2.353868185852772e-06,-0.00670100173638484,-0.023970319456654388,0.0062351218570069426,-0.0012359590358552725,0.028696841971711268,0.005991843702544625,0.6459397202244584,-5.498809774192163e-05,0.27130410818445394,nan,nan,nan,nan,nan,nan
969,4.849999999999919,Standing,0.8885555583226104,0.44645823213993185,1.5715472072296173,-2.0923421950229866,0.0043099130004474965,-0.41178211003200554,-1.4871661272123118,0.9580394865863147,0.023183336037890676,0.02582938123777016,0.01672529805756052,0.02777947238618057,-0.35096126412073636,0.01158299658749171,-0.02193854280441065,-0.3954029557454988,-0.02411201153827084,-2.097593298347657,0.004488503703961349,-0.4079916024995305,-1.2356447202428522,-0.6753621766300164,0.03217487283329039,0.025351871169958608,0.020180222497629817,0.028796214064434274,-0.3293724984308396,-0.014096167718788558,-0.023625689628290734,-0.39517440207115545,0.023651144657490367,-0.023998405726966585,-0.056847235517941505,0.07589859867617033,-0.02404649147440398,-0.05706456174031886,-0.07595332341302459,0.00020483491619467577,-0.00014223030950981323,5.85697697643207e-05,-0.004004839133090157,2.5210490799232904e-05,8.520835709174891e-05,0.005648066693026784,0.0048825682359206046,3.4018350902763056e-05,8.53127632433769e-06,4.216638187852009e-05,9.420560980968568e-07,0.0004271741710722641,5.0535948705633e-05,-3.122488632712833e-05,-1.9825491504152415e-05,-5.054163666832565e-06,0.001790984340760366,-5.051915165250181e-06,-5.506520050378589e-05,-0.003924680095818751,-0.0006178587122185972,-2.7136319601607467e-05,-4.685869371159646e-06,-1.1337250948022016e-06,-8.105214635833447e-06,-0.00030007665196853193,3.484917951784505e-05,2.125859655605323e-05,1.4383560321616505e-05,-3.464886871091293e-06,-0.01778903338830715,0.04588165588514316,-0.007066514473149321,-0.03158346486654939,-0.03732453099581383,-0.013097899578045588,0.645939438520687,-5.498988203077592e-05,0.27130435237069034,nan,nan,nan,nan,nan,nan
970,4.854999999999919,Standing,0.8885548950878082,0.44645866352216873,1.571546930235654,-2.092332122127222,0.004309848033194006,-0.41178230987647096,-1.4871801685850339,0.9580269254726812,0.023183531914383212,0.025829328963637373,0.016725221946583005,0.02777947391393511,-0.35096227476912556,0.011582876810038573,-0.021938460729027703,-0.3954029079463141,-0.024111999555092883,-2.097594620590296,0.004488524372238907,-0.4079915797466214,-1.2356431860631156,-0.6753581114758359,0.032174862909777585,0.025351871461082948,0.020179936381761014,0.02879628691447238,-0.32937244722342884,-0.014096168970403018,-0.023625697610255014,-0.395174407458383,0.023651151724257434,-0.02411389809989208,-0.05691742569573866,0.07593208771376665,-0.024132122603789108,-0.0569932186493234,-0.07595163446134248,-0.00013264696043508605,8.627644737508916e-05,-5.5398792665179616e-05,0.0020145791528760684,-1.2993450698055546e-05,-3.996889308789759e-05,-0.0028082745444058498,-0.0025122227266846757,3.91752985073894e-05,-1.0454826557447627e-05,-1.522219550256923e-05,3.0555090796438204e-07,-0.0002021296778435789,-2.395549062726973e-05,1.6415076589956787e-05,9.559836937988712e-06,2.396635591474132e-06,-0.00026444852776510985,4.133655511695129e-06,4.5505818067788565e-06,0.0003068359473144804,0.0008130308361067003,-1.9847025607790406e-06,5.822486794173655e-08,-5.722317376081848e-05,1.4570007621297505e-05,1.0241482151877694e-05,-2.5032289192036746e-07,-1.5963928564028345e-06,-1.0774455127639991e-06,1.4133534131679431e-06,-0.02309847458509867,-0.01403803555943188,0.0066978075192653756,-0.017126225877025045,0.014268618199093065,0.00033779033642141777,0.645940046111111,-5.4986935213009626e-05,0.27130392595094366,nan,nan,nan,nan,nan,nan
971,4.859999999999919,Standing,0.8885542813142806,0.4464590833240265,1.5715467937383154,-2.0923227826415003,0.004309793534881623,-0.41178251411686845,-1.4871932456185348,0.9580162040248338,0.023183265771787868,0.025829329970087658,0.016725115942787624,0.02777947047449055,-0.35096329979678903,0.01158275564018769,-0.02193839098108151,-0.3954028601488816,-0.024111987433743445,-2.097598000655354,0.004488539308661094,-0.40799150511578275,-1.2356369905082774,-0.6753618110970782,0.03217487948675761,0.02535188469488765,0.020179777056901486,0.02879633590245183,-0.3293719948657185,-0.014096219916739998,-0.023625733945960428,-0.39517442276255904,0.023651158505031016,-0.024167788468159892,-0.057002093449371155,0.0759589148725044,-0.0241564522562783,-0.05689274052288312,-0.0759338423144136,-0.00012275470551500382,8.396037155966581e-05,-2.7299467688741932e-05,0.0018678971443434648,-1.0899662476782521e-05,-4.084807950060736e-05,-0.0026154067001720707,-0.002144289569477853,-5.322851906911991e-05,2.0129005673061633e-07,-2.1200759076152978e-05,-6.878889120459697e-07,-0.00020500553269186582,-2.423397017678826e-05,1.3949589238800796e-05,9.559486498090537e-06,2.424269887479653e-06,-0.0006760130116143594,2.987284437319359e-06,1.4926167733644461e-05,0.0012391109676584446,-0.0007399242484505198,3.3153960044231844e-06,2.64676094048665e-06,-3.1864971905493394e-05,9.797595890204252e-06,9.047154206382775e-05,-1.0189267396063738e-05,-7.267141082659463e-06,-3.0608352039026084e-06,1.3561547161668923e-06,-0.010778073653562585,-0.016933550726498534,0.005365431747551793,-0.004865930497838315,0.020095625288055873,0.0035584293857774296,0.6459397178312545,-5.498799865653405e-05,0.2713042434085105,nan,nan,nan,nan,nan,nan
972,4.8649999999999185,Standing,0.8885543278240385,0.4464590829917367,1.5715468890199167,-2.0923245602907827,0.004309808013963724,-0.41178249085666024,-1.487190776466361,0.9580189677053935,0.02318306835798262,0.025829355357526413,0.01672510019861911,0.027779467705177637,-0.3509631682844699,0.011582771427095566,-0.021938409200211513,-0.39540286701538474,-0.024111989014496012,-2.097598222895425,0.004488527064152684,-0.40799146237934036,-1.235635277668276,-0.6753700008278009,0.03217487614617455,0.025351892851608233,0.020178821371051425,0.028796608883181373,-0.32937184702770617,-0.014096218137498407,-0.02362574387001723,-0.39517442733043073,0.023651161535201262,-0.024174357191781636,-0.05698371881444839,0.07595600229296513,-0.024159531768144116,-0.05689025266011438,-0.07593379998618904,9.301951594309886e-06,-6.645796109348151e-08,1.9056320246739245e-05,-0.0003555298565227985,2.8958164203145153e-06,4.652041639663182e-06,0.0004938304347811258,0.0005527361119419772,-3.948276104918584e-05,5.07748775095929e-06,-3.148833703098695e-06,-5.538625832193832e-07,2.6302463829405e-05,3.1573815754577207e-06,-3.6438260009646062e-06,-1.3733006332413122e-06,-3.1615051375170997e-07,-4.444801415272174e-05,-2.4489016818797733e-06,8.547288481775467e-06,0.0003425680002593083,-0.001637946144543237,-6.681166122043544e-07,1.6313441165229282e-06,-0.0001911371700125476,5.459614590808805e-05,2.956760246868585e-05,3.5584831806923244e-07,-1.9848113602364913e-06,-9.135743399386067e-07,6.060340495545489e-07,-0.0013137447243491331,0.0036749269845517303,-0.0005825159078537293,-0.0006159023731630714,0.0004975725537475668,8.465644909874236e-06,0.6459393334076377,-5.4989326716177575e-05,0.27130454727503905,nan,nan,nan,nan,nan,nan
973,4.869999999999918,Standing,0.8885546245241123,0.44645891263751336,1.5715470054928633,-2.092330156407115,0.004309842964886442,-0.4117823668521722,-1.4871826476632832,0.9580259271519895,0.02318294413215257,0.025829389002535827,0.0167251362410342,0.027779468089974276,-0.3509625640716268,0.011582843049170935,-0.021938455434438293,-0.39540289624064523,-0.024111996181622984,-2.0975964484698992,0.004488508235886406,-0.4079914503558729,-1.235637162269233,-0.6753722229453388,0.03217486735812861,0.02535188887766104,0.02017775217288977,0.02879690748164844,-0.3293719794350553,-0.014096180266763078,-0.023625730521135715,-0.3951744275630524,0.023651164444926823,-0.02415417479423803,-0.0569295044560091,0.0759410951082927,-0.02415114202708595,-0.0569435540693501,-0.07594396160396896,5.934001475211685e-05,-3.4070844672428245e-05,2.3294589310341426e-05,-0.0011192232664175873,6.9901845434795985e-06,2.480089760865058e-05,0.0016257606155745193,0.0013918893192077153,-2.484516601021419e-05,6.729001882653258e-06,7.208483017956127e-06,7.695932789524163e-08,0.0001208425686137185,1.4324415073877022e-05,-9.246845356017927e-06,-5.845052096030647e-06,-1.4334253945212625e-06,0.00035488510513500133,-3.7656532555840777e-06,2.4046934941627755e-06,-0.00037692019143154053,-0.00044442350758748766,-1.7576091879199556e-06,-7.947894382822985e-07,-0.00021383963233165523,5.9719693413185976e-05,-2.6481469833013036e-05,7.574147065784176e-06,2.6697763031120256e-06,-4.652432701330503e-08,5.81945112462636e-07,0.004036479508721298,0.01084287168785955,-0.0029814369344881154,0.001677948211633426,-0.010660281847143505,-0.002032323555984873,0.6459393015578216,-5.498924574264911e-05,0.2713045483345176,nan,nan,nan,nan,nan,nan
974,4.874999999999918,Standing,0.8885546985650159,0.44645888464430034,1.571547007112951,-2.092331436704072,0.004309849651172948,-0.4117823219388017,-1.4871803957729546,0.9580274045813679,0.023182849682886458,0.025829408842741847,0.016725148546759695,0.02777946945896028,-0.35096237214592635,0.011582865779661392,-0.021938466546323365,-0.39540290599245015,-0.024111998457713738,-2.097595731062274,0.004488498578414557,-0.4079914067055239,-1.2356367864964646,-0.6753686091362796,0.032174879653573005,0.02535188414900638,0.02017685838253793,0.02879715959688443,-0.3293719514622419,-0.014096163920900713,-0.02362572956643704,-0.39517443450385825,0.023651168278095696,-0.024125970949289845,-0.05692051711100368,0.07593467543320338,-0.02412580902529699,-0.05697045467639619,-0.07594571547685322,1.480818072364886e-05,-5.598642606443229e-06,3.2401752826473405e-07,-0.0002560593914836157,1.3372573011643243e-06,8.982674091672275e-06,0.0004503780657413748,0.00029548587568434866,-1.8889853222287542e-05,3.968041203903945e-06,2.461145098942984e-06,2.7379720100344376e-07,3.838514008356288e-05,4.546098091515166e-06,-2.2223770143724378e-06,-1.9503609884526344e-06,-4.552181504407592e-07,0.00014348152508965922,-1.9314943697898314e-06,8.730069796854155e-06,7.515455370098276e-05,0.0007227618118446765,2.459088878754365e-06,-9.457309326258732e-07,-0.0001787580703676986,5.0423047197855326e-05,5.594562683211549e-06,3.2691724731449387e-06,1.9093973493835589e-07,-1.3881611793286047e-06,7.666337744454128e-07,0.005640768989637085,0.00179746900108276,-0.0012839350178620028,0.005066600357791017,-0.005380121409217565,-0.0003507745768510039,0.6459394491755289,-5.498850863260002e-05,0.27130441934202726,nan,nan,nan,nan,nan,nan
975,4.879999999999918,Standing,0.8885545608074217,0.446458990024458,1.5715469504624828,-2.092328751464449,0.004309832907937732,-0.41178236599308427,-1.4871838010535472,0.9580241720409653,0.023182727361755327,0.025829418456958686,0.016725124862596905,0.027779469482581774,-0.3509626164468365,0.011582836862949263,-0.021938446786247044,-0.39540289489617464,-0.0241119955668556,-2.097596776301449,0.004488498040862365,-0.4079913233185831,-1.235633358960153,-0.675356935653272,0.03217492379718784,0.025351879310685745,0.020176349203771107,0.02879730796720137,-0.3293716887614183,-0.014096182112102304,-0.02362574741433612,-0.39517444485512215,0.02365117021018041,-0.02409823441125079,-0.05695410709780899,0.07593751462328442,-0.024089908644933468,-0.05695362983482677,-0.07593633897443043,-2.7551518839670955e-05,2.107603152621692e-05,-1.133009363556697e-05,0.0005370479246612189,-3.348647043217939e-06,-8.810856505797464e-06,-0.000681056118540545,-0.0006465080805242338,-2.446422622624529e-05,1.922843367636925e-06,-4.736832558161401e-06,4.724298877234521e-09,-4.886018203426768e-05,-5.783342425910493e-06,3.952015264568288e-06,2.2192551026674154e-06,5.781716272559692e-07,-0.0002090478350395194,-1.0751043831315654e-07,1.667738815415935e-05,0.0006855072623439174,0.0023346966015125037,8.828722966690855e-06,-9.676641265676958e-07,-0.00010183575336465496,2.9674063387438115e-05,5.2540164715147495e-05,-3.6382403179849593e-06,-3.5695798154821907e-06,-2.0702527847600386e-06,3.864169429335635e-07,0.005547307607811103,-0.006717997361061547,0.0005678380162089795,0.007180076072704869,0.0033649683138842435,0.0018753004845575333,0.6459394970312204,-5.4988267335818483e-05,0.27130437165677257,nan,nan,nan,nan,nan,nan
976,4.884999999999918,Standing,0.8885545252503205,0.44645902529560166,1.5715469496606185,-2.0923276192590183,0.004309826781796454,-0.4117823871362364,-1.487185212968102,0.9580229015859032,0.023182630748253948,0.025829427367558336,0.016725112322695943,0.027779468702598696,-0.3509627274234889,0.011582823745809545,-0.021938439373826068,-0.3954028898195161,-0.024111994255988936,-2.0975977433851924,0.004488497698031752,-0.4079912653727528,-1.2356300436699716,-0.6753481332077749,0.032174958793760436,0.02535188051222111,0.020176225254375593,0.02879734946788889,-0.3293714159157483,-0.01409620928901474,-0.023625769481988117,-0.3951744427178222,0.02365116396059427,-0.024066388285534368,-0.05697454124888982,0.07593685927291062,-0.02405277696092301,-0.056940943287657385,-0.07592766898276752,-7.111420233555301e-06,7.054228738294274e-06,-1.6037285022321495e-07,0.00022644108619102835,-1.2252282555873897e-06,-4.228630425190137e-06,-0.000282382910948727,-0.0002540910124257994,-1.932270027620605e-05,1.7821199298718485e-06,-2.5079801924250124e-06,-1.5599661562270614e-07,-2.219533047116499e-05,-2.6234279435141757e-06,1.4824841951896457e-06,1.0153317085591627e-06,2.621733331144656e-07,-0.0001934167486843204,-6.856612259259404e-08,1.1589166056068861e-05,0.0006630580362734032,0.0017604890994381548,6.9993145199816204e-06,2.4030707266329825e-07,-2.4789879103091967e-05,8.300137504050953e-06,5.456913399503456e-05,-5.435382487270373e-06,-4.4135303996135034e-06,4.2745999119958506e-07,-1.2499172283889416e-06,0.006369225143284323,-0.004086830216167405,-0.00013107007475901468,0.007426336802091648,0.0025373094338763474,0.0017339983325808605,0.6459394229345541,-5.498862097502136e-05,0.2713044060287758,nan,nan,nan,nan,nan,nan
977,4.889999999999918,Standing,0.8885546639266088,0.4464589358318059,1.5715470005339909,-2.0923295778690707,0.004309839298009228,-0.41178234509762124,-1.487182381178078,0.9580252947502408,0.023182630399611038,0.025829433795141764,0.016725133499317837,0.027779468710843924,-0.35096251393587924,0.011582849011488252,-0.021938455182076554,-0.3954028998714384,-0.024111996783981387,-2.097597425234662,0.004488495343752878,-0.4079912608207019,-1.235629544153963,-0.6753409666447727,0.03217497191558856,0.025351880698798637,0.020176421954222166,0.02879729599560254,-0.3293713526449977,-0.014096218582396142,-0.02362577760440534,-0.39517442744452247,0.023651152380926056,-0.02403185943093082,-0.05696333872193841,0.07592894745037394,-0.024021787876767738,-0.05695947037851914,-0.07592671739636596,2.7735257652138253e-05,-1.789275914799781e-05,1.0174674497731949e-05,-0.0003917220104766529,2.5032425547606746e-06,8.407723027931357e-06,0.0005663580048195958,0.00047863286751493884,-6.972858187460616e-08,1.2855166854254705e-06,4.2353243786262894e-06,1.6490454885755604e-09,4.26975219324155e-05,5.0531357413254935e-06,-3.161650097375688e-06,-2.010384455806374e-06,-5.055984904573678e-07,6.363010604415871e-05,-4.7085577492348836e-07,9.104101843014026e-07,9.99032017027535e-05,0.0014333126004399325,2.624365624872491e-06,3.731550573870804e-08,3.933996931458832e-05,-1.0694457270729107e-05,1.265415012655085e-05,-1.8586762807431075e-06,-1.6244834443881325e-06,3.054659945517666e-06,-2.315933643005324e-06,0.006905770920709181,0.0022405053902835306,-0.0015823645073342013,0.006197816831054328,-0.0037054181723506258,0.00019031728031348766,0.6459393949453466,-5.4988844762825815e-05,0.27130439059889616,nan,nan,nan,nan,nan,nan
978,4.894999999999918,Standing,0.888554753274151,0.4464588734463807,1.571547020924297,-2.092330614016346,0.0043098450557167295,-0.4117823212624061,-1.4871809048022777,0.9580264183862655,0.023182697528560992,0.02582942956923959,0.01672515197518273,0.027779469278097074,-0.350962391463008,0.011582863472629545,-0.02193846255394967,-0.39540290559069424,-0.024111998230612185,-2.0975971381599248,0.004488496648559416,-0.4079912710704317,-1.235629191922752,-0.6753365001677475,0.032174976745092745,0.02535188325415057,0.020176846768233964,0.028797177826337166,-0.32937130642602674,-0.014096230887848612,-0.023625784589302642,-0.39517441297309736,0.023651141360981343,-0.02400019125174315,-0.05696020295386391,0.07592324206546368,-0.023992439996087092,-0.05697480809809536,-0.07592533181962263,1.78695084526167e-05,-1.2477085047285484e-05,4.0780612235264534e-06,-0.00020722945504550927,1.1515415004291523e-06,4.76704302277316e-06,0.00029527516004065473,0.00022472720493681945,1.3425789990700097e-05,-8.451804347727602e-07,3.6951729787079936e-06,1.1345062984710058e-07,2.4494574242900582e-05,2.8922282586732424e-06,-1.4743746231877057e-06,-1.1438511700745934e-06,-2.893261598386637e-07,5.7414947483639204e-05,2.6096130753348565e-07,-2.0499459604419516e-06,7.044624219858212e-05,0.0008932954050560057,9.659008370944352e-07,5.110703868087039e-07,8.496280235938431e-05,-2.3633853074712977e-05,9.243794183253987e-06,-2.461090493902402e-06,-1.3969794602753793e-06,2.8942850249595116e-06,-2.203988942552712e-06,0.006333635837534025,0.0006271536148991421,-0.0011410769820525877,0.0058695761361291674,-0.003067543915244472,0.0002771153486641002,0.6459394731289868,-5.4988627430554875e-05,0.27130429635904585,nan,nan,nan,nan,nan,nan
979,4.899999999999918,Standing,0.8885547425019347,0.4464588770005154,1.5715470098286621,-2.092329615351668,0.004309838026815613,-0.41178234375449124,-1.4871824127794961,0.9580250096151629,0.02318276498849492,0.025829418172061525,0.01672514988754785,0.027779469374164648,-0.3509624975974662,0.011582850876563265,-0.021938453565524662,-0.395402900473974,-0.02411199697031589,-2.0975977469648175,0.0044885014489245735,-0.4079912667388416,-1.2356272749021688,-0.6753353721250422,0.03217498750694618,0.025351889479069984,0.02017741490268904,0.028797022416698227,-0.32937114275655427,-0.014096260317539532,-0.023625798243594738,-0.39517440888269945,0.023651134733234786,-0.023974251929028047,-0.056977569276712624,0.07592286585559314,-0.023963071553711874,-0.05696732237112025,-0.07591901598391779,-2.1544432641623816e-06,7.108269430437349e-07,-2.219126965609553e-06,0.00019973293551488658,-1.4057802232762607e-06,-4.498417025898545e-06,-0.00030159544370012584,-0.0002817542205179744,1.349198678509176e-05,-2.279435613145916e-06,-4.1752697589965184e-07,1.9213514578277824e-08,-2.1226891640608908e-05,-2.5192132561356707e-06,1.7976850014278663e-06,1.0233440528664107e-06,2.520592587636612e-07,-0.00012176097850033973,9.6007303141139e-07,8.663180200987342e-07,0.0003834041166251186,0.00022560854104418122,2.1523706876552494e-06,1.2449838823540751e-06,0.0001136268910147942,-3.108192778783655e-05,3.273389449944274e-05,-5.885938183963355e-06,-2.730858419060001e-06,8.180795782790682e-07,-1.3255493111468875e-06,0.00518786454302057,-0.0034732645697418112,-7.524197410748628e-05,0.005873688475043752,0.0014971453950216656,0.001263167140968691,0.6459395341533727,-5.49884897357024e-05,0.27130422567730056,nan,nan,nan,nan,nan,nan
980,4.904999999999918,Standing,0.888554819150753,0.44645881959861666,1.5715470286217625,-2.0923302878847214,0.0043098416399959165,-0.41178233405085113,-1.4871816461406968,0.9580256468658533,0.023182847623122792,0.02582940941527211,0.016725163173913978,0.027779469603682095,-0.35096243747350314,0.01158285797520442,-0.02193845760796585,-0.3954029031345838,-0.024111997679414195,-2.097597729801325,0.004488503145498184,-0.4079912830400933,-1.2356268341351442,-0.6753372016970713,0.032174988575282434,0.02535189405507569,0.02017801466103268,0.028796855875278065,-0.32937109077726123,-0.014096277852223709,-0.023625801193100954,-0.39517440669362264,0.02365113077182102,-0.023949229764332225,-0.05697777777198052,0.0759189268576493,-0.023939007040265647,-0.05697463038810688,-0.07591675462328307,1.532976364814586e-05,-1.1480379744164303e-05,3.7586201035951623e-06,-0.00013450661064667011,7.226360607086871e-07,1.940728019969287e-06,0.0001533277598447903,0.00012745013808296133,1.652692557459234e-05,-1.7513578827047655e-06,2.6572732255788777e-06,4.5903489285526645e-08,1.202479261515833e-05,1.4197282306664454e-06,-8.084882376760267e-07,-5.321219725268971e-07,-1.4181966080672495e-07,3.4326984763976957e-06,3.3931472211913414e-07,-3.2602503337149217e-06,8.815340491043124e-05,-0.00036591440582701073,2.1366725022415812e-07,9.152011415694932e-07,0.00011995166872837196,-3.330828403235637e-05,1.0395858610845811e-05,-3.506936835305312e-06,-5.899012434113395e-07,4.378153585342214e-07,-7.922827533332845e-07,0.005004432939164608,-4.169905357928128e-05,-0.0007877995887685562,0.004812902689245227,-0.0014616033973250072,0.00045227212694488937,0.645939536533397,-5.498865316280323e-05,0.27130420429178437,nan,nan,nan,nan,nan,nan
981,4.9099999999999175,Standing,0.8885549169109829,0.4464587514538859,1.571547042375245,-2.092331063877998,0.004309845191766333,-0.4117823226911724,-1.4871807956420917,0.9580262495267339,0.023182959073719134,0.02582939745631959,0.016725178174948594,0.02777947018856314,-0.35096236798964187,0.011582866182313663,-0.021938461921016315,-0.3954029062636408,-0.024111998499029525,-2.097597707061077,0.004488502545191326,-0.40799129023496117,-1.2356263297119507,-0.6753412705115912,0.0321749896363411,0.02535189827191836,0.020178384822590194,0.02879675534887581,-0.3293710379377903,-0.014096291190296244,-0.023625801678780967,-0.3951744124677657,0.023651131475967622,-0.02392698569653838,-0.0569765036055027,0.07591512256089866,-0.023918102755141488,-0.05698282679240548,-0.07591517367057087,1.9552045979642974e-05,-1.3628946147450455e-05,2.75069648868496e-06,-0.00015519865539108748,7.103540833010437e-07,2.271935754771516e-06,0.00017009972103833578,0.00012053217610540758,2.2290119268486558e-05,-2.391790503540329e-06,3.0002069228291114e-06,1.1697620943393992e-07,1.389677225049557e-05,1.6414218489583017e-06,-8.626100933544057e-07,-6.258113911680549e-07,-1.6392306590703308e-07,4.548049617015303e-06,-1.2006137163318844e-07,-1.4389735757839727e-06,0.00010088463867302274,-0.0008137629039672861,2.1221173318762394e-07,8.433685337140656e-07,7.403231150268348e-05,-2.0105280450597917e-05,1.0567894184826187e-05,-2.6676145069036194e-06,-9.713600290850142e-08,-1.1548286153028546e-06,1.408293203673954e-07,0.004448813558768584,0.0002548332955647062,-0.0007608593501268598,0.004180857024831773,-0.0016392808597211566,0.0003161905424408232,0.6459395859771225,-5.4988594229548755e-05,0.2713041515921404,nan,nan,nan,nan,nan,nan
982,4.914999999999917,Standing,0.8885549487114722,0.4464587343229801,1.5715470278690737,-2.0923304645340495,0.004309840167546091,-0.41178234162744093,-1.4871819286042902,0.9580251199378254,0.023183058167113572,0.025829382346427912,0.016725177115435697,0.027779470474150404,-0.350962450491365,0.011582856405289067,-0.02193845537823131,-0.39540290224486047,-0.024111997519731095,-2.0975982709411225,0.004488500984859093,-0.4079912653103515,-1.2356243272816654,-0.6753465679557518,0.03217500325161346,0.02535190308520871,0.020178490423170065,0.028796733695727657,-0.3293708714493764,-0.014096312614336639,-0.023625807753092483,-0.3951744302482459,0.023651137473302844,-0.023909475021517086,-0.05698863906781637,0.07591495044858101,-0.023898172400597367,-0.056976647199922244,-0.07591065825950273,6.360097870584982e-06,-3.4261811569296324e-06,-2.901234222443773e-06,0.00011986878977711033,-1.0048440484180931e-06,-3.787253712726711e-06,-0.00022659243972157045,-0.00022591778169693826,1.9818678887326007e-05,-3.0219783357281416e-06,-2.119025798560176e-07,5.711745275000275e-08,-1.6500344627055247e-05,-1.9554049193888352e-06,1.3085570009738255e-06,8.037560636886545e-07,1.958596858208565e-07,-0.000112776009029971,-3.120664466267262e-07,4.984921930852209e-06,0.0004004860570853088,-0.0010594888321175497,2.7230544726074648e-06,9.626580696498093e-07,2.1120115974427694e-05,-4.330629630384039e-06,3.3297682787955254e-05,-4.28480807892171e-06,-1.2148623031791582e-06,-3.55609604180852e-06,1.1994670442099032e-06,0.003502135004258539,-0.002427092462734642,-3.442246352887337e-05,0.003986070908824471,0.0012359184966477268,0.0009030822136274693,0.6459396500719005,-5.4988519051221454e-05,0.27130409404667954,nan,nan,nan,nan,nan,nan
983,4.919999999999917,Standing,0.8885550879598221,0.44645864882443786,1.5715470396023752,-2.0923322344914905,0.004309850253856836,-0.41178230909454455,-1.4871796599677316,0.9580269161789103,0.023183169577314502,0.02582937346642201,0.01672520114948386,0.027779471388889383,-0.3509622757026326,0.011582877091326183,-0.02193846768720368,-0.39540291035640646,-0.024111999586990205,-2.0975976353111494,0.004488493000211745,-0.40799125364056643,-1.2356242037477492,-0.6753523791921193,0.032175008435744945,0.025351903996602407,0.02017829337981687,0.0287967955043443,-0.32937084683287154,-0.01409631129632412,-0.02362580212551559,-0.3951744457926004,0.02365114401986001,-0.02389187704176219,-0.05697539833137702,0.07590930103434611,-0.023885661811364298,-0.056998307197170056,-0.07591332823854546,2.7849669978000423e-05,-1.7099708453789126e-05,2.346660289545311e-06,-0.0003539914882080736,2.0172621490634e-06,6.506579278328167e-06,0.0004537273117119244,0.00035924821698866656,2.2282040185811426e-05,-1.7760011802904176e-06,4.806809633125453e-06,1.8294779598032576e-07,3.495774647706199e-05,4.1372074232597565e-06,-2.4617944737630306e-06,-1.6223091960870924e-06,-4.134518218928251e-07,0.0001271259946409139,-1.5969294694893866e-06,2.333957018750639e-06,2.470678325657439e-05,-0.0011622472735062297,1.0368262974908458e-06,1.8227873906848885e-07,-3.940867063905564e-05,1.236172332800118e-05,4.923300966451434e-06,2.6360250384588583e-07,1.1255153784954903e-06,-3.108870905159913e-06,1.3093114325446196e-06,0.003519595950979159,0.0026481472878709597,-0.0011298828469823426,0.0025021178466139195,-0.004331999449562959,-0.0005339958085470684,0.6459396755786742,-5.498863682147081e-05,0.2713040684338276,nan,nan,nan,nan,nan,nan
984,4.924999999999917,Standing,0.8885551170980642,0.4464586479995871,1.571547012472624,-2.092329438881928,0.004309829767521291,-0.41178238003835826,-1.4871841631418206,0.9580225310731881,0.02318324544062409,0.025829353290846575,0.01672517068868443,0.027779471199730486,-0.35096261712884785,0.01158283667929239,-0.02193844291006366,-0.39540289415840274,-0.024111995543720923,-2.0976003089310105,0.004488490799749316,-0.40799114821895704,-1.235618214620083,-0.6753529460925212,0.032175066035977785,0.02535190680067109,0.020178061440539553,0.028796878394124006,-0.3293703760083955,-0.014096361086253928,-0.023625827344528935,-0.395174484716753,0.02365115724053109,-0.023885138843192922,-0.05701239286061763,0.07591620535587178,-0.023869642284431176,-0.05694876951787586,-0.07590007520378769,5.827648441458688e-06,-1.6497015312505483e-07,-5.425950219569007e-06,0.000559121912521194,-4.097267109154736e-06,-1.4188762747666287e-05,-0.000900634817781651,-0.0008770211444345832,1.5172661917762316e-05,-4.035115086944746e-06,-6.092159886550097e-06,-3.783177957591314e-08,-6.828524304593845e-05,-8.082406758364307e-06,4.955428004076884e-06,3.2396007477284904e-06,8.086538562104678e-07,-0.0005347239721993914,-4.4009248583099436e-07,2.1084321877500087e-05,0.001197825533237065,-0.00011338008036441364,1.1520046568239885e-05,5.608137366001917e-07,-4.638785546301882e-05,1.6577955941144694e-05,9.416489520315953e-05,-9.95798596135997e-06,-5.043802669621208e-06,-7.784830510887904e-06,2.644134216305397e-06,0.0013476397138536484,-0.0073989058481217125,0.0013808643051342973,0.003203905386624334,0.009907535858840065,0.0026506069515549228,0.6459397624881352,-5.4988386096529533e-05,0.27130399682382955,nan,nan,nan,nan,nan,nan
985,4.929999999999917,Standing,0.8885552442366842,0.44645854418117087,1.5715470175969524,-2.092337898135052,0.004309887873439129,-0.411782188590617,-1.4871716630341334,0.9580339946059403,0.023183406690403426,0.02582936201421981,0.01672527572673806,0.02777947390478219,-0.35096165956519726,0.011582949937294534,-0.021938510505856032,-0.39540293868754706,-0.024112006869005578,-2.0975927687358924,0.00448847465748211,-0.40799129607784196,-1.2356307302557692,-0.67534910614553,0.03217500461247006,0.025351884143567316,0.020177818143604753,0.028796928038605483,-0.32937132515376893,-0.014096244665357048,-0.023625754362417387,-0.3951744508926355,0.023651149175891,-0.02388016858923664,-0.056911692653266684,0.07589370792611627,-0.023926555692047366,-0.05709520741869706,-0.07594079100686654,2.542772399108211e-05,-2.0763683254703738e-05,1.0248656570542393e-06,-0.001691850624873154,1.1621183567755898e-05,3.828954824962452e-05,0.0025000215374252617,0.002292706550441154,3.2249955866869884e-05,1.7446746472190745e-06,2.1007610725954662e-05,5.410103404649768e-07,0.00019151273011479804,2.2651600428791905e-05,-1.3519158474886555e-05,-8.905828865108082e-06,-2.2650569308788386e-06,0.0015080390236380686,-3.228453441144923e-06,-2.9571776982391334e-05,-0.0025031271372337825,0.0007679893982370136,-1.2284701545213294e-05,-4.531420754741166e-06,-4.8659386959777375e-05,9.928896295685885e-06,-0.00018982907467725616,2.3284179375927976e-05,1.459642231003058e-05,6.7648235015233355e-06,-1.6129280181827423e-06,0.0009940507912564994,0.020140041470188212,-0.004499485951100847,-0.01138268152323791,-0.029287580164239636,-0.008143160615770193,0.6459397880584091,-5.498895184959911e-05,0.27130396660709255,nan,nan,nan,nan,nan,nan
986,4.934999999999917,Standing,0.8885539171178579,0.4464594587534651,1.5715466572299264,-2.0923162398295787,0.0043097558045038595,-0.4117826567681408,-1.487202311018433,0.9580082343235768,0.023183321446255737,0.025829300249268747,0.016725037394777098,0.027779468195155737,-0.3509639960862634,0.011582673192292805,-0.02193834133971361,-0.39540282719912356,-0.024111979189689863,-2.0976004084451665,0.0044885041493972575,-0.4079910463231017,-1.2356136867778913,-0.6753414558808385,0.03217512866473717,0.02535189975692104,0.02017775400686736,0.02879698100531388,-0.32937003856448466,-0.01409639294544863,-0.02362584494008141,-0.39517451366243034,0.02365116644547009,-0.023999986152701717,-0.05710209853334407,0.07595379029748045,-0.02403352608872245,-0.05686343224973076,-0.0759078607505137,-0.00026542376526503194,0.0001829144588485906,-7.207340520613977e-05,0.004331661094696762,-2.641378705395501e-05,-9.363550476361042e-05,-0.006129596859914144,-0.005152056472695538,-1.7048829537732007e-05,-1.2352990212646003e-05,-4.766639219236644e-05,-1.141925290683209e-06,-0.00046730421322226947,-5.534900034591567e-05,3.3833228484387185e-05,2.229768470297808e-05,5.535863142750372e-06,-0.0015279418548154395,5.898383029602324e-06,4.995094806052333e-05,0.0034086955755939655,0.0015300529383086088,2.4810453422628716e-05,3.1226707450449095e-06,-1.2827347478617214e-05,1.0593341679832612e-05,0.0002573178568559599,-2.9656018316437958e-05,-1.8115532804080544e-05,-1.2553958967905915e-05,3.453915817655513e-06,-0.023963512693015714,-0.038081176015476885,0.012016474272836862,-0.02139407933501686,0.04635503379325986,0.006586051270568558,0.6459398841943772,-5.4987146927132665e-05,0.2713039130593102,nan,nan,nan,nan,nan,nan
987,4.939999999999917,Standing,0.8885550147623266,0.44645875589805395,1.5715470969013634,-2.0923298689626306,0.004309836804609542,-0.4117824001755561,-1.4871841055082882,0.9580234996212388,0.023183230787051593,0.025829347430633583,0.016725131878330628,0.02777946775308534,-0.3509626811757351,0.011582828943953679,-0.02193844771482813,-0.39540288851315586,-0.024111994770333357,-2.0976007665725325,0.00448848163155667,-0.4079910577373634,-1.2356142990839416,-0.6753433440230662,0.03217513865334286,0.025351900606793577,0.02017793113309491,0.028796938443278648,-0.32937003491304734,-0.014096396680612177,-0.023625845541132912,-0.39517450532875154,0.023651158618678378,-0.02410193897111977,-0.056956538465441624,0.07593863102950538,-0.024125976082545728,-0.05687869657366993,-0.07592593225263232,0.00021952889373971866,-0.00014057108223360036,8.793428742322055e-05,-0.002725826610390342,1.6200021136578887e-05,5.131851693467642e-05,0.003641102028936836,0.003053059532377226,-1.8131840829090327e-05,9.436272967200637e-06,1.8896710705870237e-05,-8.841407972767119e-08,0.00026298210566092883,3.1150332174944816e-05,-2.127502290376321e-05,-1.2262806461516286e-05,-3.1161286991471243e-06,-7.162547316226075e-05,-4.5035681175594244e-06,-2.2828523413871157e-06,-0.00012246121005499372,-0.00037762844552807176,1.997721136917994e-06,1.6997450704658938e-07,3.542524550997312e-05,-8.512407046598199e-06,7.302874594510467e-07,-7.47032709168478e-07,-1.2021030086589957e-07,1.666735756597199e-06,-1.5653583421462133e-06,-0.020390563683610884,0.029112013580488753,-0.00303185359501581,-0.018489998764655555,-0.0030528647878340434,-0.003614300423722695,0.6459390946436911,-5.498990401054237e-05,0.27130449916489496,nan,nan,nan,nan,nan,nan
988,4.944999999999917,Standing,0.888555324468504,0.44645854049341155,1.5715471392877984,-2.092336372569899,0.004309875560900826,-0.4117822541777695,-1.487174924440794,0.9580310773225633,0.02318345946258433,0.025829341666373344,0.01672519789095561,0.027779470527819847,-0.35096195508375483,0.011582914855230653,-0.021938496032186932,-0.3954029233081762,-0.024112003365324028,-2.097596565699667,0.004488472424696182,-0.4079911578031576,-1.235621975180417,-0.675337981264882,0.03217510695607362,0.02535188620945254,0.020178083908084805,0.028796886022223883,-0.32937061000896817,-0.014096332160776324,-0.023625804545558116,-0.39517447746544015,0.023651147285006856,-0.024141004030817915,-0.056874039448531595,0.07592705575992424,-0.0241760964649755,-0.056965669559316,-0.0759527226853003,6.194123548966318e-05,-4.3080928482090705e-05,8.477287010005315e-06,-0.0013007214536171995,7.751258256742019e-06,2.919955733301381e-05,0.001836213498848228,0.0015155402648969433,4.5735106546767355e-05,-1.1528520481649725e-06,1.3202524996493095e-05,5.549469018031047e-07,0.0001452183960546025,1.718225539502187e-05,-9.663471760356205e-06,-6.959004075874962e-06,-1.7189981340179859e-06,0.0008401745731300573,-1.8413720974279496e-06,-2.0013158845454646e-05,-0.0015352192950829414,0.0010725516368352182,-6.33945384740394e-06,-2.8794682077189206e-06,3.05549979792597e-05,-1.048421095318766e-05,-0.00011501918416890233,1.2903967170508346e-05,8.199114959367952e-06,5.572662274186826e-06,-2.266734304420518e-06,-0.007813011939629041,0.016499803382006184,-0.002315053916225665,-0.010024076485954703,-0.017394597129214054,-0.005358086533595821,0.6459396609854847,-5.498885889024957e-05,0.2713039956873378,nan,nan,nan,nan,nan,nan
989,4.949999999999917,Standing,0.888554671852861,0.44645896415981745,1.5715469092418302,-2.092330501134726,0.004309843175729737,-0.411782347442932,-1.4871821990529503,0.9580251747089041,0.023183299809824427,0.02582934899516585,0.016725154796208563,0.027779470891977107,-0.35096247436625577,0.011582853380048984,-0.021938452847693513,-0.3954028996754353,-0.024111997216648844,-2.0975944875910515,0.0044884852031488055,-0.40799120346586565,-1.2356243955948762,-0.6753339452952214,0.03217508768704885,0.025351882904393733,0.02017834356634417,0.028796809504646356,-0.3293708168076011,-0.01409631345547176,-0.023625794432450418,-0.3951744637236028,0.023651140707904476,-0.024162241472093532,-0.056914871381589544,0.07593922707070504,-0.024179045423425204,-0.05698251758362111,-0.0759568299559215,-0.00013052312861166096,8.473328117893532e-05,-4.6009193652070155e-05,0.0011742870345833837,-6.477034217826314e-06,-1.8653032509804045e-05,-0.0014549224312902015,-0.0011805227318268834,-3.1930551980219095e-05,1.4657585012862278e-06,-8.618949409070447e-06,7.283145196440548e-08,-0.00010385650019428024,-1.2295036333931184e-05,8.636898683646058e-06,4.726548180828174e-06,1.2297350366677352e-06,0.0004156217230495374,2.555690524672068e-06,-9.132541611841688e-06,-0.0004840828918464923,0.0008071939321117104,-3.8538049525263476e-06,-6.610117615342405e-07,5.19316518730187e-05,-1.530351550537967e-05,-4.1359726592226146e-05,3.7410609126652827e-06,2.022621539529047e-06,2.748367471032315e-06,-1.3154204761769972e-06,-0.004247488255123318,-0.008166386611590012,0.002434262156159623,-0.0005897916899410428,-0.0033696048610225883,-0.0008214541242379985,0.6459398855365938,-5.4987739550743616e-05,0.271303845491546,nan,nan,nan,nan,nan,nan
990,4.954999999999917,Standing,0.8885541377534686,0.4464593238263433,1.571546821322936,-2.0923244699904173,0.004309809740768716,-0.4117824635994534,-1.4871900079770495,0.9580189717510845,0.023182964156309143,0.025829373126188458,0.016725089802956738,0.02777946861201355,-0.3509630826236561,0.011582781502728802,-0.02193841098127099,-0.3954028717196926,-0.024111990027834228,-2.097595766006828,0.004488498052177343,-0.4079911840586299,-1.235621368967194,-0.6753344553676316,0.03217509451360655,0.025351890663151872,0.02017869252237778,0.02879671731553093,-0.32937060111639316,-0.014096346424093499,-0.023625815565592775,-0.3951744675384404,0.023651139744483924,-0.024159058816247126,-0.05697295469493468,0.075951240389272,-0.024155115907837595,-0.0569416119824817,-0.07594416795732514,-0.000106819878475473,7.193330516394033e-05,-1.7583778845834012e-05,0.001206228861772771,-6.686992204189788e-06,-2.32313042790892e-05,-0.0015617848198319051,-0.0012405915639237771,-6.71307030571206e-05,4.8262045215687795e-06,-1.2998650365269716e-05,-4.5599271146550547e-07,-0.00012165148007099505,-1.4375464036609218e-05,8.37328450475662e-06,5.5911485388445e-06,1.4377629231574644e-06,-0.00025568315529582675,2.5698057074111646e-06,3.8814471484000165e-06,0.000605325536452553,-0.00010201448202885129,1.3653115389164172e-06,1.5517516281915107e-06,6.979120672229837e-05,-1.843782308516765e-05,4.313824159029922e-05,-6.593724347650253e-06,-4.22662847175566e-06,-7.629675142539534e-07,-1.9268411043650237e-07,0.0006365311692810181,-0.011616662669026561,0.002402663713394826,0.004785903117521853,0.00818112022788148,0.002532399719271869,0.6459395384412291,-5.498802830276616e-05,0.27130414187473717,nan,nan,nan,nan,nan,nan
991,4.9599999999999165,Standing,0.888554242136868,0.44645927162422744,1.5715469469794066,-2.092325394043007,0.004309815747805878,-0.41178244643386364,-1.4871885526616493,0.9580202106230713,0.02318270045132239,0.02582940784653648,0.016725080639943494,0.027779466941510914,-0.350963002823396,0.011582791093397111,-0.021938421941893313,-0.3954028760336111,-0.024111990989253818,-2.097597529650893,0.0044884964512183255,-0.40799115482458065,-1.2356181825594554,-0.6753406950784241,0.032175103120411434,0.02535190086959093,0.02017879265742722,0.02879669857489779,-0.3293703493759372,-0.014096378577330038,-0.023625836018521966,-0.3951744761352556,0.02365114113434173,-0.024134710321805513,-0.05697442697710681,0.0759476855682619,-0.024121168924467664,-0.05691803549441924,-0.07593365768737008,2.0876679883432696e-05,-1.0440423165596207e-05,2.5131294106005917e-05,-0.00018481051791478776,1.2014074324353164e-06,3.4331179543855058e-06,0.00029106308004604557,0.00024777439734430815,-5.2740997350581096e-05,6.944069604310215e-06,-1.8326026486716585e-06,-3.3410052706344395e-07,1.596005202386932e-05,1.918133661940654e-06,-2.1921244643836885e-06,-8.627837023197397e-07,-1.922839181835539e-07,-0.0003527288130282282,-3.2019180343919583e-07,5.8468098456526005e-06,0.0006372815477035324,-0.0012479421584957887,1.7213609780013373e-06,2.0412878116591464e-06,2.0027009888109676e-05,-3.7481266275847897e-06,5.0348091196856524e-05,-6.430647307866703e-06,-4.090585837996924e-06,-1.719363041982511e-06,2.7797156103593785e-07,0.00486969888832233,-0.00029445643442594684,-0.0007109642020230221,0.00678939667398623,0.004715297612491993,0.0021020539910130815,0.6459391905311801,-5.498877958876826e-05,0.27130439457275163,nan,nan,nan,nan,nan,nan
992,4.964999999999916,Standing,0.8885545467770055,0.44645907645239874,1.571547070021154,-2.0923293580988287,0.004309839383024356,-0.4117823579921327,-1.4871828112907046,0.9580248501720149,0.023182597461130963,0.025829434210609986,0.01672511215135854,0.02777946719006068,-0.3509625712217888,0.011582842223365142,-0.021938454346406865,-0.39540289675137114,-0.02411199610602654,-2.097597400940379,0.004488488555681488,-0.40799116220300835,-1.2356187011203588,-0.6753457580816998,0.032175100083855476,0.025351901909342386,0.02017879368330207,0.028796701165105493,-0.3293703760954386,-0.014096375912836051,-0.02362583181135381,-0.39517448043749465,0.0236511435221319,-0.024100063403319254,-0.056945021871066544,0.07593584032670685,-0.0240898582287032,-0.056939902057640004,-0.07593337832943896,6.092802750156114e-05,-3.903436574418492e-05,2.4608349507557738e-05,-0.0007928111643569418,4.7270436957053595e-06,1.7688346190736157e-05,0.0011482741889451136,0.0009279097887075981,-2.0598038285769915e-05,5.272814701567691e-06,6.302283009649563e-06,4.9709953824182726e-08,8.632032143649248e-05,1.0225993606041112e-05,-6.4809027100086465e-06,-4.143552010684557e-06,-1.0233545443446707e-06,2.5742102735731582e-05,-1.57910736741486e-06,-1.4756855428882017e-06,-0.00010371218064864811,-0.0010126006551542334,-6.07311191003182e-07,2.079502907642766e-07,2.051749703759452e-07,5.180415403728871e-07,-5.343900289765229e-06,5.328987974595876e-07,8.414336311438116e-07,-8.604478111702234e-07,4.775580341295177e-07,0.006929383697251526,0.005881021208052367,-0.002369048311009414,0.006262139152892801,-0.004373312644152784,5.587158622356349e-05,0.6459391923006267,-5.498896897636509e-05,0.27130435509476575,nan,nan,nan,nan,nan,nan
993,4.969999999999916,Standing,0.8885545389583988,0.4464590777191867,1.571547051855915,-2.0923300088968375,0.0043098441634197475,-0.4117823306276844,-1.4871814620206005,0.9580259534523655,0.02318257413140847,0.025829442126846677,0.016725125599891904,0.027779467767791718,-0.3509624513023538,0.011582856377518592,-0.02193846042038156,-0.39540290261916017,-0.024111997523502397,-2.0975963877627706,0.0044884857756068335,-0.4079911788175614,-1.235620269637279,-0.6753486723249221,0.03217509375720435,0.025351898832335292,0.0201787589597121,0.028796710651175672,-0.32937049426581233,-0.01409636170418043,-0.023625819588188778,-0.395174485042626,0.02365114729935876,-0.024065906872600736,-0.05694271600515039,0.07592992134657303,-0.02405809338430335,-0.056967630852866706,-0.07593428273340098,-1.5637213530595183e-06,2.5335759585466005e-07,-3.6330478325306412e-06,-0.0001301596017278798,9.56079078251818e-07,5.472889661014522e-06,0.0002698540208354702,0.00022065607013065092,-4.665944499011466e-06,1.583247337749697e-06,2.689706672498136e-06,1.1554620756609183e-07,2.398388699498536e-05,2.8308306900359864e-06,-1.2147949386082805e-06,-1.1735578088366842e-06,-2.834951720472266e-07,0.00020263552171844224,-5.560149308856104e-07,-3.322910608635364e-06,-0.00031370338403397566,-0.0005828486444565864,-1.2653302255670293e-06,-6.154014184305121e-07,-6.9447179946886865e-06,1.897214035798433e-06,-2.3634074745196605e-05,2.841731124250848e-06,2.4446330063081124e-06,-9.210262704679374e-07,7.554453721985262e-07,0.006831306143703746,0.0004611731832307566,-0.0011837960267642262,0.006352968879970564,-0.005545759045339974,-0.00018088079240627603,0.6459393476468784,-5.4988613145924715e-05,0.27130421787508685,nan,nan,nan,nan,nan,nan
994,4.974999999999916,Standing,0.8885543700824845,0.44645917956918885,1.5715469957189272,-2.092327955094206,0.004309832532414275,-0.41178236625494047,-1.487184036038132,0.9580238887184966,0.023182554696645406,0.025829439725597824,0.016725112931445008,0.02777946742558851,-0.3509626360005971,0.011582834479057306,-0.0219384453099102,-0.39540289395250455,-0.024111995333986707,-2.09759658706743,0.0044884888447254976,-0.40799116441056155,-1.2356202177482518,-0.6753438841029171,0.032175108642311816,0.02535189211065637,0.02017878332572066,0.028796704163522306,-0.3293705009312475,-0.014096361496466503,-0.023625816270795727,-0.3951744946077692,0.023651152575415908,-0.024036063977209754,-0.056967939337066474,0.07593061491893256,-0.024023502365132836,-0.056965216067178054,-0.0759282226949047,-3.3775182848273944e-05,2.0370000431027003e-05,-1.1227397560446343e-05,0.0004107605263443991,-2.3262010944685255e-06,-7.125451214055249e-06,-0.0005148035063318956,-0.00041294677377069744,-3.886952612430329e-06,-4.802497708378041e-07,-2.5336893793553935e-06,-6.844064117089568e-08,-3.6939648647144026e-05,-4.3796922572540234e-06,3.022094271823201e-06,1.7333311239489339e-06,4.3790313822074083e-07,-3.986093186200912e-05,6.138237328877969e-07,2.8813999744657675e-06,1.0377805431088089e-05,0.0009576444009999345,2.9770214934565766e-06,-1.344335784169993e-06,4.873201712232512e-06,-1.2975306734544868e-06,-1.333087031726778e-06,4.154278527717081e-08,6.634786103850646e-07,-1.913028645860022e-06,1.0552114293479136e-06,0.005968579078196777,-0.005044666383216092,0.00013871447190485077,0.006918203834102384,0.00048295713772981193,0.0012120076992551514,0.6459393499772647,-5.4988420220163675e-05,0.271304220311662,nan,nan,nan,nan,nan,nan
995,4.979999999999916,Standing,0.8885544399367934,0.4464591249887873,1.5715470261230178,-2.09232813262683,0.004309832892647852,-0.41178236518129296,-1.4871838400575625,0.9580240364302154,0.0231825725035493,0.025829437843912388,0.01672511827963721,0.027779467149639966,-0.35096262177816895,0.01158283616015256,-0.021938446606317198,-0.39540289456954336,-0.02411199550242177,-2.0975974374669666,0.004488490537808039,-0.40799115526983537,-1.235619697558713,-0.6753403158789526,0.032175118266088015,0.02535188990353838,0.020178872019528723,0.028796680623058974,-0.32937046625849353,-0.0140963676577752,-0.023625819626428405,-0.3951744966537121,0.02365115313182891,-0.024005712039344068,-0.056975828707971805,0.07592748541421199,-0.02399059561823853,-0.0569581486521756,-0.07592144029378035,1.3970861788961465e-05,-1.0916080305210908e-05,6.080818100039736e-06,-3.550652485094963e-05,7.204671521869042e-08,2.1472949579419142e-07,3.919611389795771e-05,2.954234375935602e-05,3.5613807794803534e-06,-3.763370870819975e-07,1.0696384399922467e-06,-5.518970877713341e-08,2.8444856259406126e-06,3.362190507392011e-07,-2.5928140012359193e-07,-1.234077660083155e-07,-3.368701256677478e-08,-0.00017007990732291353,3.386165082522927e-07,1.8281452337076708e-06,0.000104037907746216,0.0007136447929002711,1.924755240601975e-06,-4.4142359836319213e-07,1.7738761612118873e-05,-4.7080926665601e-06,6.934550785809129e-06,-1.23226173925589e-06,-6.711265355938883e-07,-4.091885804364245e-07,1.1128260049724665e-07,0.006070387573136861,-0.0015778741810659309,-0.0006259009441145151,0.006581349378861454,0.0014134830004911359,0.0013564802248712316,0.6459392555543925,-5.498862741421336e-05,0.2713042953884274,nan,nan,nan,nan,nan,nan
996,4.984999999999916,Standing,0.8885545876392946,0.44645901273085215,1.5715470622267935,-2.092329871919532,0.004309842755481091,-0.4117823312753997,-1.4871815148190228,0.9580260167914838,0.02318266176708054,0.025829432092336537,0.016725142520542677,0.027779467575863043,-0.3509624409152205,0.011582857547287977,-0.021938459173614273,-0.3954029029749931,-0.024111997641364007,-2.0975972331149437,0.004488491243549774,-0.40799118204123563,-1.2356213717760371,-0.6753371554171955,0.03217510942844,0.02535188664534384,0.020179008827742505,0.02879663897580052,-0.32937059793212786,-0.014096355492890874,-0.023625812846438554,-0.39517448601419125,0.023651149009390526,-0.023976074229835165,-0.056966427615307715,0.07592074849411738,-0.023964365432087045,-0.05697350457237578,-0.0759205654481126,2.954050023805217e-05,-2.2451587039092608e-05,7.22075516462232e-06,-0.00034785854035738594,1.972566647857882e-06,6.781178646535685e-06,0.0004650477079611139,0.0003960722536835598,1.7852706247990277e-05,-1.1503151703645638e-06,4.848181093100341e-06,8.524461584772661e-08,3.6172589688641645e-05,4.277427083431456e-06,-2.5134594152445926e-06,-1.6810899493659506e-06,-4.2778844712291933e-07,4.0870404583647814e-05,1.4114834692473104e-07,-5.354280048476611e-06,-0.00033484346481357937,0.0006320923514125578,-1.767529602691622e-06,-6.516389071217071e-07,2.7361642756084286e-05,-8.32945169084539e-06,-2.633472687111274e-05,2.4329768651066784e-06,1.355997970318325e-06,2.127904171938568e-06,-8.244876770340676e-07,0.005927561901780877,0.0018802185328175834,-0.0013473840189218923,0.005246037230296799,-0.0030711840400365585,0.00017496913355228628,0.6459392900233232,-5.4988724710648395e-05,0.27130426296074245,nan,nan,nan,nan,nan,nan
997,4.989999999999916,Standing,0.8885545674206773,0.4464590110677435,1.57154703712408,-2.092329359243293,0.004309839085672931,-0.41178234422791354,-1.4871823502110102,0.9580253918472957,0.023182765233830716,0.025829417512812654,0.016725145775055,0.02777946777932477,-0.35096249605465113,0.011582850985434935,-0.021938453846444453,-0.3954029002362576,-0.02411199698436141,-2.09759720789409,0.0044884961088928685,-0.407991207736041,-1.2356224654820656,-0.675335543371985,0.03217509721369487,0.025351886338024817,0.02017918179857047,0.028796587345233007,-0.32937068992610785,-0.01409634890417349,-0.02362581001613222,-0.3951744751240099,0.023651144705972932,-0.023952082636187328,-0.05697684301456215,0.07591918598263131,-0.023939669212524318,-0.0569779615187936,-0.07591757165353553,-4.043723472639732e-06,-3.3262172933689417e-07,-5.020542698501877e-06,0.00010253524771751128,-7.339616321195479e-07,-2.5905027703273296e-06,-0.00016707839747834752,-0.00012498883761514454,2.0693350034968956e-05,-2.9159047763855278e-06,6.509024643893493e-07,4.069234553361198e-08,-1.1027886120953111e-05,-1.3123706083712567e-06,1.0654339636540628e-06,5.477470896467794e-07,1.3140051987062213e-07,5.044170768906931e-06,9.730686189760637e-07,-5.138961068445223e-06,-0.00021874120568926082,0.0003224090421147318,-2.442949025901564e-06,-6.14638046560114e-08,3.4594165593204616e-05,-1.0326113502648461e-05,-1.8398796002220744e-05,1.317743476951759e-06,5.660612663658248e-07,2.178036276132454e-06,-8.606835187933125e-07,0.00479831872956706,-0.0020830798508865195,-0.0003125022972137277,0.004939243912545502,-0.0008913892835639681,0.0005987589154140634,0.6459393830848446,-5.4988545137470195e-05,0.27130419702854885,nan,nan,nan,nan,nan,nan
998,4.994999999999916,Standing,0.8885546543615069,0.4464589408817702,1.5715470493058041,-2.092329571260479,0.004309838748155448,-0.4117823466766225,-1.4871823661627186,0.958025320979435,0.02318286230374486,0.025829405184375983,0.016725153087348458,0.027779468055642676,-0.35096249472800445,0.01158285113250552,-0.021938453623711815,-0.3954029001627885,-0.024111996997996436,-2.0975977359401594,0.004488500222758724,-0.4079912295034816,-1.2356229612263163,-0.6753359743069823,0.0321750849577252,0.025351888270495664,0.020179390875187043,0.028796526006215142,-0.329370736201551,-0.014096348595956624,-0.023625810408881887,-0.39517446693124075,0.02365114172737419,-0.023930409974846297,-0.056982575315304956,0.07591697046166952,-0.023917026741295217,-0.05697481987692345,-0.07591327823162129,1.7388165933783742e-05,-1.4037194666607296e-05,2.4363448285282024e-06,-4.240343715700311e-05,-6.750349660841441e-08,-4.897417942232219e-07,-3.1903416589586404e-06,-1.4173572138750224e-05,1.9413982829033468e-05,-2.4656873338706017e-06,1.462458691507789e-06,5.5263580987905746e-08,2.6532933984813286e-07,2.941411687284908e-08,4.454652765799305e-08,1.4693829095976563e-08,-2.7270053453621334e-09,-0.00010560921391973731,8.22773171042031e-07,-4.353488124306911e-06,-9.914885014881198e-05,-8.618699946826578e-05,-2.451193934182497e-06,3.8649416962613935e-07,4.181532331460389e-05,-1.226780357290163e-05,-9.255088629777203e-06,6.164337318938076e-08,-7.854993339192092e-08,1.6385538239225622e-06,-5.957197486768419e-07,0.004334532268206233,-0.0011464601485618223,-0.00044310419235620474,0.004528494245820418,0.0006283283740286733,0.0008586843828482166,0.6459393862346531,-5.4988588533042345e-05,0.2713042104960384,nan,nan,nan,nan,nan,nan
999,4.999999999999916,Standing,0.8885547335418453,0.44645887250791716,1.5715470523354922,-2.0923305352444217,0.004309843864357825,-0.4117823319801122,-1.4871812715212667,0.9580263126129656,0.023182979453570843,0.025829392846479345,0.01672516876028568,0.02777946861094007,-0.3509624082916527,0.011582861348544008,-0.021938459345577428,-0.39540290408208933,-0.024111998018437674,-2.0975972856274154,0.004488503010746011,-0.40799127621240133,-1.235625258609375,-0.6753376649805547,0.03217505987469322,0.025351888054428274,0.02017959933668486,0.028796460601639234,-0.32937092120267586,-0.01409633220211094,-0.023625799740964543,-0.3951744548994579,0.02365113888470114,-0.023910394071179616,-0.05697803247770966,0.07591281337267466,-0.0239002644210578,-0.056989722856627574,-0.07591381211940415,1.5836067668929527e-05,-1.3674770608840155e-05,6.059376156178675e-07,-0.0001927967885627956,1.0232404754137652e-06,2.9393020612798564e-06,0.00021892829040689494,0.00019832670611039425,2.34299651965616e-05,-2.4675793275131905e-06,3.134587444575293e-06,1.1105947923444451e-07,1.728727034942334e-05,2.043207697330095e-06,-1.1443731227411792e-06,-7.838601683389747e-07,-2.0408824774670797e-07,9.00625488063656e-05,5.575974574558015e-07,-9.341783949120617e-06,-0.00045947661174416054,-0.0003381347144698295,-5.0166063960681915e-06,-4.321347763138221e-08,4.169229956321305e-05,-1.308091518137531e-05,-3.7000224974671615e-05,3.2787691365826e-06,2.133583468826218e-06,2.4063565714317726e-06,-5.685346093507402e-07,0.004003180733336593,0.0009085675190588557,-0.0008314177989714215,0.0033524640474830525,-0.002980595940823976,-0.00010677755657045982,0.6459394466382841,-5.498864121011626e-05,0.2713041789748466,nan,nan,nan,nan,nan,nan
